seasonType,eventId,teamId,homeAway,winner,formation,active,starter,jersey,athleteId,athleteDisplayName,position,formationPlace,subbedIn,subbedInForAthleteId,subbedInForAthleteJersey,subInAthleteId,subInClockValue,subInDisplayClock,subbedOut,subbedOutForAthleteId,subbedOutForAthleteJersey,subOutAthleteId,subOutClockValue,subOutDisplayClock,updateTime
13086,725802,2339,home,0,4-2-3-1,1,1,35,203266,Jacob Rinne,Goalkeeper,1,0,0,-1,,,,0,0,-1,,,,2025-03-30 04:53:40
13086,725802,2339,home,0,4-2-3-1,1,1,18,269457,Adam Stahl,Right Back,2,0,0,-1,,,,0,0,-1,,,,2025-03-30 04:53:40
13086,725802,2339,home,0,4-2-3-1,1,1,27,371596,Keita Kosugi,Left Back,3,0,0,-1,,,,0,0,-1,,,,2025-03-30 04:53:40
13086,725802,2339,home,0,4-2-3-1,1,1,13,334021,Daniel Stensson,Left Midfielder,4,0,0,-1,,,,0,0,-1,,,,2025-03-30 04:53:40
13086,725802,2339,home,0,4-2-3-1,1,1,4,237053,Jacob Larsson,Center Right Defender,5,0,0,-1,,,,1,289721,5,289721.0,4620.0,77',2025-03-30 04:53:40
13086,725802,2339,home,0,4-2-3-1,1,1,3,172855,Marcus Danielsson,Center Left Defender,6,0,0,-1,,,,0,0,-1,,,,2025-03-30 04:53:40
13086,725802,2339,home,0,4-2-3-1,1,1,22,378837,Patric Åslund,Attacking Midfielder Right,7,0,0,-1,,,,1,289519,23,289519.0,3780.0,63',2025-03-30 04:53:40
13086,725802,2339,home,0,4-2-3-1,1,1,6,136911,Rasmus Schüller,Right Midfielder,8,0,0,-1,,,,1,364226,20,364226.0,3780.0,63',2025-03-30 04:53:40
13086,725802,2339,home,0,4-2-3-1,1,1,10,164556,Tokmac Nguen,Forward,9,0,0,-1,,,,0,0,-1,,,,2025-03-30 04:53:40
13086,725802,2339,home,0,4-2-3-1,1,1,7,295863,Tobias Fjeld Gulliksen,Attacking Midfielder,10,0,0,-1,,,,1,275575,29,275575.0,5280.0,88',2025-03-30 04:53:40
13086,725802,2339,home,0,4-2-3-1,1,1,15,312383,Oskar Fallenius,Attacking Midfielder Left,11,0,0,-1,,,,1,372767,11,372767.0,4620.0,77',2025-03-30 04:53:40
13086,725802,2339,home,0,4-2-3-1,1,0,9,330460,August Priske,Substitute,0,0,0,-1,,,,0,0,-1,,,,2025-03-30 04:53:40
13086,725802,2339,home,0,4-2-3-1,1,0,5,289721,Miro Tenho,Substitute,0,1,237053,4,,,,0,0,-1,,,,2025-03-30 04:53:40
13086,725802,2339,home,0,4-2-3-1,1,0,12,357136,Theo Bergvall,Substitute,0,0,0,-1,,,,0,0,-1,,,,2025-03-30 04:53:40
13086,725802,2339,home,0,4-2-3-1,1,0,40,360151,Max Croon,Substitute,0,0,0,-1,,,,0,0,-1,,,,2025-03-30 04:53:40
13086,725802,2339,home,0,4-2-3-1,1,0,20,364226,Matias Siltanen,Substitute,0,1,136911,6,136911.0,3780.0,63',0,0,-1,,,,2025-03-30 04:53:40
13086,725802,2339,home,0,4-2-3-1,1,0,23,289519,Nino Zugelj,Substitute,0,1,378837,22,378837.0,3780.0,63',0,0,-1,,,,2025-03-30 04:53:40
13086,725802,2339,home,0,4-2-3-1,1,0,11,372767,Zakaria Sawo,Substitute,0,1,312383,15,312383.0,4620.0,77',0,0,-1,,,,2025-03-30 04:53:40
13086,725802,2339,home,0,4-2-3-1,1,0,29,275575,Santeri Haarala,Substitute,0,1,295863,7,,,,0,0,-1,,,,2025-03-30 04:53:40
13086,725802,2339,home,0,4-2-3-1,1,0,8,120652,Albin Ekdal,Substitute,0,0,0,-1,,,,0,0,-1,,,,2025-03-30 04:53:40
13086,725802,2720,away,1,4-2-3-1,1,1,1,198227,Ricardo Henrique Schuck Friedrich,Goalkeeper,1,0,0,-1,,,,0,0,-1,,,,2025-03-30 04:53:40
13086,725802,2720,away,1,4-2-3-1,1,1,17,193186,Jens Stryger Larsen,Right Back,2,0,0,-1,,,,0,0,-1,,,,2025-03-30 04:53:40
13086,725802,2720,away,1,4-2-3-1,1,1,25,301219,Busanello,Left Back,3,0,0,-1,,,,0,0,-1,,,,2025-04-17 04:53:19
13086,725802,2720,away,1,4-2-3-1,1,1,7,315679,Otto Rosengren,Left Midfielder,4,0,0,-1,,,,0,0,-1,,,,2025-03-30 04:53:40
13086,725802,2720,away,1,4-2-3-1,1,1,18,135579,Pontus Jansson,Center Right Defender,5,0,0,-1,,,,0,0,-1,,,,2025-03-30 04:53:40
13086,725802,2720,away,1,4-2-3-1,1,1,19,279135,Colin Rösler,Center Left Defender,6,0,0,-1,,,,0,0,-1,,,,2025-03-30 04:53:40
13086,725802,2720,away,1,4-2-3-1,1,1,8,255228,Arnór Sigurdsson,Attacking Midfielder Right,7,0,0,-1,,,,1,330239,38,330239.0,3660.0,61',2025-03-30 04:53:40
13086,725802,2720,away,1,4-2-3-1,1,1,23,286434,Lasser Berg Johnsen,Right Midfielder,8,0,0,-1,,,,0,0,-1,,,,2025-03-30 04:53:40
13086,725802,2720,away,1,4-2-3-1,1,1,9,166657,Isaac Kiese Thelin,Forward,9,0,0,-1,,,,1,239925,20,239925.0,3660.0,61',2025-03-30 04:53:40
13086,725802,2720,away,1,4-2-3-1,1,1,10,149538,Anders Christiansen,Attacking Midfielder,10,0,0,-1,,,,1,218450,29,218450.0,2700.0,45'+11',2025-03-30 04:53:40
13086,725802,2720,away,1,4-2-3-1,1,1,22,314164,Taha Abdi Ali,Attacking Midfielder Left,11,0,0,-1,,,,1,138055,16,138055.0,4920.0,82',2025-03-30 04:53:40
13086,725802,2720,away,1,4-2-3-1,1,0,38,330239,Hugo Bolin,Substitute,0,1,255228,8,255228.0,3660.0,61',0,0,-1,,,,2025-03-30 04:53:40
13086,725802,2720,away,1,4-2-3-1,1,0,2,9101,Johan Karlsson,Substitute,0,0,0,-1,,,,0,0,-1,,,,2025-03-30 04:53:40
13086,725802,2720,away,1,4-2-3-1,1,0,35,380679,Nils Zätterström,Substitute,0,0,0,-1,,,,0,0,-1,,,,2025-03-30 04:53:40
13086,725802,2720,away,1,4-2-3-1,1,0,13,75987,Martin Olsson,Substitute,0,0,0,-1,,,,0,0,-1,,,,2025-03-30 04:53:40
13086,725802,2720,away,1,4-2-3-1,1,0,33,307800,Melker Ellborg,Substitute,0,0,0,-1,,,,0,0,-1,,,,2025-03-30 04:53:40
13086,725802,2720,away,1,4-2-3-1,1,0,20,239925,Erik Botheim,Substitute,0,1,166657,9,166657.0,3660.0,61',0,0,-1,,,,2025-03-30 04:53:40
13086,725802,2720,away,1,4-2-3-1,1,0,29,218450,Sead Haksabanovic,Substitute,0,1,149538,10,149538.0,2700.0,45'+11',0,0,-1,,,,2025-03-30 04:53:40
13086,725802,2720,away,1,4-2-3-1,1,0,11,308880,Emmanuel Ekong,Substitute,0,0,0,-1,,,,0,0,-1,,,,2025-03-30 04:53:40
13086,725802,2720,away,1,4-2-3-1,1,0,16,138055,Oliver Berg,Substitute,0,1,314164,22,,,,0,0,-1,,,,2025-03-30 04:53:40
13086,725803,529,home,0,4-2-3-1,1,1,31,250169,Isak Pettersson,Goalkeeper,1,0,0,-1,,,,0,0,-1,,,,2025-03-31 04:50:43
13086,725803,529,home,0,4-2-3-1,1,1,6,286729,Rasmus Wikstrom,Right Back,2,0,0,-1,,,,0,0,-1,,,,2025-03-31 04:50:43
13086,725803,529,home,0,4-2-3-1,1,1,23,134644,Niklas Hult,Left Back,3,0,0,-1,,,,0,0,-1,,,,2025-03-31 04:50:43
13086,725803,529,home,0,4-2-3-1,1,1,10,245883,Simon Olsson,Left Midfielder,4,0,0,-1,,,,0,0,-1,,,,2025-03-31 04:50:43
13086,725803,529,home,0,4-2-3-1,1,1,8,194092,Sebastian Holmén,Center Right Defender,5,0,0,-1,,,,0,0,-1,,,,2025-03-31 04:50:43
13086,725803,529,home,0,4-2-3-1,1,1,2,380023,Terry Yegbe,Center Left Defender,6,0,0,-1,,,,0,0,-1,,,,2025-03-31 04:50:43
13086,725803,529,home,0,4-2-3-1,1,1,15,173040,Simon Hedlund,Attacking Midfielder Right,7,0,0,-1,,,,0,0,-1,,,,2025-03-31 04:50:43
13086,725803,529,home,0,4-2-3-1,1,1,18,305401,Júlíus Magnússon,Right Midfielder,8,0,0,-1,,,,0,0,-1,,,,2025-03-31 04:50:43
13086,725803,529,home,0,4-2-3-1,1,1,11,303614,Taylor Silverholt,Forward,9,0,0,-1,,,,1,304180,24,304180.0,4440.0,74',2025-03-31 04:50:43
13086,725803,529,home,0,4-2-3-1,1,1,27,334024,Besfort Zeneli,Attacking Midfielder,10,0,0,-1,,,,0,0,-1,,,,2025-03-31 04:50:43
13086,725803,529,home,0,4-2-3-1,1,1,20,362584,Gottfrid Rapp,Attacking Midfielder Left,11,0,0,-1,,,,1,342093,25,342093.0,4440.0,74',2025-03-31 04:50:43
13086,725803,529,home,0,4-2-3-1,1,0,26,380321,Ludvig Richtnér,Substitute,0,0,0,-1,,,,0,0,-1,,,,2025-03-31 04:50:43
13086,725803,529,home,0,4-2-3-1,1,0,28,389426,Frode Aronsson,Substitute,0,0,0,-1,,,,0,0,-1,,,,2025-03-31 04:50:43
13086,725803,529,home,0,4-2-3-1,1,0,16,402326,Altti Hellemaa,Substitute,0,0,0,-1,,,,0,0,-1,,,,2025-03-31 04:50:43
13086,725803,529,home,0,4-2-3-1,1,0,30,176191,Lucas Hagg Johansson,Substitute,0,0,0,-1,,,,0,0,-1,,,,2025-03-31 04:50:43
13086,725803,529,home,0,4-2-3-1,1,0,24,304180,Frederik Ihler,Substitute,0,1,303614,11,303614.0,4440.0,74',0,0,-1,,,,2025-03-31 04:50:43
13086,725803,529,home,0,4-2-3-1,1,0,19,240486,Rami Kaib,Substitute,0,0,0,-1,,,,0,0,-1,,,,2025-03-31 04:50:43
13086,725803,529,home,0,4-2-3-1,1,0,4,202682,Daniel Granli,Substitute,0,0,0,-1,,,,0,0,-1,,,,2025-03-31 04:50:43
13086,725803,529,home,0,4-2-3-1,1,0,13,146012,Johan Larsson,Substitute,0,0,0,-1,,,,0,0,-1,,,,2025-03-31 04:50:43
13086,725803,529,home,0,4-2-3-1,1,0,25,342093,Ari Sigurpálsson,Substitute,0,1,362584,20,362584.0,4440.0,74',0,0,-1,,,,2025-03-31 04:50:43
13086,725803,20301,away,0,3-4-2-1,1,1,1,301377,Noel Tornqvist,Goalkeeper,1,0,0,-1,,,,0,0,-1,,,,2025-04-17 04:53:19
13086,725803,20301,away,0,3-4-2-1,1,1,14,312876,Herman Johansson,Right Midfielder,2,0,0,-1,,,,1,357118,26,357118.0,3960.0,66',2025-04-17 04:53:19
13086,725803,20301,away,0,3-4-2-1,1,1,17,357145,Elliot Stroud,Left Midfielder,3,0,0,-1,,,,0,0,-1,,,,2025-04-17 04:53:19
13086,725803,20301,away,0,3-4-2-1,1,1,5,356281,Abdullah Iqbal,Center Left Defender,4,0,0,-1,,,,1,342493,33,342493.0,5160.0,86',2025-04-17 04:53:19
13086,725803,20301,away,0,3-4-2-1,1,1,13,259548,Jakob Kiilerich,Center Defender,5,0,0,-1,,,,0,0,-1,,,,2025-04-17 04:53:19
13086,725803,20301,away,0,3-4-2-1,1,1,4,306289,Axel Norén,Center Right Defender,6,0,0,-1,,,,0,0,-1,,,,2025-04-17 04:53:19
13086,725803,20301,away,0,3-4-2-1,1,1,22,192793,Jesper Gustavsson,Center Right Midfielder,7,0,0,-1,,,,0,0,-1,,,,2025-04-17 04:53:19
13086,725803,20301,away,0,3-4-2-1,1,1,10,249171,Nicklas Rojkjaer,Center Left Midfielder,8,0,0,-1,,,,0,0,-1,,,,2025-04-17 04:53:19
13086,725803,20301,away,0,3-4-2-1,1,1,18,293925,Jacob Bergstrom,Forward,9,0,0,-1,,,,1,301382,16,301382.0,3960.0,66',2025-04-17 04:53:19
13086,725803,20301,away,0,3-4-2-1,1,1,7,303651,Viktor Gustafson,Center Right Forward,10,0,0,-1,,,,1,356408,6,,,,2025-04-17 04:53:19
13086,725803,20301,away,0,3-4-2-1,1,1,19,380320,Abdoulie Manneh,Center Left Forward,11,0,0,-1,,,,1,361860,15,361860.0,4500.0,75',2025-04-17 04:53:19
13086,725803,20301,away,0,3-4-2-1,1,0,9,330245,Calvin Kabuye,Substitute,0,0,0,-1,,,,0,0,-1,,,,2025-04-17 04:53:19
13086,725803,20301,away,0,3-4-2-1,1,0,39,389637,Romeo Leandersson,Substitute,0,0,0,-1,,,,0,0,-1,,,,2025-04-17 04:53:19
13086,725803,20301,away,0,3-4-2-1,1,0,15,361860,Bork Bang-Kittilsen,Substitute,0,1,380320,19,380320.0,4500.0,75',0,0,-1,,,,2025-04-17 04:53:19
13086,725803,20301,away,0,3-4-2-1,1,0,26,357118,Uba Charles,Substitute,0,1,312876,14,312876.0,3960.0,66',0,0,-1,,,,2025-04-17 04:53:19
13086,725803,20301,away,0,3-4-2-1,1,0,6,356408,Ludwig Thorell,Substitute,0,1,303651,7,303651.0,5160.0,86',0,0,-1,,,,2025-04-17 04:53:19
13086,725803,20301,away,0,3-4-2-1,1,0,27,346501,Ludvig Tidstrand,Substitute,0,0,0,-1,,,,0,0,-1,,,,2025-04-17 04:53:19
13086,725803,20301,away,0,3-4-2-1,1,0,33,342493,Tony Miettinen,Substitute,0,1,356281,5,356281.0,5160.0,86',0,0,-1,,,,2025-04-17 04:53:19
13086,725803,20301,away,0,3-4-2-1,1,0,16,301382,Alexander Johansson,Substitute,0,1,293925,18,293925.0,3960.0,66',0,0,-1,,,,2025-04-17 04:53:19
13086,725803,20301,away,0,3-4-2-1,1,0,35,151931,Alexander Lundin,Substitute,0,0,0,-1,,,,0,0,-1,,,,2025-04-17 04:53:19
13086,725804,8222,home,0,4-3-3,1,1,1,312877,Mergim Krasniqi,Goalkeeper,1,0,0,-1,,,,0,0,-1,,,,2025-04-01 04:55:30
13086,725804,8222,home,0,4-3-3,1,1,6,378806,August Wängberg,Right Back,2,0,0,-1,,,,0,0,-1,,,,2025-04-01 04:55:30
13086,725804,8222,home,0,4-3-3,1,1,12,356377,Robin Frej,Left Back,3,0,0,-1,,,,0,0,-1,,,,2025-04-01 04:55:30
13086,725804,8222,home,0,4-3-3,1,1,18,313931,Kevin Holmen,Center Midfielder,4,0,0,-1,,,,1,359795,32,359795.0,4440.0,74',2025-04-01 04:55:30
13086,725804,8222,home,0,4-3-3,1,1,4,333728,Oskar Agren,Center Right Defender,5,0,0,-1,,,,0,0,-1,,,,2025-04-01 04:55:30
13086,725804,8222,home,0,4-3-3,1,1,24,378826,Filip Beckman,Center Left Defender,6,0,0,-1,,,,0,0,-1,,,,2025-04-01 04:55:30
13086,725804,8222,home,0,4-3-3,1,1,21,315674,Axel Henriksson,Right Midfielder,7,0,0,-1,,,,1,241105,26,241105.0,4440.0,74',2025-04-01 04:55:30
13086,725804,8222,home,0,4-3-3,1,1,8,312852,William Milovanovic,Left Midfielder,8,0,0,-1,,,,1,149765,25,149765.0,5100.0,85',2025-04-01 04:55:30
13086,725804,8222,home,0,4-3-3,1,1,28,235766,Lucas Hedlund,Forward,9,0,0,-1,,,,1,308726,19,308726.0,5100.0,85',2025-04-01 04:55:30
13086,725804,8222,home,0,4-3-3,1,1,9,378816,Gustav Lundgren,Right Forward,10,0,0,-1,,,,0,0,-1,,,,2025-04-01 04:55:30
13086,725804,8222,home,0,4-3-3,1,1,11,334033,Edvin Becirovic,Left Forward,11,0,0,-1,,,,1,347031,10,347031.0,3600.0,60',2025-04-01 04:55:30
13086,725804,8222,home,0,4-3-3,1,0,32,359795,Harun Ibrahim,Substitute,0,1,313931,18,313931.0,4440.0,74',0,0,-1,,,,2025-04-01 04:55:30
13086,725804,8222,home,0,4-3-3,1,0,19,308726,Ibrahim Diabate,Substitute,0,1,235766,28,235766.0,5100.0,85',0,0,-1,,,,2025-04-01 04:55:30
13086,725804,8222,home,0,4-3-3,1,0,26,241105,Chovanie Amatkarijo,Substitute,0,1,315674,21,315674.0,4440.0,74',0,0,-1,,,,2025-04-01 04:55:30
13086,725804,8222,home,0,4-3-3,1,0,25,149765,Jonas Lindberg,Substitute,0,1,312852,8,312852.0,5100.0,85',0,0,-1,,,,2025-04-01 04:55:30
13086,725804,8222,home,0,4-3-3,1,0,10,347031,Amin Boudri,Substitute,0,1,334033,11,334033.0,3600.0,60',0,0,-1,,,,2025-04-01 04:55:30
13086,725804,8222,home,0,4-3-3,1,0,22,378820,Anes Cardaklija,Substitute,0,0,0,-1,,,,0,0,-1,,,,2025-04-01 04:55:30
13086,725804,8222,home,0,4-3-3,1,0,14,379955,Filip Gustafsson,Substitute,0,0,0,-1,,,,0,0,-1,,,,2025-04-01 04:55:30
13086,725804,8222,home,0,4-3-3,1,0,2,400217,Matteo De Brienne,Substitute,0,0,0,-1,,,,0,0,-1,,,,2025-04-01 04:55:30
13086,725804,8222,home,0,4-3-3,1,0,30,400218,Victor Astor,Substitute,0,0,0,-1,,,,0,0,-1,,,,2025-04-01 04:55:30
13086,725804,994,away,1,3-4-3,1,1,15,133993,Kristoffer Nordfeldt,Goalkeeper,1,0,0,-1,,,,0,0,-1,,,,2025-04-01 04:55:30
13086,725804,994,away,1,3-4-3,1,1,17,229692,Mads Thychosen,Right Midfielder,2,0,0,-1,,,,0,0,-1,,,,2025-04-01 04:55:30
13086,725804,994,away,1,3-4-3,1,1,22,172923,Jere Uronen,Left Midfielder,3,0,0,-1,,,,0,0,-1,,,,2025-04-01 04:55:30
13086,725804,994,away,1,3-4-3,1,1,3,258904,Thomas Poppler Isherwood,Center Left Defender,4,0,0,-1,,,,0,0,-1,,,,2025-04-01 04:55:30
13086,725804,994,away,1,3-4-3,1,1,4,223140,Sotiris Papagiannopoulos,Center Defender,5,0,0,-1,,,,0,0,-1,,,,2025-04-01 04:55:30
13086,725804,994,away,1,3-4-3,1,1,32,222606,Filip Benkovic,Center Right Defender,6,0,0,-1,,,,0,0,-1,,,,2025-04-01 04:55:30
13086,725804,994,away,1,3-4-3,1,1,33,322466,Aron Csongvai,Center Right Midfielder,7,0,0,-1,,,,0,0,-1,,,,2025-04-01 04:55:30
13086,725804,994,away,1,3-4-3,1,1,7,193105,Anton Saletros,Center Left Midfielder,8,0,0,-1,,,,0,0,-1,,,,2025-04-01 04:55:30
13086,725804,994,away,1,3-4-3,1,1,9,305500,Andronikos Kakoulis,Forward,9,0,0,-1,,,,1,146893,11,146893.0,4620.0,77',2025-04-01 04:55:30
13086,725804,994,away,1,3-4-3,1,1,8,236162,Johan Hove,Center Right Forward,10,0,0,-1,,,,1,237759,19,237759.0,4140.0,69',2025-04-01 04:55:30
13086,725804,994,away,1,3-4-3,1,1,24,399424,Andreas Redkin,Center Left Forward,11,0,0,-1,,,,1,215152,10,215152.0,4620.0,77',2025-04-01 04:55:30
13086,725804,994,away,1,3-4-3,1,0,13,39733,Kenny Stamatopoulos,Substitute,0,0,0,-1,,,,0,0,-1,,,,2025-04-01 04:55:30
13086,725804,994,away,1,3-4-3,1,0,19,237759,Dino Besirovic,Substitute,0,1,236162,8,236162.0,4140.0,69',0,0,-1,,,,2025-04-01 04:55:30
13086,725804,994,away,1,3-4-3,1,0,10,215152,Bersant Celina,Substitute,0,1,399424,24,399424.0,4620.0,77',0,0,-1,,,,2025-04-01 04:55:30
13086,725804,994,away,1,3-4-3,1,0,5,325409,Kazper Karlsson,Substitute,0,0,0,-1,,,,0,0,-1,,,,2025-04-01 04:55:30
13086,725804,994,away,1,3-4-3,1,0,43,334029,Victor Andersson,Substitute,0,0,0,-1,,,,0,0,-1,,,,2025-04-01 04:55:30
13086,725804,994,away,1,3-4-3,1,0,11,146893,John Guidetti,Substitute,0,1,305500,9,305500.0,4620.0,77',0,0,-1,,,,2025-04-01 04:55:30
13086,725804,994,away,1,3-4-3,1,0,12,353460,Charlie Pavey,Substitute,0,0,0,-1,,,,0,0,-1,,,,2025-04-01 04:55:30
13086,725804,994,away,1,3-4-3,1,0,21,369996,Stanley Wilson,Substitute,0,0,0,-1,,,,0,0,-1,,,,2025-04-01 04:55:30
13086,725804,994,away,1,3-4-3,1,0,26,400799,Elvis Laan,Substitute,0,0,0,-1,,,,0,0,-1,,,,2025-04-01 04:55:30
13086,725805,2495,home,1,4-2-3-1,1,1,1,170727,Warner Hahn,Goalkeeper,1,0,0,-1,,,,0,0,-1,,,,2025-03-31 04:50:43
13086,725805,2495,home,1,4-2-3-1,1,1,2,382504,Erik Skoglund,Right Back,2,0,0,-1,,,,0,0,-1,,,,2025-03-31 04:50:43
13086,725805,2495,home,1,4-2-3-1,1,1,19,251758,Shaquille Pinas,Left Back,3,0,0,-1,,,,0,0,-1,,,,2025-03-31 04:50:43
13086,725805,2495,home,1,4-2-3-1,1,1,5,218436,Tesfaldet Tekie,Left Midfielder,4,0,0,-1,,,,1,396022,34,,,,2025-03-31 04:50:43
13086,725805,2495,home,1,4-2-3-1,1,1,4,334038,Victor Eriksson,Center Right Defender,5,0,0,-1,,,,0,0,-1,,,,2025-03-31 04:50:43
13086,725805,2495,home,1,4-2-3-1,1,1,6,249160,Pavle Vagic,Center Left Defender,6,0,0,-1,,,,0,0,-1,,,,2025-03-31 04:50:43
13086,725805,2495,home,1,4-2-3-1,1,1,7,303670,Paulos Abraham,Attacking Midfielder Right,7,0,0,-1,,,,1,313974,23,,,,2025-03-31 04:50:43
13086,725805,2495,home,1,4-2-3-1,1,1,8,22967,Markus Karlsson,Right Midfielder,8,0,0,-1,,,,0,0,-1,,,,2025-03-31 04:50:43
13086,725805,2495,home,1,4-2-3-1,1,1,9,315675,Jusef Erabi,Forward,9,0,0,-1,,,,1,380970,15,380970.0,5400.0,90'+2',2025-03-31 04:50:43
13086,725805,2495,home,1,4-2-3-1,1,1,20,143585,Nahir Besara,Attacking Midfielder,10,0,0,-1,,,,1,312880,26,312880.0,5400.0,90'+2',2025-03-31 04:50:43
13086,725805,2495,home,1,4-2-3-1,1,1,18,303702,Sebastian Tounekti,Attacking Midfielder Left,11,0,0,-1,,,,1,269195,21,269195.0,4800.0,80',2025-03-31 04:50:43
13086,725805,2495,home,1,4-2-3-1,1,0,21,269195,Simon Strand,Substitute,0,1,303702,18,303702.0,4800.0,80',0,0,-1,,,,2025-03-31 04:50:43
13086,725805,2495,home,1,4-2-3-1,1,0,26,312880,Montader Madjed,Substitute,0,1,143585,20,143585.0,5400.0,90'+2',0,0,-1,,,,2025-03-31 04:50:43
13086,725805,2495,home,1,4-2-3-1,1,0,17,313464,Ibrahima,Substitute,0,0,0,-1,,,,0,0,-1,,,,2025-04-28 04:54:05
13086,725805,2495,home,1,4-2-3-1,1,0,23,313974,Abdelrahman Saidi,Substitute,0,1,303670,7,303670.0,4440.0,74',0,0,-1,,,,2025-03-31 04:50:43
13086,725805,2495,home,1,4-2-3-1,1,0,22,210020,Jacob Ortmark,Substitute,0,0,0,-1,,,,0,0,-1,,,,2025-03-31 04:50:43
13086,725805,2495,home,1,4-2-3-1,1,0,29,359099,Moi&#776;Se Kaboré,Substitute,0,0,0,-1,,,,0,0,-1,,,,2025-03-31 04:50:43
13086,725805,2495,home,1,4-2-3-1,1,0,15,380970,Adrian Lahdo,Substitute,0,1,315675,9,315675.0,5400.0,90'+2',0,0,-1,,,,2025-03-31 04:50:43
13086,725805,2495,home,1,4-2-3-1,1,0,34,396022,Wilson Uhrström,Substitute,0,1,218436,5,218436.0,5400.0,90'+2',0,0,-1,,,,2025-03-31 04:50:43
13086,725805,2495,home,1,4-2-3-1,1,0,27,301372,Felix Jakobsson,Substitute,0,0,0,-1,,,,0,0,-1,,,,2025-03-31 04:50:43
13086,725805,2556,away,0,4-3-3,1,1,1,235504,Pontus Dahlberg,Goalkeeper,1,0,0,-1,,,,0,0,-1,,,,2025-03-31 04:50:43
13086,725805,2556,away,0,4-3-3,1,1,18,349811,Felix Eriksson,Right Back,2,0,0,-1,,,,1,343958,29,343958.0,2700.0,45',2025-03-31 04:50:43
13086,725805,2556,away,0,4-3-3,1,1,22,383948,Noah Tolf,Left Back,3,0,0,-1,,,,1,179771,6,179771.0,5040.0,84',2025-03-31 04:50:43
13086,725805,2556,away,0,4-3-3,1,1,15,307947,David Kruse,Center Midfielder,4,0,0,-1,,,,1,313971,21,313971.0,4980.0,83',2025-03-31 04:50:43
13086,725805,2556,away,0,4-3-3,1,1,13,83736,Gustav Svensson,Center Right Defender,5,0,0,-1,,,,0,0,-1,,,,2025-03-31 04:50:43
13086,725805,2556,away,0,4-3-3,1,1,3,241163,August Erlingmark,Center Left Defender,6,0,0,-1,,,,0,0,-1,,,,2025-03-31 04:50:43
13086,725805,2556,away,0,4-3-3,1,1,30,222784,Ramon-Pascal Lundqvist,Right Midfielder,7,0,0,-1,,,,0,0,-1,,,,2025-03-31 04:50:43
13086,725805,2556,away,0,4-3-3,1,1,8,297985,Seedy Jagne,Left Midfielder,8,0,0,-1,,,,1,289882,23,289882.0,2700.0,45',2025-03-31 04:50:43
13086,725805,2556,away,0,4-3-3,1,1,9,303768,Max Fenger,Forward,9,0,0,-1,,,,0,0,-1,,,,2025-03-31 04:50:43
13086,725805,2556,away,0,4-3-3,1,1,17,252746,Eman Markovic,Right Forward,10,0,0,-1,,,,1,390390,7,390390.0,2700.0,45',2025-03-31 04:50:43
13086,725805,2556,away,0,4-3-3,1,1,14,219163,Tobias Heintz,Left Forward,11,0,0,-1,,,,0,0,-1,,,,2025-03-31 04:50:43
13086,725805,2556,away,0,4-3-3,1,0,7,390390,Sebastian Clemmensen,Substitute,0,1,252746,17,252746.0,2700.0,45',0,0,-1,,,,2025-03-31 04:50:43
13086,725805,2556,away,0,4-3-3,1,0,26,380238,Benjamin Brantlind,Substitute,0,0,0,-1,,,,0,0,-1,,,,2025-03-31 04:50:43
13086,725805,2556,away,0,4-3-3,1,0,25,359784,Elis Bishesari,Substitute,0,0,0,-1,,,,0,0,-1,,,,2025-03-31 04:50:43
13086,725805,2556,away,0,4-3-3,1,0,16,343826,Linus Carlstrand,Substitute,0,0,0,-1,,,,0,0,-1,,,,2025-03-31 04:50:43
13086,725805,2556,away,0,4-3-3,1,0,21,313971,Adam Carlén,Substitute,0,1,307947,15,307947.0,4980.0,83',0,0,-1,,,,2025-03-31 04:50:43
13086,725805,2556,away,0,4-3-3,1,0,23,289882,Kolbeinn Thordarson,Substitute,0,1,297985,8,,,,0,0,-1,,,,2025-03-31 04:50:43
13086,725805,2556,away,0,4-3-3,1,0,5,220974,Jonas Bager,Substitute,0,0,0,-1,,,,0,0,-1,,,,2025-03-31 04:50:43
13086,725805,2556,away,0,4-3-3,1,0,6,179771,Anders Trondsen,Substitute,0,1,383948,22,383948.0,5040.0,84',0,0,-1,,,,2025-03-31 04:50:43
13086,725805,2556,away,0,4-3-3,1,0,29,343958,Thomas Santos,Substitute,0,1,349811,18,349811.0,2700.0,45',0,0,-1,,,,2025-03-31 04:50:43
13086,725806,7834,home,1,4-3-3,1,1,1,177546,Andreas Linde,Goalkeeper,1,0,0,-1,,,,0,0,-1,,,,2025-03-30 04:53:40
13086,725806,7834,home,1,4-3-3,1,1,5,206253,Brice Wembangomo,Right Back,2,0,0,-1,,,,1,378812,11,378812.0,3720.0,62',2025-03-30 04:53:40
13086,725806,7834,home,1,4-3-3,1,1,21,194293,Adam Lundqvist,Left Back,3,0,0,-1,,,,0,0,-1,,,,2025-03-30 04:53:40
13086,725806,7834,home,1,4-3-3,1,1,8,355408,Silas Andersen,Center Midfielder,4,0,0,-1,,,,0,0,-1,,,,2025-03-30 04:53:40
13086,725806,7834,home,1,4-3-3,1,1,4,271086,Marius Lode,Center Right Defender,5,0,0,-1,,,,0,0,-1,,,,2025-03-30 04:53:40
13086,725806,7834,home,1,4-3-3,1,1,25,21990,Abdoulaye Faye,Center Left Defender,6,0,0,-1,,,,1,237958,6,237958.0,4980.0,83',2025-03-30 04:53:40
13086,725806,7834,home,1,4-3-3,1,1,25,21990,Abdoulaye Faye,Center Left Defender,6,0,0,-1,,,,1,237958,6,237958.0,4320.0,72',2025-03-30 04:53:40
13086,725806,7834,home,1,4-3-3,1,1,14,185916,Simon Gustafson,Right Midfielder,7,0,0,-1,,,,0,0,-1,,,,2025-03-30 04:53:40
13086,725806,7834,home,1,4-3-3,1,1,16,357139,Pontus Dahbo,Left Midfielder,8,0,0,-1,,,,1,239184,10,,,,2025-03-30 04:53:40
13086,725806,7834,home,1,4-3-3,1,1,9,360958,Srdan Hrstic,Forward,9,0,0,-1,,,,1,366143,19,366143.0,5040.0,84',2025-03-30 04:53:40
13086,725806,7834,home,1,4-3-3,1,1,24,271087,Amor Layouni,Right Forward,10,0,0,-1,,,,0,0,-1,,,,2025-03-30 04:53:40
13086,725806,7834,home,1,4-3-3,1,1,27,307402,Zeidane Inoussa,Left Forward,11,0,0,-1,,,,0,0,-1,,,,2025-03-30 04:53:40
13086,725806,7834,home,1,4-3-3,1,0,15,356369,Samuel Holm,Substitute,0,1,237958,6,237958.0,4980.0,83',0,0,-1,,,,2025-03-30 04:53:40
13086,725806,7834,home,1,4-3-3,1,0,11,378812,Julius Lindberg,Substitute,0,1,206253,5,206253.0,3720.0,62',0,0,-1,,,,2025-03-30 04:53:40
13086,725806,7834,home,1,4-3-3,1,0,29,366829,Severin Nioule,Substitute,0,0,0,-1,,,,0,0,-1,,,,2025-03-30 04:53:40
13086,725806,7834,home,1,4-3-3,1,0,19,366143,John Paul Dembe,Substitute,0,1,360958,9,,,,0,0,-1,,,,2025-03-30 04:53:40
13086,725806,7834,home,1,4-3-3,1,0,13,361537,Sigge Jansson,Substitute,0,0,0,-1,,,,0,0,-1,,,,2025-03-30 04:53:40
13086,725806,7834,home,1,4-3-3,1,0,15,356369,Samuel Holm,Substitute,0,1,237958,6,237958.0,4320.0,72',0,0,-1,,,,2025-03-30 04:53:40
13086,725806,7834,home,1,4-3-3,1,0,17,330551,Ben Engdahl,Substitute,0,0,0,-1,,,,0,0,-1,,,,2025-03-30 04:53:40
13086,725806,7834,home,1,4-3-3,1,0,10,239184,Mikkel Rygaard Jensen,Substitute,0,1,357139,16,357139.0,4320.0,72',0,0,-1,,,,2025-03-30 04:53:40
13086,725806,7834,home,1,4-3-3,1,0,6,237958,Leo Väisänen,Substitute,0,1,21990,25,21990.0,4320.0,72',1,356369,15,,,,2025-03-30 04:53:40
13086,725806,7834,home,1,4-3-3,1,0,32,121827,Oscar Jansson,Substitute,0,0,0,-1,,,,0,0,-1,,,,2025-03-30 04:53:40
13086,725806,8221,away,0,4-4-2,1,1,25,146116,Davor Blazevic,Goalkeeper,1,0,0,-1,,,,0,0,-1,,,,2025-03-30 04:53:40
13086,725806,8221,away,0,4-4-2,1,1,21,302691,Alex Timossi Andersson,Right Back,2,0,0,-1,,,,0,0,-1,,,,2025-03-30 04:53:40
13086,725806,8221,away,0,4-4-2,1,1,6,313932,Oliver Zanden,Left Back,3,0,0,-1,,,,0,0,-1,,,,2025-03-30 04:53:40
13086,725806,8221,away,0,4-4-2,1,1,24,257624,Kevin Ackerman,Center Right Midfielder,4,0,0,-1,,,,1,399426,23,399426.0,4860.0,81',2025-03-30 04:53:40
13086,725806,8221,away,0,4-4-2,1,1,2,306206,Hlynur Freyr Karlsson,Center Right Defender,5,0,0,-1,,,,1,399427,32,399427.0,4860.0,81',2025-03-30 04:53:40
13086,725806,8221,away,0,4-4-2,1,1,3,162464,Even Hovland,Center Left Defender,6,0,0,-1,,,,0,0,-1,,,,2025-03-30 04:53:40
13086,725806,8221,away,0,4-4-2,1,1,19,243322,Daleho Irandust,Right Midfielder,7,0,0,-1,,,,1,354886,20,354886.0,4320.0,72',2025-03-30 04:53:40
13086,725806,8221,away,0,4-4-2,1,1,5,251486,Serge-Junior Ngouali,Center Left Midfielder,8,0,0,-1,,,,0,0,-1,,,,2025-03-30 04:53:40
13086,725806,8221,away,0,4-4-2,1,1,7,320883,Victor Lind,Center Left Forward,9,0,0,-1,,,,0,0,-1,,,,2025-03-30 04:53:40
13086,725806,8221,away,0,4-4-2,1,1,10,356378,Wilmer Odefalk,Center Right Forward,10,0,0,-1,,,,0,0,-1,,,,2025-03-30 04:53:40
13086,725806,8221,away,0,4-4-2,1,1,77,321070,Frederik Orsoe Christensen,Left Midfielder,11,0,0,-1,,,,1,134643,39,134643.0,5160.0,86',2025-03-30 04:53:40
13086,725806,8221,away,0,4-4-2,1,0,20,354886,Martin Vetkal,Substitute,0,1,243322,19,243322.0,4320.0,72',0,0,-1,,,,2025-03-30 04:53:40
13086,725806,8221,away,0,4-4-2,1,0,35,402477,David Isso,Substitute,0,0,0,-1,,,,0,0,-1,,,,2025-03-30 04:53:40
13086,725806,8221,away,0,4-4-2,1,0,33,399428,Sion Oppong,Substitute,0,0,0,-1,,,,0,0,-1,,,,2025-03-30 04:53:40
13086,725806,8221,away,0,4-4-2,1,0,32,399427,Oskar Cotton,Substitute,0,1,306206,2,306206.0,4860.0,81',0,0,-1,,,,2025-03-30 04:53:40
13086,725806,8221,away,0,4-4-2,1,0,40,390019,Leo Cavallius,Substitute,0,0,0,-1,,,,0,0,-1,,,,2025-03-30 04:53:40
13086,725806,8221,away,0,4-4-2,1,0,17,357143,Anton Kurochkin,Substitute,0,0,0,-1,,,,0,0,-1,,,,2025-03-30 04:53:40
13086,725806,8221,away,0,4-4-2,1,0,39,134643,Nabil Bahoui,Substitute,0,1,321070,77,,,,0,0,-1,,,,2025-03-30 04:53:40
13086,725806,8221,away,0,4-4-2,1,0,23,399426,Ezekiel Alladoh,Substitute,0,1,257624,24,,,,0,0,-1,,,,2025-03-30 04:53:40
13086,725807,8544,home,1,4-2-3-1,1,1,40,19242,David Andersson,Goalkeeper,1,0,0,-1,,,,0,0,-1,,,,2025-03-30 17:16:54
13086,725807,8544,home,1,4-2-3-1,1,1,37,345975,Moutaz Neffati,Right Back,2,0,0,-1,,,,0,0,-1,,,,2025-03-30 17:16:54
13086,725807,8544,home,1,4-2-3-1,1,1,14,306290,Yahya Kalley,Left Back,3,0,0,-1,,,,0,0,-1,,,,2025-03-30 17:16:54
13086,725807,8544,home,1,4-2-3-1,1,1,9,230353,Arnór Traustason,Left Midfielder,4,0,0,-1,,,,1,232279,7,232279.0,5100.0,85',2025-03-30 17:16:54
13086,725807,8544,home,1,4-2-3-1,1,1,19,238431,Max Watson,Center Right Defender,5,0,0,-1,,,,0,0,-1,,,,2025-03-30 17:16:54
13086,725807,8544,home,1,4-2-3-1,1,1,2,357205,Kojo Peprah,Center Left Defender,6,0,0,-1,,,,0,0,-1,,,,2025-03-30 17:16:54
13086,725807,8544,home,1,4-2-3-1,1,1,10,188022,David Moberg-Karlsson,Attacking Midfielder Right,7,0,0,-1,,,,1,287215,22,287215.0,4320.0,72',2025-03-30 17:16:54
13086,725807,8544,home,1,4-2-3-1,1,1,11,286930,Ismet Lushaku,Right Midfielder,8,0,0,-1,,,,1,334003,21,334003.0,3780.0,63',2025-03-30 17:16:54
13086,725807,8544,home,1,4-2-3-1,1,1,5,158978,Christoffer Nyman,Forward,9,0,0,-1,,,,0,0,-1,,,,2025-03-30 17:16:54
13086,725807,8544,home,1,4-2-3-1,1,1,15,290034,Sebastian Jorgensen,Attacking Midfielder,10,0,0,-1,,,,1,400367,20,400367.0,3780.0,63',2025-03-30 17:16:54
13086,725807,8544,home,1,4-2-3-1,1,1,8,321404,Ísak Andri Sigurgeirsson,Attacking Midfielder Left,11,0,0,-1,,,,1,389749,28,389749.0,4320.0,72',2025-03-30 17:16:54
13086,725807,8544,home,1,4-2-3-1,1,0,22,287215,Tim Prica,Substitute,0,1,188022,10,188022.0,4320.0,72',0,0,-1,,,,2025-03-30 17:16:54
13086,725807,8544,home,1,4-2-3-1,1,0,7,232279,Alexander Fransson,Substitute,0,1,230353,9,230353.0,5100.0,85',0,0,-1,,,,2025-03-30 17:16:54
13086,725807,8544,home,1,4-2-3-1,1,0,24,334015,Anton Eriksson,Substitute,0,0,0,-1,,,,0,0,-1,,,,2025-03-30 17:16:54
13086,725807,8544,home,1,4-2-3-1,1,0,21,334003,Jesper Ceesay,Substitute,0,1,286930,11,286930.0,3780.0,63',0,0,-1,,,,2025-03-30 17:16:54
13086,725807,8544,home,1,4-2-3-1,1,0,20,400367,Axel Brönner,Substitute,0,1,290034,15,290034.0,3780.0,63',0,0,-1,,,,2025-03-30 17:16:54
13086,725807,8544,home,1,4-2-3-1,1,0,28,389749,Åke Andersson,Substitute,0,1,321404,8,321404.0,4320.0,72',0,0,-1,,,,2025-03-30 17:16:54
13086,725807,8544,home,1,4-2-3-1,1,0,30,380189,Theo Krantz,Substitute,0,0,0,-1,,,,0,0,-1,,,,2025-03-30 17:16:54
13086,725807,8544,home,1,4-2-3-1,1,0,3,359167,Marcus Baggesen,Substitute,0,0,0,-1,,,,0,0,-1,,,,2025-03-30 17:16:54
13086,725807,8544,home,1,4-2-3-1,1,0,4,356374,Amadeus Sögaard,Substitute,0,0,0,-1,,,,0,0,-1,,,,2025-03-30 17:16:54
13086,725807,2936,away,0,4-2-3-1,1,1,13,400366,Robin Wallinder,Goalkeeper,1,0,0,-1,,,,0,0,-1,,,,2025-03-30 17:16:54
13086,725807,2936,away,0,4-2-3-1,1,1,33,354345,Tatu Varmanen,Right Back,2,0,0,-1,,,,0,0,-1,,,,2025-03-30 17:16:54
13086,725807,2936,away,0,4-2-3-1,1,1,21,400371,Lars Bergquist,Left Back,3,0,0,-1,,,,1,173508,14,173508.0,4740.0,79',2025-03-30 17:16:54
13086,725807,2936,away,0,4-2-3-1,1,1,7,302001,David Seger,Left Midfielder,4,0,0,-1,,,,0,0,-1,,,,2025-03-30 17:16:54
13086,725807,2936,away,0,4-2-3-1,1,1,5,354352,Mattis Adolfsson,Center Right Defender,5,0,0,-1,,,,0,0,-1,,,,2025-03-30 17:16:54
13086,725807,2936,away,0,4-2-3-1,1,1,15,316395,Ivan Kricak,Center Left Defender,6,0,0,-1,,,,0,0,-1,,,,2025-03-30 17:16:54
13086,725807,2936,away,0,4-2-3-1,1,1,19,289844,Matias Tamminen,Attacking Midfielder Right,7,0,0,-1,,,,0,0,-1,,,,2025-03-30 17:16:54
13086,725807,2936,away,0,4-2-3-1,1,1,8,385181,Daniel Ask,Right Midfielder,8,0,0,-1,,,,1,307747,6,307747.0,4260.0,71',2025-03-30 17:16:54
13086,725807,2936,away,0,4-2-3-1,1,1,20,217300,Alibek Aliev,Forward,9,0,0,-1,,,,1,400372,22,400372.0,4740.0,79',2025-03-30 17:16:54
13086,725807,2936,away,0,4-2-3-1,1,1,9,398188,Niklas Soderberg,Attacking Midfielder,10,0,0,-1,,,,1,238868,26,238868.0,3720.0,62',2025-03-30 17:16:54
13086,725807,2936,away,0,4-2-3-1,1,1,25,392578,Youssoupha Sanyang,Attacking Midfielder Left,11,0,0,-1,,,,1,311161,18,311161.0,4320.0,72',2025-03-30 17:16:54
13086,725807,2936,away,0,4-2-3-1,1,0,26,238868,Magnus Christensen,Substitute,0,1,398188,9,398188.0,3720.0,62',0,0,-1,,,,2025-03-30 17:16:54
13086,725807,2936,away,0,4-2-3-1,1,0,32,400368,Carl Lundahl Persson,Substitute,0,0,0,-1,,,,0,0,-1,,,,2025-03-30 17:16:54
13086,725807,2936,away,0,4-2-3-1,1,0,2,313330,Axel Lindahl,Substitute,0,0,0,-1,,,,0,0,-1,,,,2025-03-30 17:16:54
13086,725807,2936,away,0,4-2-3-1,1,0,10,312878,Albin Morfelt,Substitute,0,0,0,-1,,,,0,0,-1,,,,2025-03-30 17:16:54
13086,725807,2936,away,0,4-2-3-1,1,0,18,311161,Daniel Ljung,Substitute,0,1,392578,25,392578.0,4320.0,72',0,0,-1,,,,2025-03-30 17:16:54
13086,725807,2936,away,0,4-2-3-1,1,0,6,307747,Noah Soderberg,Substitute,0,1,385181,8,385181.0,4260.0,71',0,0,-1,,,,2025-03-30 17:16:54
13086,725807,2936,away,0,4-2-3-1,1,0,14,173508,Dennis Olsson,Substitute,0,1,400371,21,400371.0,4740.0,79',0,0,-1,,,,2025-03-30 17:16:54
13086,725807,2936,away,0,4-2-3-1,1,0,4,238435,Sebastian Starke Hedlund,Substitute,0,0,0,-1,,,,0,0,-1,,,,2025-03-30 17:16:54
13086,725807,2936,away,0,4-2-3-1,1,0,22,400372,Oskar Gabrielsson,Substitute,0,1,217300,20,217300.0,4740.0,79',0,0,-1,,,,2025-03-30 17:16:54
13086,725808,3017,home,0,3-4-3,1,1,1,264481,Tim Rönning,Goalkeeper,1,0,0,-1,,,,0,0,-1,,,,2025-03-31 04:50:43
13086,725808,3017,home,0,3-4-3,1,1,17,303666,Andre Boman,Right Midfielder,2,0,0,-1,,,,0,0,-1,,,,2025-03-31 04:50:43
13086,725808,3017,home,0,3-4-3,1,1,20,317094,Pawel Chrupalla,Left Midfielder,3,0,0,-1,,,,0,0,-1,,,,2025-03-31 04:50:43
13086,725808,3017,home,0,3-4-3,1,1,21,121282,Markus Olsson,Center Left Defender,4,0,0,-1,,,,0,0,-1,,,,2025-03-31 04:50:43
13086,725808,3017,home,0,3-4-3,1,1,5,178687,Pascal Gregor,Center Defender,5,0,0,-1,,,,1,357142,3,357142.0,4560.0,76',2025-03-31 04:50:43
13086,725808,3017,home,0,3-4-3,1,1,2,381647,Bleon Kurtulus,Center Right Defender,6,0,0,-1,,,,0,0,-1,,,,2025-03-31 04:50:43
13086,725808,3017,home,0,3-4-3,1,1,6,147211,Joel Allansson,Center Right Midfielder,7,0,0,-1,,,,0,0,-1,,,,2025-03-31 04:50:43
13086,725808,3017,home,0,3-4-3,1,1,8,289719,Niilo Maenpaa,Center Left Midfielder,8,0,0,-1,,,,1,357130,18,357130.0,3660.0,61',2025-03-31 04:50:43
13086,725808,3017,home,0,3-4-3,1,1,9,329971,Yannick Agnero,Forward,9,0,0,-1,,,,0,0,-1,,,,2025-03-31 04:50:43
13086,725808,3017,home,0,3-4-3,1,1,11,357140,Villiam Granath,Center Right Forward,10,0,0,-1,,,,0,0,-1,,,,2025-03-31 04:50:43
13086,725808,3017,home,0,3-4-3,1,1,7,289218,Birnir Snær Ingason,Center Left Forward,11,0,0,-1,,,,1,237843,13,,,,2025-03-31 04:50:43
13086,725808,3017,home,0,3-4-3,1,0,26,359293,Mans Andersson,Substitute,0,0,0,-1,,,,0,0,-1,,,,2025-03-31 04:50:43
13086,725808,3017,home,0,3-4-3,1,0,15,357505,Gustav Friberg,Substitute,0,0,0,-1,,,,0,0,-1,,,,2025-03-31 04:50:43
13086,725808,3017,home,0,3-4-3,1,0,4,289329,Filip Schyberg,Substitute,0,0,0,-1,,,,0,0,-1,,,,2025-03-31 04:50:43
13086,725808,3017,home,0,3-4-3,1,0,3,357142,Gabriel Wallentin,Substitute,0,1,178687,5,178687.0,4560.0,76',0,0,-1,,,,2025-03-31 04:50:43
13086,725808,3017,home,0,3-4-3,1,0,18,357130,Naeem Mohammed,Substitute,0,1,289719,8,289719.0,3660.0,61',0,0,-1,,,,2025-03-31 04:50:43
13086,725808,3017,home,0,3-4-3,1,0,25,321176,Aleksander Nilsson,Substitute,0,0,0,-1,,,,0,0,-1,,,,2025-03-31 04:50:43
13086,725808,3017,home,0,3-4-3,1,0,13,237843,Gisli Eyjolfsson,Substitute,0,1,289218,7,289218.0,3660.0,61',0,0,-1,,,,2025-03-31 04:50:43
13086,725808,3017,home,0,3-4-3,1,0,12,195094,Tim Erlandsson,Substitute,0,0,0,-1,,,,0,0,-1,,,,2025-03-31 04:50:43
13086,725808,3017,home,0,3-4-3,1,0,14,159454,Blair Turgott,Substitute,0,0,0,-1,,,,0,0,-1,,,,2025-03-31 04:50:43
13086,725808,20856,away,1,5-3-2,1,1,25,400140,Rasmus Forsell,Goalkeeper,1,0,0,-1,,,,0,0,-1,,,,2025-03-31 04:50:43
13086,725808,20856,away,1,5-3-2,1,1,7,205158,Sebastian Ohlsson,Center Left Defender,2,0,0,-1,,,,1,324395,15,324395.0,5100.0,85',2025-03-31 04:50:43
13086,725808,20856,away,1,5-3-2,1,1,7,205158,Sebastian Ohlsson,Center Left Defender,2,0,0,-1,,,,1,324395,15,324395.0,5100.0,85',2025-03-31 04:50:43
13086,725808,20856,away,1,5-3-2,1,1,7,205158,Sebastian Ohlsson,Center Left Defender,2,0,0,-1,,,,1,324395,15,324395.0,5100.0,85',2025-03-31 04:50:43
13086,725808,20856,away,1,5-3-2,1,1,2,256567,Mamadouba Diaby,Left Back,3,0,0,-1,,,,0,0,-1,,,,2025-03-31 04:50:43
13086,725808,20856,away,1,5-3-2,1,1,30,255257,Bernardo Morgado,Center Defender,5,0,0,-1,,,,0,0,-1,,,,2025-03-31 04:50:43
13086,725808,20856,away,1,5-3-2,1,1,4,301367,Leon Hien,Center Right Defender,6,0,0,-1,,,,0,0,-1,,,,2025-03-31 04:50:43
13086,725808,20856,away,1,5-3-2,1,1,20,400141,Elias Barsoum,Center Right Midfielder,7,0,0,-1,,,,1,398189,18,398189.0,3960.0,66',2025-03-31 04:50:43
13086,725808,20856,away,1,5-3-2,1,1,11,218520,Christos Gravius,Center Midfielder,8,0,0,-1,,,,1,178387,17,178387.0,5100.0,85',2025-03-31 04:50:43
13086,725808,20856,away,1,5-3-2,1,1,21,398192,Elias Pihlström,Center Left Forward,9,0,0,-1,,,,1,400142,22,400142.0,3960.0,66',2025-03-31 04:50:43
13086,725808,20856,away,1,5-3-2,1,1,19,333259,Omar Faraj,Center Right Forward,10,0,0,-1,,,,0,0,-1,,,,2025-03-31 04:50:43
13086,725808,20856,away,1,5-3-2,1,1,8,301374,Nahom Girmai,Center Left Midfielder,11,0,0,-1,,,,0,0,-1,,,,2025-03-31 04:50:43
13086,725808,20856,away,1,5-3-2,1,0,18,398189,Teo Grönborg,Substitute,0,1,400141,20,400141.0,3960.0,66',0,0,-1,,,,2025-03-31 04:50:43
13086,725808,20856,away,1,5-3-2,1,0,17,178387,Luc Kassi,Substitute,0,1,218520,11,218520.0,5100.0,85',0,0,-1,,,,2025-03-31 04:50:43
13086,725808,20856,away,1,5-3-2,1,0,12,236415,Erik Lindell,Substitute,0,0,0,-1,,,,0,0,-1,,,,2025-03-31 04:50:43
13086,725808,20856,away,1,5-3-2,1,0,27,400375,Ziyad Salifu,Substitute,0,0,0,-1,,,,0,0,-1,,,,2025-03-31 04:50:43
13086,725808,20856,away,1,5-3-2,1,0,22,400142,Maill Lundgren,Substitute,0,1,398192,21,398192.0,3960.0,66',0,0,-1,,,,2025-03-31 04:50:43
13086,725808,20856,away,1,5-3-2,1,0,23,357137,Alexander Lindskog,Substitute,0,0,0,-1,,,,0,0,-1,,,,2025-03-31 04:50:43
13086,725808,20856,away,1,5-3-2,1,0,15,324395,Nasiru Moro,Substitute,0,1,205158,7,205158.0,5100.0,85',0,0,-1,,,,2025-03-31 04:50:43
13086,725808,20856,away,1,5-3-2,1,0,15,324395,Nasiru Moro,Substitute,0,1,205158,7,205158.0,5100.0,85',0,0,-1,,,,2025-03-31 04:50:43
13086,725808,20856,away,1,5-3-2,1,0,15,324395,Nasiru Moro,Substitute,0,1,205158,7,205158.0,5100.0,85',0,0,-1,,,,2025-03-31 04:50:43
13086,725808,20856,away,1,5-3-2,1,0,1,286770,Willie Jakobsson,Substitute,0,0,0,-1,,,,0,0,-1,,,,2025-03-31 04:50:43
13086,725809,21382,home,0,4-3-3,1,1,39,341335,Viktor Andersson,Goalkeeper,1,0,0,-1,,,,0,0,-1,,,,2025-04-01 04:55:30
13086,725809,21382,home,0,4-3-3,1,1,5,334035,Victor Larsson,Right Back,2,0,0,-1,,,,0,0,-1,,,,2025-04-01 04:55:30
13086,725809,21382,home,0,4-3-3,1,1,3,272272,Axel Bjornstrom,Left Back,3,0,0,-1,,,,1,239346,16,239346.0,5160.0,86',2025-04-01 04:55:30
13086,725809,21382,home,0,4-3-3,1,1,8,272404,Luke Le Roux,Center Midfielder,4,0,0,-1,,,,0,0,-1,,,,2025-04-01 04:55:30
13086,725809,21382,home,0,4-3-3,1,1,2,380552,Johan Rapp,Center Right Defender,5,0,0,-1,,,,0,0,-1,,,,2025-04-01 04:55:30
13086,725809,21382,home,0,4-3-3,1,1,24,357202,Emin Grozdanic,Center Left Defender,6,0,0,-1,,,,0,0,-1,,,,2025-04-01 04:55:30
13086,725809,21382,home,0,4-3-3,1,1,11,303480,Wenderson,Right Midfielder,7,0,0,-1,,,,0,0,-1,,,,2025-04-01 04:55:30
13086,725809,21382,home,0,4-3-3,1,1,22,158993,Simon Thern,Left Midfielder,8,0,0,-1,,,,1,344869,28,,,,2025-04-01 04:55:30
13086,725809,21382,home,0,4-3-3,1,1,10,345479,Ajdin Zeljkovic,Forward,9,0,0,-1,,,,1,185955,15,185955.0,3960.0,66',2025-04-01 04:55:30
13086,725809,21382,home,0,4-3-3,1,1,7,193351,Carl Johansson,Right Forward,10,0,0,-1,,,,1,381397,18,381397.0,3960.0,66',2025-04-01 04:55:30
13086,725809,21382,home,0,4-3-3,1,1,9,337564,Johnbosco Samuel Kalu,Left Forward,11,0,0,-1,,,,1,353250,32,353250.0,3900.0,65',2025-04-01 04:55:30
13086,725809,21382,home,0,4-3-3,1,0,28,344869,Frank Adjei,Substitute,0,1,158993,22,158993.0,5160.0,86',0,0,-1,,,,2025-04-01 04:55:30
13086,725809,21382,home,0,4-3-3,1,0,32,353250,Kenan Bilalovic,Substitute,0,1,337564,9,337564.0,3900.0,65',0,0,-1,,,,2025-04-01 04:55:30
13086,725809,21382,home,0,4-3-3,1,0,20,334028,Freddy Roland Winsth,Substitute,0,0,0,-1,,,,0,0,-1,,,,2025-04-01 04:55:30
13086,725809,21382,home,0,4-3-3,1,0,1,277177,Hugo Keto,Substitute,0,0,0,-1,,,,0,0,-1,,,,2025-04-01 04:55:30
13086,725809,21382,home,0,4-3-3,1,0,18,381397,Mohammad Alsalkhadi,Substitute,0,1,193351,7,193351.0,3960.0,66',0,0,-1,,,,2025-04-01 04:55:30
13086,725809,21382,home,0,4-3-3,1,0,17,365517,Fred Bozicevic,Substitute,0,0,0,-1,,,,0,0,-1,,,,2025-04-01 04:55:30
13086,725809,21382,home,0,4-3-3,1,0,6,267616,Hugo Andersson,Substitute,0,0,0,-1,,,,0,0,-1,,,,2025-04-01 04:55:30
13086,725809,21382,home,0,4-3-3,1,0,16,239346,Albin Lohikangas,Substitute,0,1,272272,3,272272.0,5160.0,86',0,0,-1,,,,2025-04-01 04:55:30
13086,725809,21382,home,0,4-3-3,1,0,15,185955,Pawel Cibicki,Substitute,0,1,345479,10,345479.0,3960.0,66',0,0,-1,,,,2025-04-01 04:55:30
13086,725809,8547,away,1,4-2-3-1,1,1,1,313973,Ismael Diarra Diawara,Goalkeeper,1,0,0,-1,,,,0,0,-1,,,,2025-04-01 04:55:30
13086,725809,8547,away,1,4-2-3-1,1,1,3,299250,Bogdan Milovanov,Right Back,2,0,0,-1,,,,1,298341,13,298341.0,5400.0,90'+1',2025-04-01 04:55:30
13086,725809,8547,away,1,4-2-3-1,1,1,33,342596,Saba Mamatsashvili,Left Back,3,0,0,-1,,,,1,15527,17,15527.0,4080.0,68',2025-04-01 04:55:30
13086,725809,8547,away,1,4-2-3-1,1,1,18,315677,Adam Vikman,Left Midfielder,4,0,0,-1,,,,0,0,-1,,,,2025-04-01 04:55:30
13086,725809,8547,away,1,4-2-3-1,1,1,5,25076,Tobias Carlsson,Center Right Defender,5,0,0,-1,,,,0,0,-1,,,,2025-04-01 04:55:30
13086,725809,8547,away,1,4-2-3-1,1,1,4,366597,Tobias Anker,Center Left Defender,6,0,0,-1,,,,0,0,-1,,,,2025-04-01 04:55:30
13086,725809,8547,away,1,4-2-3-1,1,1,10,358564,Melker Heier,Attacking Midfielder Right,7,0,0,-1,,,,1,401059,38,401059.0,5400.0,90'+1',2025-04-01 04:55:30
13086,725809,8547,away,1,4-2-3-1,1,1,14,323176,Leo Walta,Right Midfielder,8,0,0,-1,,,,0,0,-1,,,,2025-04-01 04:55:30
13086,725809,8547,away,1,4-2-3-1,1,1,9,322993,Robbie Ure,Forward,9,0,0,-1,,,,0,0,-1,,,,2025-04-01 04:55:30
13086,725809,8547,away,1,4-2-3-1,1,1,7,22706,Joakim Persson,Attacking Midfielder,10,0,0,-1,,,,0,0,-1,,,,2025-04-01 04:55:30
13086,725809,8547,away,1,4-2-3-1,1,1,29,344867,Isak Bjerkebo,Attacking Midfielder Left,11,0,0,-1,,,,1,235518,21,235518.0,4080.0,68',2025-04-01 04:55:30
13086,725809,8547,away,1,4-2-3-1,1,0,12,399630,Isaac Yawe Höök,Substitute,0,0,0,-1,,,,0,0,-1,,,,2025-04-01 04:55:30
13086,725809,8547,away,1,4-2-3-1,1,0,38,401059,Victor Svensson,Substitute,0,1,358564,10,358564.0,5400.0,90'+1',0,0,-1,,,,2025-04-01 04:55:30
13086,725809,8547,away,1,4-2-3-1,1,0,17,15527,Marcus Lindberg,Substitute,0,1,342596,33,342596.0,4080.0,68',0,0,-1,,,,2025-04-01 04:55:30
13086,725809,8547,away,1,4-2-3-1,1,0,21,235518,Dennis Widgren,Substitute,0,1,344867,29,344867.0,4080.0,68',0,0,-1,,,,2025-04-01 04:55:30
13086,725809,8547,away,1,4-2-3-1,1,0,13,298341,Jakob Voelkerling Persson,Substitute,0,1,299250,3,299250.0,5400.0,90'+1',0,0,-1,,,,2025-04-01 04:55:30
13086,725809,8547,away,1,4-2-3-1,1,0,8,311741,Andreas Anderson,Substitute,0,0,0,-1,,,,0,0,-1,,,,2025-04-01 04:55:30
13086,725809,8547,away,1,4-2-3-1,1,0,34,325348,David Celic,Substitute,0,0,0,-1,,,,0,0,-1,,,,2025-04-01 04:55:30
13086,725809,8547,away,1,4-2-3-1,1,0,36,359495,August Ljungberg,Substitute,0,0,0,-1,,,,0,0,-1,,,,2025-04-01 04:55:30
13086,725809,8547,away,1,4-2-3-1,1,0,26,380689,Hugo Mella,Substitute,0,0,0,-1,,,,0,0,-1,,,,2025-04-01 04:55:30
13086,725810,2936,home,1,4-4-2,1,1,13,400366,Robin Wallinder,Goalkeeper,1,0,0,-1,,,,0,0,-1,,,,2025-04-07 04:56:24
13086,725810,2936,home,1,4-4-2,1,1,33,354345,Tatu Varmanen,Right Back,2,0,0,-1,,,,0,0,-1,,,,2025-04-07 04:56:24
13086,725810,2936,home,1,4-4-2,1,1,21,400371,Lars Bergquist,Left Back,3,0,0,-1,,,,0,0,-1,,,,2025-04-07 04:56:24
13086,725810,2936,home,1,4-4-2,1,1,8,385181,Daniel Ask,Center Right Midfielder,4,0,0,-1,,,,1,238868,26,238868.0,4860.0,81',2025-04-07 04:56:24
13086,725810,2936,home,1,4-4-2,1,1,5,354352,Mattis Adolfsson,Center Right Defender,5,0,0,-1,,,,0,0,-1,,,,2025-04-07 04:56:24
13086,725810,2936,home,1,4-4-2,1,1,15,316395,Ivan Kricak,Center Left Defender,6,0,0,-1,,,,0,0,-1,,,,2025-04-07 04:56:24
13086,725810,2936,home,1,4-4-2,1,1,19,289844,Matias Tamminen,Right Midfielder,7,0,0,-1,,,,1,312878,10,312878.0,3240.0,54',2025-04-07 04:56:24
13086,725810,2936,home,1,4-4-2,1,1,7,302001,David Seger,Center Left Midfielder,8,0,0,-1,,,,0,0,-1,,,,2025-04-07 04:56:24
13086,725810,2936,home,1,4-4-2,1,1,20,217300,Alibek Aliev,Center Left Forward,9,0,0,-1,,,,1,400372,22,400372.0,4200.0,70',2025-04-07 04:56:24
13086,725810,2936,home,1,4-4-2,1,1,6,307747,Noah Soderberg,Center Right Forward,10,0,0,-1,,,,0,0,-1,,,,2025-04-07 04:56:24
13086,725810,2936,home,1,4-4-2,1,1,25,392578,Youssoupha Sanyang,Left Midfielder,11,0,0,-1,,,,1,238435,4,238435.0,4860.0,81',2025-04-07 04:56:24
13086,725810,2936,home,1,4-4-2,1,0,10,312878,Albin Morfelt,Substitute,0,1,289844,19,289844.0,3240.0,54',0,0,-1,,,,2025-04-07 04:56:24
13086,725810,2936,home,1,4-4-2,1,0,29,162497,Chris Kouakou,Substitute,0,0,0,-1,,,,0,0,-1,,,,2025-05-05 05:00:05
13086,725810,2936,home,1,4-4-2,1,0,22,400372,Oskar Gabrielsson,Substitute,0,1,217300,20,217300.0,4200.0,70',0,0,-1,,,,2025-04-07 04:56:24
13086,725810,2936,home,1,4-4-2,1,0,14,173508,Dennis Olsson,Substitute,0,0,0,-1,,,,0,0,-1,,,,2025-04-07 04:56:24
13086,725810,2936,home,1,4-4-2,1,0,32,400368,Carl Lundahl Persson,Substitute,0,0,0,-1,,,,0,0,-1,,,,2025-04-07 04:56:24
13086,725810,2936,home,1,4-4-2,1,0,4,238435,Sebastian Starke Hedlund,Substitute,0,1,392578,25,392578.0,4860.0,81',0,0,-1,,,,2025-04-07 04:56:24
13086,725810,2936,home,1,4-4-2,1,0,9,398188,Niklas Soderberg,Substitute,0,0,0,-1,,,,0,0,-1,,,,2025-04-07 04:56:24
13086,725810,2936,home,1,4-4-2,1,0,26,238868,Magnus Christensen,Substitute,0,1,385181,8,385181.0,4860.0,81',0,0,-1,,,,2025-04-07 04:56:24
13086,725810,2936,home,1,4-4-2,1,0,2,313330,Axel Lindahl,Substitute,0,0,0,-1,,,,0,0,-1,,,,2025-04-07 04:56:24
13086,725810,7834,away,0,4-2-3-1,1,1,1,177546,Andreas Linde,Goalkeeper,1,0,0,-1,,,,1,121827,32,121827.0,5400.0,90'+6',2025-04-14 05:15:01
13086,725810,7834,away,0,4-2-3-1,1,1,5,206253,Brice Wembangomo,Right Back,2,0,0,-1,,,,1,330551,17,330551.0,4200.0,70',2025-04-14 05:15:01
13086,725810,7834,away,0,4-2-3-1,1,1,21,194293,Adam Lundqvist,Left Back,3,0,0,-1,,,,0,0,-1,,,,2025-04-14 05:15:01
13086,725810,7834,away,0,4-2-3-1,1,1,14,185916,Simon Gustafson,Left Midfielder,4,0,0,-1,,,,0,0,-1,,,,2025-04-14 05:15:01
13086,725810,7834,away,0,4-2-3-1,1,1,4,271086,Marius Lode,Center Right Defender,5,0,0,-1,,,,0,0,-1,,,,2025-04-14 05:15:01
13086,725810,7834,away,0,4-2-3-1,1,1,25,21990,Abdoulaye Faye,Center Left Defender,6,0,0,-1,,,,0,0,-1,,,,2025-04-14 05:15:01
13086,725810,7834,away,0,4-2-3-1,1,1,24,271087,Amor Layouni,Attacking Midfielder Right,7,0,0,-1,,,,0,0,-1,,,,2025-04-14 05:15:01
13086,725810,7834,away,0,4-2-3-1,1,1,8,355408,Silas Andersen,Right Midfielder,8,0,0,-1,,,,0,0,-1,,,,2025-04-14 05:15:01
13086,725810,7834,away,0,4-2-3-1,1,1,9,360958,Srdan Hrstic,Forward,9,0,0,-1,,,,1,366143,19,366143.0,4200.0,70',2025-04-14 05:15:01
13086,725810,7834,away,0,4-2-3-1,1,1,16,357139,Pontus Dahbo,Attacking Midfielder,10,0,0,-1,,,,1,356369,15,,,,2025-04-14 05:15:01
13086,725810,7834,away,0,4-2-3-1,1,1,29,366829,Severin Nioule,Attacking Midfielder Left,11,0,0,-1,,,,1,239184,10,,,,2025-04-14 05:15:01
13086,725810,7834,away,0,4-2-3-1,1,0,19,366143,John Paul Dembe,Substitute,0,1,360958,9,,,,0,0,-1,,,,2025-04-14 05:15:01
13086,725810,7834,away,0,4-2-3-1,1,0,39,364749,Isak Brusberg,Substitute,0,0,0,-1,,,,0,0,-1,,,,2025-04-14 05:15:01
13086,725810,7834,away,0,4-2-3-1,1,0,22,380234,Nikola Zecevic,Substitute,0,0,0,-1,,,,0,0,-1,,,,2025-04-14 05:15:01
13086,725810,7834,away,0,4-2-3-1,1,0,15,356369,Samuel Holm,Substitute,0,1,357139,16,357139.0,4200.0,70',0,0,-1,,,,2025-04-14 05:15:01
13086,725810,7834,away,0,4-2-3-1,1,0,17,330551,Ben Engdahl,Substitute,0,1,206253,5,206253.0,4200.0,70',0,0,-1,,,,2025-04-14 05:15:01
13086,725810,7834,away,0,4-2-3-1,1,0,13,361537,Sigge Jansson,Substitute,0,0,0,-1,,,,0,0,-1,,,,2025-04-14 05:15:01
13086,725810,7834,away,0,4-2-3-1,1,0,32,121827,Oscar Jansson,Substitute,0,1,177546,1,177546.0,5400.0,90'+6',0,0,-1,,,,2025-04-14 05:15:01
13086,725810,7834,away,0,4-2-3-1,1,0,10,239184,Mikkel Rygaard Jensen,Substitute,0,1,366829,29,366829.0,2700.0,45',0,0,-1,,,,2025-04-14 05:15:01
13086,725810,7834,away,0,4-2-3-1,1,0,42,146579,Nikola Mitrovic,Substitute,0,0,0,-1,,,,0,0,-1,,,,2025-04-14 05:15:01
13086,725811,8221,home,0,4-2-3-1,1,1,25,146116,Davor Blazevic,Goalkeeper,1,0,0,-1,,,,0,0,-1,,,,2025-04-06 13:27:47
13086,725811,8221,home,0,4-2-3-1,1,1,21,302691,Alex Timossi Andersson,Right Back,2,0,0,-1,,,,0,0,-1,,,,2025-04-06 13:27:47
13086,725811,8221,home,0,4-2-3-1,1,1,6,313932,Oliver Zanden,Left Back,3,0,0,-1,,,,0,0,-1,,,,2025-04-06 13:27:47
13086,725811,8221,home,0,4-2-3-1,1,1,5,251486,Serge-Junior Ngouali,Left Midfielder,4,0,0,-1,,,,0,0,-1,,,,2025-04-06 13:27:47
13086,725811,8221,home,0,4-2-3-1,1,1,2,306206,Hlynur Freyr Karlsson,Center Right Defender,5,0,0,-1,,,,0,0,-1,,,,2025-04-06 13:27:47
13086,725811,8221,home,0,4-2-3-1,1,1,3,162464,Even Hovland,Center Left Defender,6,0,0,-1,,,,0,0,-1,,,,2025-04-06 13:27:47
13086,725811,8221,home,0,4-2-3-1,1,1,19,243322,Daleho Irandust,Attacking Midfielder Right,7,0,0,-1,,,,0,0,-1,,,,2025-04-06 13:27:47
13086,725811,8221,home,0,4-2-3-1,1,1,24,257624,Kevin Ackerman,Right Midfielder,8,0,0,-1,,,,1,402477,34,402477.0,5340.0,89',2025-04-06 16:23:47
13086,725811,8221,home,0,4-2-3-1,1,1,23,399426,Ezekiel Alladoh,Forward,9,0,0,-1,,,,1,134643,39,134643.0,4440.0,74',2025-04-06 14:18:42
13086,725811,8221,home,0,4-2-3-1,1,1,7,320883,Victor Lind,Attacking Midfielder,10,0,0,-1,,,,0,0,-1,,,,2025-04-06 13:27:47
13086,725811,8221,home,0,4-2-3-1,1,1,17,357143,Anton Kurochkin,Attacking Midfielder Left,11,0,0,-1,,,,1,321070,77,,,,2025-04-06 14:18:42
13086,725811,8221,home,0,4-2-3-1,1,0,39,134643,Nabil Bahoui,Substitute,0,1,399426,23,399426.0,4440.0,74',0,0,-1,,,,2025-04-06 14:18:42
13086,725811,8221,home,0,4-2-3-1,1,0,77,321070,Frederik Orsoe Christensen,Substitute,0,1,357143,17,357143.0,3600.0,60',0,0,-1,,,,2025-04-06 14:18:42
13086,725811,8221,home,0,4-2-3-1,1,0,20,354886,Martin Vetkal,Substitute,0,0,0,-1,,,,0,0,-1,,,,2025-04-06 13:27:47
13086,725811,8221,home,0,4-2-3-1,1,0,18,380928,Alfons Lohake,Substitute,0,0,0,-1,,,,0,0,-1,,,,2025-04-06 13:27:47
13086,725811,8221,home,0,4-2-3-1,1,0,40,390019,Leo Cavallius,Substitute,0,0,0,-1,,,,0,0,-1,,,,2025-04-06 13:27:47
13086,725811,8221,home,0,4-2-3-1,1,0,32,399427,Oskar Cotton,Substitute,0,0,0,-1,,,,0,0,-1,,,,2025-04-06 13:27:47
13086,725811,8221,home,0,4-2-3-1,1,0,33,399428,Sion Oppong,Substitute,0,0,0,-1,,,,0,0,-1,,,,2025-04-06 13:27:47
13086,725811,8221,home,0,4-2-3-1,1,0,15,401290,Faye El-Hadji,Substitute,0,0,0,-1,,,,0,0,-1,,,,2025-04-06 13:27:47
13086,725811,8221,home,0,4-2-3-1,1,0,34,402477,David Isso,Substitute,0,1,257624,24,,,,0,0,-1,,,,2025-04-06 16:23:47
13086,725811,2495,away,1,4-2-3-1,1,1,1,170727,Warner Hahn,Goalkeeper,1,0,0,-1,,,,0,0,-1,,,,2025-04-06 16:23:47
13086,725811,2495,away,1,4-2-3-1,1,1,2,382504,Erik Skoglund,Right Back,2,0,0,-1,,,,0,0,-1,,,,2025-04-06 16:23:47
13086,725811,2495,away,1,4-2-3-1,1,1,19,251758,Shaquille Pinas,Left Back,3,0,0,-1,,,,1,269195,21,269195.0,4860.0,81',2025-04-06 16:23:47
13086,725811,2495,away,1,4-2-3-1,1,1,5,218436,Tesfaldet Tekie,Left Midfielder,4,0,0,-1,,,,1,210020,22,210020.0,5400.0,90'+3',2025-04-06 16:23:47
13086,725811,2495,away,1,4-2-3-1,1,1,4,334038,Victor Eriksson,Center Right Defender,5,0,0,-1,,,,0,0,-1,,,,2025-04-06 16:23:47
13086,725811,2495,away,1,4-2-3-1,1,1,6,249160,Pavle Vagic,Center Left Defender,6,0,0,-1,,,,0,0,-1,,,,2025-04-06 16:23:47
13086,725811,2495,away,1,4-2-3-1,1,1,7,303670,Paulos Abraham,Attacking Midfielder Right,7,0,0,-1,,,,1,312880,26,312880.0,4260.0,71',2025-04-06 16:23:47
13086,725811,2495,away,1,4-2-3-1,1,1,8,22967,Markus Karlsson,Right Midfielder,8,0,0,-1,,,,0,0,-1,,,,2025-04-06 16:23:47
13086,725811,2495,away,1,4-2-3-1,1,1,9,315675,Jusef Erabi,Forward,9,0,0,-1,,,,1,313974,23,,,,2025-04-06 16:23:47
13086,725811,2495,away,1,4-2-3-1,1,1,20,143585,Nahir Besara,Attacking Midfielder,10,0,0,-1,,,,0,0,-1,,,,2025-04-06 16:23:47
13086,725811,2495,away,1,4-2-3-1,1,1,18,303702,Sebastian Tounekti,Attacking Midfielder Left,11,0,0,-1,,,,1,313464,17,,,,2025-04-06 16:23:47
13086,725811,2495,away,1,4-2-3-1,1,0,34,396022,Wilson Uhrström,Substitute,0,0,0,-1,,,,0,0,-1,,,,2025-04-06 16:23:47
13086,725811,2495,away,1,4-2-3-1,1,0,22,210020,Jacob Ortmark,Substitute,0,1,218436,5,218436.0,5400.0,90'+3',0,0,-1,,,,2025-04-06 16:23:47
13086,725811,2495,away,1,4-2-3-1,1,0,21,269195,Simon Strand,Substitute,0,1,251758,19,251758.0,4860.0,81',0,0,-1,,,,2025-04-06 16:23:47
13086,725811,2495,away,1,4-2-3-1,1,0,27,301372,Felix Jakobsson,Substitute,0,0,0,-1,,,,0,0,-1,,,,2025-04-06 16:23:47
13086,725811,2495,away,1,4-2-3-1,1,0,26,312880,Montader Madjed,Substitute,0,1,303670,7,303670.0,4260.0,71',0,0,-1,,,,2025-04-06 16:23:47
13086,725811,2495,away,1,4-2-3-1,1,0,17,313464,Ibrahima Fofana,Substitute,0,1,303702,18,303702.0,4860.0,81',0,0,-1,,,,2025-05-05 05:00:05
13086,725811,2495,away,1,4-2-3-1,1,0,23,313974,Abdelrahman Saidi,Substitute,0,1,315675,9,315675.0,4260.0,71',0,0,-1,,,,2025-04-06 16:23:47
13086,725811,2495,away,1,4-2-3-1,1,0,29,359099,Moi&#776;Se Kaboré,Substitute,0,0,0,-1,,,,0,0,-1,,,,2025-04-06 16:23:47
13086,725811,2495,away,1,4-2-3-1,1,0,13,399509,Jonathan Karlsson,Substitute,0,0,0,-1,,,,0,0,-1,,,,2025-04-06 16:23:47
13086,725812,994,home,1,4-1-4-1,1,1,15,133993,Kristoffer Nordfeldt,Goalkeeper,1,0,0,-1,,,,0,0,-1,,,,2025-04-13 05:20:15
13086,725812,994,home,1,4-1-4-1,1,1,17,229692,Mads Thychosen,Right Back,2,0,0,-1,,,,0,0,-1,,,,2025-04-13 05:20:15
13086,725812,994,home,1,4-1-4-1,1,1,22,172923,Jere Uronen,Left Back,3,0,0,-1,,,,1,334029,43,334029.0,4260.0,71',2025-04-13 05:20:15
13086,725812,994,home,1,4-1-4-1,1,1,33,322466,Aron Csongvai,Defensive Midfielder,4,0,0,-1,,,,0,0,-1,,,,2025-04-13 05:20:15
13086,725812,994,home,1,4-1-4-1,1,1,4,223140,Sotiris Papagiannopoulos,Center Right Defender,5,0,0,-1,,,,0,0,-1,,,,2025-04-13 05:20:15
13086,725812,994,home,1,4-1-4-1,1,1,32,222606,Filip Benkovic,Center Left Defender,6,0,0,-1,,,,0,0,-1,,,,2025-04-13 05:20:15
13086,725812,994,home,1,4-1-4-1,1,1,19,237759,Dino Besirovic,Right Midfielder,7,0,0,-1,,,,1,146893,11,146893.0,4260.0,71',2025-04-13 05:20:15
13086,725812,994,home,1,4-1-4-1,1,1,8,236162,Johan Hove,Center Right Midfielder,8,0,0,-1,,,,0,0,-1,,,,2025-04-13 05:20:15
13086,725812,994,home,1,4-1-4-1,1,1,9,305500,Andronikos Kakoulis,Forward,9,0,0,-1,,,,1,346655,47,,,,2025-04-13 05:20:15
13086,725812,994,home,1,4-1-4-1,1,1,7,193105,Anton Saletros,Center Left Midfielder,10,0,0,-1,,,,0,0,-1,,,,2025-04-13 05:20:15
13086,725812,994,home,1,4-1-4-1,1,1,24,399424,Andreas Redkin,Left Midfielder,11,0,0,-1,,,,1,215152,10,215152.0,2700.0,45'+7',2025-04-13 05:20:15
13086,725812,994,home,1,4-1-4-1,1,0,21,369996,Stanley Wilson,Substitute,0,0,0,-1,,,,0,0,-1,,,,2025-04-13 05:20:15
13086,725812,994,home,1,4-1-4-1,1,0,30,218410,Kalle Joelsson,Substitute,0,0,0,-1,,,,0,0,-1,,,,2025-04-13 05:20:15
13086,725812,994,home,1,4-1-4-1,1,0,26,400799,Elvis Laan,Substitute,0,0,0,-1,,,,0,0,-1,,,,2025-04-13 05:20:15
13086,725812,994,home,1,4-1-4-1,1,0,47,346655,Alexander Beraki,Substitute,0,1,305500,9,305500.0,4620.0,77',0,0,-1,,,,2025-04-13 05:20:15
13086,725812,994,home,1,4-1-4-1,1,0,43,334029,Victor Andersson,Substitute,0,1,172923,22,172923.0,4260.0,71',0,0,-1,,,,2025-04-13 05:20:15
13086,725812,994,home,1,4-1-4-1,1,0,5,325409,Kazper Karlsson,Substitute,0,0,0,-1,,,,0,0,-1,,,,2025-04-13 05:20:15
13086,725812,994,home,1,4-1-4-1,1,0,3,258904,Thomas Poppler Isherwood,Substitute,0,0,0,-1,,,,0,0,-1,,,,2025-04-13 05:20:15
13086,725812,994,home,1,4-1-4-1,1,0,10,215152,Bersant Celina,Substitute,0,1,399424,24,399424.0,2700.0,45'+7',0,0,-1,,,,2025-04-13 05:20:15
13086,725812,994,home,1,4-1-4-1,1,0,11,146893,John Guidetti,Substitute,0,1,237759,19,237759.0,4260.0,71',0,0,-1,,,,2025-04-13 05:20:15
13086,725812,8544,away,0,4-3-3,1,1,40,19242,David Andersson,Goalkeeper,1,0,0,-1,,,,0,0,-1,,,,2025-04-06 13:27:47
13086,725812,8544,away,0,4-3-3,1,1,37,345975,Moutaz Neffati,Right Back,2,0,0,-1,,,,1,334015,24,334015.0,4620.0,77',2025-04-06 20:07:14
13086,725812,8544,away,0,4-3-3,1,1,14,306290,Yahya Kalley,Left Back,3,0,0,-1,,,,0,0,-1,,,,2025-04-06 13:27:47
13086,725812,8544,away,0,4-3-3,1,1,20,400367,Axel Brönner,Center Midfielder,4,0,0,-1,,,,1,230353,9,230353.0,3600.0,60',2025-04-06 14:18:42
13086,725812,8544,away,0,4-3-3,1,1,19,238431,Max Watson,Center Right Defender,5,0,0,-1,,,,0,0,-1,,,,2025-04-06 13:27:47
13086,725812,8544,away,0,4-3-3,1,1,2,357205,Kojo Peprah,Center Left Defender,6,0,0,-1,,,,0,0,-1,,,,2025-04-06 13:27:47
13086,725812,8544,away,0,4-3-3,1,1,11,286930,Ismet Lushaku,Right Midfielder,7,0,0,-1,,,,1,232279,7,232279.0,3600.0,60',2025-04-06 14:18:42
13086,725812,8544,away,0,4-3-3,1,1,21,334003,Jesper Ceesay,Left Midfielder,8,0,0,-1,,,,0,0,-1,,,,2025-04-06 13:27:47
13086,725812,8544,away,0,4-3-3,1,1,5,158978,Christoffer Nyman,Forward,9,0,0,-1,,,,0,0,-1,,,,2025-04-06 13:27:47
13086,725812,8544,away,0,4-3-3,1,1,15,290034,Sebastian Jorgensen,Right Forward,10,0,0,-1,,,,1,188022,10,188022.0,4620.0,77',2025-04-06 20:07:14
13086,725812,8544,away,0,4-3-3,1,1,8,321404,Ísak Andri Sigurgeirsson,Left Forward,11,0,0,-1,,,,0,0,-1,,,,2025-04-06 13:27:47
13086,725812,8544,away,0,4-3-3,1,0,24,334015,Anton Eriksson,Substitute,0,1,345975,37,345975.0,4620.0,77',0,0,-1,,,,2025-04-06 20:07:14
13086,725812,8544,away,0,4-3-3,1,0,4,356374,Amadeus Sögaard,Substitute,0,0,0,-1,,,,0,0,-1,,,,2025-04-06 13:27:47
13086,725812,8544,away,0,4-3-3,1,0,7,232279,Alexander Fransson,Substitute,0,1,286930,11,286930.0,3600.0,60',0,0,-1,,,,2025-04-06 14:18:42
13086,725812,8544,away,0,4-3-3,1,0,3,359167,Marcus Baggesen,Substitute,0,0,0,-1,,,,0,0,-1,,,,2025-04-06 13:27:47
13086,725812,8544,away,0,4-3-3,1,0,30,380189,Theo Krantz,Substitute,0,0,0,-1,,,,0,0,-1,,,,2025-04-06 13:27:47
13086,725812,8544,away,0,4-3-3,1,0,28,389749,Åke Andersson,Substitute,0,0,0,-1,,,,0,0,-1,,,,2025-04-06 13:27:47
13086,725812,8544,away,0,4-3-3,1,0,18,400219,Jónatan Arnarsson,Substitute,0,0,0,-1,,,,0,0,-1,,,,2025-04-06 13:27:47
13086,725812,8544,away,0,4-3-3,1,0,9,230353,Arnór Traustason,Substitute,0,1,400367,20,400367.0,3600.0,60',0,0,-1,,,,2025-04-06 14:18:42
13086,725812,8544,away,0,4-3-3,1,0,10,188022,David Moberg-Karlsson,Substitute,0,1,290034,15,290034.0,4620.0,77',0,0,-1,,,,2025-04-06 20:07:14
13086,725813,2556,home,1,4-3-3,1,1,1,235504,Pontus Dahlberg,Goalkeeper,1,0,0,-1,,,,0,0,-1,,,,2025-04-07 04:56:24
13086,725813,2556,home,1,4-3-3,1,1,29,343958,Thomas Santos,Right Back,2,0,0,-1,,,,1,349811,18,349811.0,4440.0,74',2025-04-07 04:56:24
13086,725813,2556,home,1,4-3-3,1,1,22,383948,Noah Tolf,Left Back,3,0,0,-1,,,,0,0,-1,,,,2025-04-07 04:56:24
13086,725813,2556,home,1,4-3-3,1,1,15,307947,David Kruse,Center Midfielder,4,0,0,-1,,,,1,313971,21,313971.0,4800.0,80',2025-04-07 04:56:24
13086,725813,2556,home,1,4-3-3,1,1,13,83736,Gustav Svensson,Center Right Defender,5,0,0,-1,,,,0,0,-1,,,,2025-04-07 04:56:24
13086,725813,2556,home,1,4-3-3,1,1,3,241163,August Erlingmark,Center Left Defender,6,0,0,-1,,,,0,0,-1,,,,2025-04-07 04:56:24
13086,725813,2556,home,1,4-3-3,1,1,30,222784,Ramon-Pascal Lundqvist,Right Midfielder,7,0,0,-1,,,,0,0,-1,,,,2025-04-07 04:56:24
13086,725813,2556,home,1,4-3-3,1,1,23,289882,Kolbeinn Thordarson,Left Midfielder,8,0,0,-1,,,,1,297985,8,,,,2025-04-07 04:56:24
13086,725813,2556,home,1,4-3-3,1,1,9,303768,Max Fenger,Forward,9,0,0,-1,,,,0,0,-1,,,,2025-04-07 04:56:24
13086,725813,2556,home,1,4-3-3,1,1,17,252746,Eman Markovic,Right Forward,10,0,0,-1,,,,1,390390,7,390390.0,3840.0,64',2025-04-07 04:56:24
13086,725813,2556,home,1,4-3-3,1,1,14,219163,Tobias Heintz,Left Forward,11,0,0,-1,,,,0,0,-1,,,,2025-04-07 04:56:24
13086,725813,2556,home,1,4-3-3,1,0,8,297985,Seedy Jagne,Substitute,0,1,289882,23,289882.0,3840.0,64',0,0,-1,,,,2025-04-07 04:56:24
13086,725813,2556,home,1,4-3-3,1,0,21,313971,Adam Carlén,Substitute,0,1,307947,15,307947.0,4800.0,80',0,0,-1,,,,2025-04-07 04:56:24
13086,725813,2556,home,1,4-3-3,1,0,16,343826,Linus Carlstrand,Substitute,0,0,0,-1,,,,0,0,-1,,,,2025-04-07 04:56:24
13086,725813,2556,home,1,4-3-3,1,0,5,220974,Jonas Bager,Substitute,0,0,0,-1,,,,0,0,-1,,,,2025-04-07 04:56:24
13086,725813,2556,home,1,4-3-3,1,0,18,349811,Felix Eriksson,Substitute,0,1,343958,29,343958.0,4440.0,74',0,0,-1,,,,2025-04-07 04:56:24
13086,725813,2556,home,1,4-3-3,1,0,25,359784,Elis Bishesari,Substitute,0,0,0,-1,,,,0,0,-1,,,,2025-04-07 04:56:24
13086,725813,2556,home,1,4-3-3,1,0,26,380238,Benjamin Brantlind,Substitute,0,0,0,-1,,,,0,0,-1,,,,2025-04-07 04:56:24
13086,725813,2556,home,1,4-3-3,1,0,7,390390,Sebastian Clemmensen,Substitute,0,1,252746,17,252746.0,3840.0,64',0,0,-1,,,,2025-04-07 04:56:24
13086,725813,2556,home,1,4-3-3,1,0,6,179771,Anders Trondsen,Substitute,0,0,0,-1,,,,0,0,-1,,,,2025-04-07 04:56:24
13086,725813,3017,away,0,3-4-3,1,1,1,264481,Tim Rönning,Goalkeeper,1,0,0,-1,,,,0,0,-1,,,,2025-04-07 04:56:24
13086,725813,3017,away,0,3-4-3,1,1,17,303666,Andre Boman,Right Midfielder,2,0,0,-1,,,,1,357130,18,357130.0,2700.0,45',2025-04-07 04:56:24
13086,725813,3017,away,0,3-4-3,1,1,15,357505,Gustav Friberg,Left Midfielder,3,0,0,-1,,,,1,317094,20,317094.0,5100.0,85',2025-04-07 04:56:24
13086,725813,3017,away,0,3-4-3,1,1,2,381647,Bleon Kurtulus,Center Left Defender,4,0,0,-1,,,,1,159454,14,159454.0,5160.0,86',2025-04-07 04:56:24
13086,725813,3017,away,0,3-4-3,1,1,5,178687,Pascal Gregor,Center Defender,5,0,0,-1,,,,0,0,-1,,,,2025-04-07 04:56:24
13086,725813,3017,away,0,3-4-3,1,1,3,357142,Gabriel Wallentin,Center Right Defender,6,0,0,-1,,,,0,0,-1,,,,2025-04-07 04:56:24
13086,725813,3017,away,0,3-4-3,1,1,6,147211,Joel Allansson,Center Right Midfielder,7,0,0,-1,,,,0,0,-1,,,,2025-04-07 04:56:24
13086,725813,3017,away,0,3-4-3,1,1,13,237843,Gisli Eyjolfsson,Center Left Midfielder,8,0,0,-1,,,,1,359293,26,359293.0,4800.0,80',2025-04-07 04:56:24
13086,725813,3017,away,0,3-4-3,1,1,9,329971,Yannick Agnero,Forward,9,0,0,-1,,,,0,0,-1,,,,2025-04-07 04:56:24
13086,725813,3017,away,0,3-4-3,1,1,11,357140,Villiam Granath,Center Right Forward,10,0,0,-1,,,,0,0,-1,,,,2025-04-07 04:56:24
13086,725813,3017,away,0,3-4-3,1,1,8,289719,Niilo Maenpaa,Center Left Forward,11,0,0,-1,,,,1,121282,21,,,,2025-04-07 04:56:24
13086,725813,3017,away,0,3-4-3,1,0,26,359293,Mans Andersson,Substitute,0,1,237843,13,,,,0,0,-1,,,,2025-04-07 04:56:24
13086,725813,3017,away,0,3-4-3,1,0,7,289218,Birnir Snær Ingason,Substitute,0,0,0,-1,,,,0,0,-1,,,,2025-04-07 04:56:24
13086,725813,3017,away,0,3-4-3,1,0,18,357130,Naeem Mohammed,Substitute,0,1,303666,17,303666.0,2700.0,45',0,0,-1,,,,2025-04-07 04:56:24
13086,725813,3017,away,0,3-4-3,1,0,25,321176,Aleksander Nilsson,Substitute,0,0,0,-1,,,,0,0,-1,,,,2025-04-07 04:56:24
13086,725813,3017,away,0,3-4-3,1,0,20,317094,Pawel Chrupalla,Substitute,0,1,357505,15,357505.0,5100.0,85',0,0,-1,,,,2025-04-07 04:56:24
13086,725813,3017,away,0,3-4-3,1,0,4,289329,Filip Schyberg,Substitute,0,0,0,-1,,,,0,0,-1,,,,2025-04-07 04:56:24
13086,725813,3017,away,0,3-4-3,1,0,12,195094,Tim Erlandsson,Substitute,0,0,0,-1,,,,0,0,-1,,,,2025-04-07 04:56:24
13086,725813,3017,away,0,3-4-3,1,0,14,159454,Blair Turgott,Substitute,0,1,381647,2,381647.0,5160.0,86',0,0,-1,,,,2025-04-07 04:56:24
13086,725813,3017,away,0,3-4-3,1,0,21,121282,Markus Olsson,Substitute,0,1,289719,8,289719.0,3840.0,64',0,0,-1,,,,2025-04-07 04:56:24
13086,725814,2720,home,1,4-4-2,1,1,1,198227,Ricardo Henrique Schuck Friedrich,Goalkeeper,1,0,0,-1,,,,0,0,-1,,,,2025-04-08 05:16:22
13086,725814,2720,home,1,4-4-2,1,1,17,193186,Jens Stryger Larsen,Right Back,2,0,0,-1,,,,0,0,-1,,,,2025-04-08 05:16:22
13086,725814,2720,home,1,4-4-2,1,1,25,301219,Busanello,Left Back,3,0,0,-1,,,,0,0,-1,,,,2025-05-01 04:53:43
13086,725814,2720,home,1,4-4-2,1,1,7,315679,Otto Rosengren,Center Right Midfielder,4,0,0,-1,,,,0,0,-1,,,,2025-04-08 05:16:22
13086,725814,2720,home,1,4-4-2,1,1,18,135579,Pontus Jansson,Center Right Defender,5,0,0,-1,,,,0,0,-1,,,,2025-04-08 05:16:22
13086,725814,2720,home,1,4-4-2,1,1,19,279135,Colin Rösler,Center Left Defender,6,0,0,-1,,,,0,0,-1,,,,2025-04-08 05:16:22
13086,725814,2720,home,1,4-4-2,1,1,29,218450,Sead Haksabanovic,Right Midfielder,7,0,0,-1,,,,1,314164,22,,,,2025-04-08 05:16:22
13086,725814,2720,home,1,4-4-2,1,1,23,286434,Lasser Berg Johnsen,Center Left Midfielder,8,0,0,-1,,,,0,0,-1,,,,2025-04-08 05:16:22
13086,725814,2720,home,1,4-4-2,1,1,20,239925,Erik Botheim,Center Left Forward,9,0,0,-1,,,,1,138055,16,138055.0,5220.0,87',2025-04-08 05:16:22
13086,725814,2720,home,1,4-4-2,1,1,10,149538,Anders Christiansen,Center Right Forward,10,0,0,-1,,,,1,166657,9,166657.0,4800.0,80',2025-04-08 05:16:22
13086,725814,2720,home,1,4-4-2,1,1,38,330239,Hugo Bolin,Left Midfielder,11,0,0,-1,,,,1,255228,8,255228.0,3960.0,66',2025-04-08 05:16:22
13086,725814,2720,home,1,4-4-2,1,0,35,380679,Nils Zätterström,Substitute,0,0,0,-1,,,,0,0,-1,,,,2025-04-08 05:16:22
13086,725814,2720,home,1,4-4-2,1,0,8,255228,Arnór Sigurdsson,Substitute,0,1,330239,38,330239.0,3960.0,66',0,0,-1,,,,2025-04-08 05:16:22
13086,725814,2720,home,1,4-4-2,1,0,22,314164,Taha Abdi Ali,Substitute,0,1,218450,29,218450.0,3960.0,66',0,0,-1,,,,2025-04-08 05:16:22
13086,725814,2720,home,1,4-4-2,1,0,9,166657,Isaac Kiese Thelin,Substitute,0,1,149538,10,149538.0,4800.0,80',0,0,-1,,,,2025-04-08 05:16:22
13086,725814,2720,home,1,4-4-2,1,0,11,308880,Emmanuel Ekong,Substitute,0,0,0,-1,,,,0,0,-1,,,,2025-04-08 05:16:22
13086,725814,2720,home,1,4-4-2,1,0,33,307800,Melker Ellborg,Substitute,0,0,0,-1,,,,0,0,-1,,,,2025-04-08 05:16:22
13086,725814,2720,home,1,4-4-2,1,0,16,138055,Oliver Berg,Substitute,0,1,239925,20,239925.0,5220.0,87',0,0,-1,,,,2025-04-08 05:16:22
13086,725814,2720,home,1,4-4-2,1,0,2,9101,Johan Karlsson,Substitute,0,0,0,-1,,,,0,0,-1,,,,2025-04-08 05:16:22
13086,725814,2720,home,1,4-4-2,1,0,13,75987,Martin Olsson,Substitute,0,0,0,-1,,,,0,0,-1,,,,2025-04-08 05:16:22
13086,725814,529,away,0,4-2-3-1,1,1,31,250169,Isak Pettersson,Goalkeeper,1,0,0,-1,,,,0,0,-1,,,,2025-04-08 05:16:22
13086,725814,529,away,0,4-2-3-1,1,1,6,286729,Rasmus Wikstrom,Right Back,2,0,0,-1,,,,0,0,-1,,,,2025-04-08 05:16:22
13086,725814,529,away,0,4-2-3-1,1,1,23,134644,Niklas Hult,Left Back,3,0,0,-1,,,,1,240486,19,240486.0,4920.0,82',2025-04-08 05:16:22
13086,725814,529,away,0,4-2-3-1,1,1,10,245883,Simon Olsson,Left Midfielder,4,0,0,-1,,,,1,174501,17,174501.0,4920.0,82',2025-04-08 05:16:22
13086,725814,529,away,0,4-2-3-1,1,1,8,194092,Sebastian Holmén,Center Right Defender,5,0,0,-1,,,,0,0,-1,,,,2025-04-08 05:16:22
13086,725814,529,away,0,4-2-3-1,1,1,2,380023,Terry Yegbe,Center Left Defender,6,0,0,-1,,,,0,0,-1,,,,2025-04-08 05:16:22
13086,725814,529,away,0,4-2-3-1,1,1,20,362584,Gottfrid Rapp,Attacking Midfielder Right,7,0,0,-1,,,,1,342093,25,342093.0,3720.0,62',2025-04-08 05:16:22
13086,725814,529,away,0,4-2-3-1,1,1,18,305401,Júlíus Magnússon,Right Midfielder,8,0,0,-1,,,,1,402326,16,402326.0,3720.0,62',2025-04-08 05:16:22
13086,725814,529,away,0,4-2-3-1,1,1,11,303614,Taylor Silverholt,Forward,9,0,0,-1,,,,1,304180,24,304180.0,4620.0,77',2025-04-08 05:16:22
13086,725814,529,away,0,4-2-3-1,1,1,27,334024,Besfort Zeneli,Attacking Midfielder,10,0,0,-1,,,,0,0,-1,,,,2025-04-08 05:16:22
13086,725814,529,away,0,4-2-3-1,1,1,15,173040,Simon Hedlund,Attacking Midfielder Left,11,0,0,-1,,,,0,0,-1,,,,2025-04-08 05:16:22
13086,725814,529,away,0,4-2-3-1,1,0,19,240486,Rami Kaib,Substitute,0,1,134644,23,134644.0,4920.0,82',0,0,-1,,,,2025-04-08 05:16:22
13086,725814,529,away,0,4-2-3-1,1,0,16,402326,Altti Hellemaa,Substitute,0,1,305401,18,305401.0,3720.0,62',0,0,-1,,,,2025-04-08 05:16:22
13086,725814,529,away,0,4-2-3-1,1,0,30,176191,Lucas Hagg Johansson,Substitute,0,0,0,-1,,,,0,0,-1,,,,2025-04-08 05:16:22
13086,725814,529,away,0,4-2-3-1,1,0,17,174501,Per Frick,Substitute,0,1,245883,10,245883.0,4920.0,82',0,0,-1,,,,2025-04-08 05:16:22
13086,725814,529,away,0,4-2-3-1,1,0,28,389426,Frode Aronsson,Substitute,0,0,0,-1,,,,0,0,-1,,,,2025-04-08 05:16:22
13086,725814,529,away,0,4-2-3-1,1,0,26,380321,Ludvig Richtnér,Substitute,0,0,0,-1,,,,0,0,-1,,,,2025-04-08 05:16:22
13086,725814,529,away,0,4-2-3-1,1,0,25,342093,Ari Sigurpálsson,Substitute,0,1,362584,20,362584.0,3720.0,62',0,0,-1,,,,2025-04-08 05:16:22
13086,725814,529,away,0,4-2-3-1,1,0,24,304180,Frederik Ihler,Substitute,0,1,303614,11,303614.0,4620.0,77',0,0,-1,,,,2025-04-08 05:16:22
13086,725814,529,away,0,4-2-3-1,1,0,4,202682,Daniel Granli,Substitute,0,0,0,-1,,,,0,0,-1,,,,2025-04-08 05:16:22
13086,725815,20301,home,0,3-4-3,1,1,1,301377,Noel Tornqvist,Goalkeeper,1,0,0,-1,,,,0,0,-1,,,,2025-04-06 20:25:16
13086,725815,20301,home,0,3-4-3,1,1,14,312876,Herman Johansson,Right Midfielder,2,0,0,-1,,,,0,0,-1,,,,2025-04-06 20:25:16
13086,725815,20301,home,0,3-4-3,1,1,17,357145,Elliot Stroud,Left Midfielder,3,0,0,-1,,,,1,330245,9,330245.0,4860.0,81',2025-04-06 20:25:16
13086,725815,20301,home,0,3-4-3,1,1,24,172917,Tom Pettersson,Center Left Defender,4,0,0,-1,,,,0,0,-1,,,,2025-04-06 20:25:16
13086,725815,20301,home,0,3-4-3,1,1,13,259548,Jakob Kiilerich,Center Defender,5,0,0,-1,,,,0,0,-1,,,,2025-04-06 20:25:16
13086,725815,20301,home,0,3-4-3,1,1,4,306289,Axel Norén,Center Right Defender,6,0,0,-1,,,,0,0,-1,,,,2025-04-06 20:25:16
13086,725815,20301,home,0,3-4-3,1,1,10,249171,Nicklas Rojkjaer,Center Right Midfielder,7,0,0,-1,,,,0,0,-1,,,,2025-04-06 20:25:16
13086,725815,20301,home,0,3-4-3,1,1,22,192793,Jesper Gustavsson,Center Left Midfielder,8,0,0,-1,,,,0,0,-1,,,,2025-04-06 20:25:16
13086,725815,20301,home,0,3-4-3,1,1,16,301382,Alexander Johansson,Forward,9,0,0,-1,,,,1,293925,18,293925.0,3780.0,63',2025-04-06 20:25:16
13086,725815,20301,home,0,3-4-3,1,1,7,303651,Viktor Gustafson,Center Right Forward,10,0,0,-1,,,,1,356408,6,,,,2025-04-06 20:25:16
13086,725815,20301,home,0,3-4-3,1,1,19,380320,Abdoulie Manneh,Center Left Forward,11,0,0,-1,,,,0,0,-1,,,,2025-04-06 20:25:16
13086,725815,20301,home,0,3-4-3,1,0,18,293925,Jacob Bergstrom,Substitute,0,1,301382,16,301382.0,3780.0,63',0,0,-1,,,,2025-04-06 20:25:16
13086,725815,20301,home,0,3-4-3,1,0,35,151931,Alexander Lundin,Substitute,0,0,0,-1,,,,0,0,-1,,,,2025-04-06 20:25:16
13086,725815,20301,home,0,3-4-3,1,0,9,330245,Calvin Kabuye,Substitute,0,1,357145,17,357145.0,4860.0,81',0,0,-1,,,,2025-04-06 20:25:16
13086,725815,20301,home,0,3-4-3,1,0,27,346501,Ludvig Tidstrand,Substitute,0,0,0,-1,,,,0,0,-1,,,,2025-04-06 20:25:16
13086,725815,20301,home,0,3-4-3,1,0,5,356281,Abdullah Iqbal,Substitute,0,0,0,-1,,,,0,0,-1,,,,2025-04-06 20:25:16
13086,725815,20301,home,0,3-4-3,1,0,6,356408,Ludwig Thorell,Substitute,0,1,303651,7,303651.0,3780.0,63',0,0,-1,,,,2025-04-06 20:25:16
13086,725815,20301,home,0,3-4-3,1,0,26,357118,Uba Charles,Substitute,0,0,0,-1,,,,0,0,-1,,,,2025-04-06 20:25:16
13086,725815,20301,home,0,3-4-3,1,0,39,389637,Romeo Leandersson,Substitute,0,0,0,-1,,,,0,0,-1,,,,2025-04-06 20:25:16
13086,725815,20301,home,0,3-4-3,1,0,23,402887,Olle Nilsson,Substitute,0,0,0,-1,,,,0,0,-1,,,,2025-04-06 20:25:16
13086,725815,8222,away,0,4-3-3,1,1,1,312877,Mergim Krasniqi,Goalkeeper,1,0,0,-1,,,,0,0,-1,,,,2025-04-06 20:25:16
13086,725815,8222,away,0,4-3-3,1,1,6,378806,August Wängberg,Right Back,2,0,0,-1,,,,0,0,-1,,,,2025-04-06 20:25:16
13086,725815,8222,away,0,4-3-3,1,1,12,356377,Robin Frej,Left Back,3,0,0,-1,,,,0,0,-1,,,,2025-04-06 20:25:16
13086,725815,8222,away,0,4-3-3,1,1,32,359795,Harun Ibrahim,Center Midfielder,4,0,0,-1,,,,1,400221,16,400221.0,5280.0,88',2025-04-06 20:25:16
13086,725815,8222,away,0,4-3-3,1,1,4,333728,Oskar Agren,Center Right Defender,5,0,0,-1,,,,0,0,-1,,,,2025-04-06 20:25:16
13086,725815,8222,away,0,4-3-3,1,1,24,378826,Filip Beckman,Center Left Defender,6,0,0,-1,,,,0,0,-1,,,,2025-04-06 20:25:16
13086,725815,8222,away,0,4-3-3,1,1,21,315674,Axel Henriksson,Right Midfielder,7,0,0,-1,,,,0,0,-1,,,,2025-04-06 20:25:16
13086,725815,8222,away,0,4-3-3,1,1,8,312852,William Milovanovic,Left Midfielder,8,0,0,-1,,,,1,313931,18,313931.0,4260.0,71',2025-04-06 20:25:16
13086,725815,8222,away,0,4-3-3,1,1,28,235766,Lucas Hedlund,Forward,9,0,0,-1,,,,1,308726,19,308726.0,3660.0,61',2025-04-06 20:25:16
13086,725815,8222,away,0,4-3-3,1,1,9,378816,Gustav Lundgren,Right Forward,10,0,0,-1,,,,0,0,-1,,,,2025-04-06 20:25:16
13086,725815,8222,away,0,4-3-3,1,1,10,347031,Amin Boudri,Left Forward,11,0,0,-1,,,,1,241105,26,241105.0,3660.0,61',2025-04-06 20:25:16
13086,725815,8222,away,0,4-3-3,1,0,30,400218,Victor Astor,Substitute,0,0,0,-1,,,,0,0,-1,,,,2025-04-06 20:25:16
13086,725815,8222,away,0,4-3-3,1,0,16,400221,Rasmus Niklasson Petrovic,Substitute,0,1,359795,32,359795.0,5280.0,88',0,0,-1,,,,2025-04-06 20:25:16
13086,725815,8222,away,0,4-3-3,1,0,25,149765,Jonas Lindberg,Substitute,0,0,0,-1,,,,0,0,-1,,,,2025-04-06 20:25:16
13086,725815,8222,away,0,4-3-3,1,0,26,241105,Chovanie Amatkarijo,Substitute,0,1,347031,10,347031.0,3660.0,61',0,0,-1,,,,2025-04-06 20:25:16
13086,725815,8222,away,0,4-3-3,1,0,19,308726,Ibrahim Diabate,Substitute,0,1,235766,28,235766.0,3660.0,61',0,0,-1,,,,2025-04-06 20:25:16
13086,725815,8222,away,0,4-3-3,1,0,11,334033,Edvin Becirovic,Substitute,0,0,0,-1,,,,0,0,-1,,,,2025-04-06 20:25:16
13086,725815,8222,away,0,4-3-3,1,0,22,378820,Anes Cardaklija,Substitute,0,0,0,-1,,,,0,0,-1,,,,2025-04-06 20:25:16
13086,725815,8222,away,0,4-3-3,1,0,2,400217,Matteo De Brienne,Substitute,0,0,0,-1,,,,0,0,-1,,,,2025-04-06 20:25:16
13086,725815,8222,away,0,4-3-3,1,0,18,313931,Kevin Holmen,Substitute,0,1,312852,8,312852.0,4260.0,71',0,0,-1,,,,2025-04-06 20:25:16
13086,725816,8547,home,0,4-4-2,1,1,1,313973,Ismael Diarra Diawara,Goalkeeper,1,0,0,-1,,,,0,0,-1,,,,2025-04-14 05:15:01
13086,725816,8547,home,0,4-4-2,1,1,3,299250,Bogdan Milovanov,Right Back,2,0,0,-1,,,,1,298341,13,298341.0,5160.0,86',2025-04-14 05:15:01
13086,725816,8547,home,0,4-4-2,1,1,33,342596,Saba Mamatsashvili,Left Back,3,0,0,-1,,,,1,235518,21,235518.0,3120.0,52',2025-04-14 05:15:01
13086,725816,8547,home,0,4-4-2,1,1,18,315677,Adam Vikman,Center Right Midfielder,4,0,0,-1,,,,1,359495,36,359495.0,5100.0,85',2025-04-14 05:15:01
13086,725816,8547,home,0,4-4-2,1,1,5,25076,Tobias Carlsson,Center Right Defender,5,0,0,-1,,,,0,0,-1,,,,2025-04-14 05:15:01
13086,725816,8547,home,0,4-4-2,1,1,4,366597,Tobias Anker,Center Left Defender,6,0,0,-1,,,,0,0,-1,,,,2025-04-14 05:15:01
13086,725816,8547,home,0,4-4-2,1,1,17,15527,Marcus Lindberg,Right Midfielder,7,0,0,-1,,,,1,344867,29,344867.0,4200.0,70',2025-04-14 05:15:01
13086,725816,8547,home,0,4-4-2,1,1,14,323176,Leo Walta,Center Left Midfielder,8,0,0,-1,,,,0,0,-1,,,,2025-04-14 05:15:01
13086,725816,8547,home,0,4-4-2,1,1,9,322993,Robbie Ure,Center Left Forward,9,0,0,-1,,,,0,0,-1,,,,2025-04-14 05:15:01
13086,725816,8547,home,0,4-4-2,1,1,7,22706,Joakim Persson,Center Right Forward,10,0,0,-1,,,,0,0,-1,,,,2025-04-14 05:15:01
13086,725816,8547,home,0,4-4-2,1,1,10,358564,Melker Heier,Left Midfielder,11,0,0,-1,,,,1,401059,24,401059.0,5160.0,86',2025-04-14 05:15:01
13086,725816,8547,home,0,4-4-2,1,0,8,311741,Andreas Anderson,Substitute,0,0,0,-1,,,,0,0,-1,,,,2025-04-14 05:15:01
13086,725816,8547,home,0,4-4-2,1,0,13,298341,Jakob Voelkerling Persson,Substitute,0,1,299250,3,299250.0,5160.0,86',0,0,-1,,,,2025-04-14 05:15:01
13086,725816,8547,home,0,4-4-2,1,0,21,235518,Dennis Widgren,Substitute,0,1,342596,33,342596.0,3120.0,52',0,0,-1,,,,2025-04-14 05:15:01
13086,725816,8547,home,0,4-4-2,1,0,34,325348,David Celic,Substitute,0,0,0,-1,,,,0,0,-1,,,,2025-04-14 05:15:01
13086,725816,8547,home,0,4-4-2,1,0,29,344867,Isak Bjerkebo,Substitute,0,1,15527,17,15527.0,4200.0,70',0,0,-1,,,,2025-04-14 05:15:01
13086,725816,8547,home,0,4-4-2,1,0,36,359495,August Ljungberg,Substitute,0,1,315677,18,,,,0,0,-1,,,,2025-04-14 05:15:01
13086,725816,8547,home,0,4-4-2,1,0,20,382138,Victor Ekström,Substitute,0,0,0,-1,,,,0,0,-1,,,,2025-04-14 05:15:01
13086,725816,8547,home,0,4-4-2,1,0,12,399630,Isaac Yawe Höök,Substitute,0,0,0,-1,,,,0,0,-1,,,,2025-04-14 05:15:01
13086,725816,8547,home,0,4-4-2,1,0,24,401059,Victor Svensson,Substitute,0,1,358564,10,358564.0,5160.0,86',0,0,-1,,,,2025-04-14 05:15:01
13086,725816,2339,away,1,4-2-3-1,1,1,45,219533,Filip Manojlovic,Goalkeeper,1,0,0,-1,,,,0,0,-1,,,,2025-04-06 04:54:38
13086,725816,2339,away,1,4-2-3-1,1,1,18,269457,Adam Stahl,Right Back,2,0,0,-1,,,,0,0,-1,,,,2025-04-06 04:54:38
13086,725816,2339,away,1,4-2-3-1,1,1,27,371596,Keita Kosugi,Left Back,3,0,0,-1,,,,0,0,-1,,,,2025-04-06 04:54:38
13086,725816,2339,away,1,4-2-3-1,1,1,20,364226,Matias Siltanen,Left Midfielder,4,0,0,-1,,,,0,0,-1,,,,2025-04-06 04:54:38
13086,725816,2339,away,1,4-2-3-1,1,1,5,289721,Miro Tenho,Center Right Defender,5,0,0,-1,,,,0,0,-1,,,,2025-04-06 04:54:38
13086,725816,2339,away,1,4-2-3-1,1,1,4,237053,Jacob Larsson,Center Left Defender,6,0,0,-1,,,,0,0,-1,,,,2025-04-06 04:54:38
13086,725816,2339,away,1,4-2-3-1,1,1,10,164556,Tokmac Nguen,Attacking Midfielder Right,7,0,0,-1,,,,0,0,-1,,,,2025-04-06 04:54:38
13086,725816,2339,away,1,4-2-3-1,1,1,6,136911,Rasmus Schüller,Right Midfielder,8,0,0,-1,,,,1,120652,8,120652.0,720.0,12',2025-04-06 04:54:38
13086,725816,2339,away,1,4-2-3-1,1,1,11,372767,Zakaria Sawo,Forward,9,0,0,-1,,,,1,289519,23,289519.0,4680.0,78',2025-04-06 04:54:38
13086,725816,2339,away,1,4-2-3-1,1,1,7,295863,Tobias Fjeld Gulliksen,Attacking Midfielder,10,0,0,-1,,,,1,172855,3,,,,2025-04-06 04:54:38
13086,725816,2339,away,1,4-2-3-1,1,1,15,312383,Oskar Fallenius,Attacking Midfielder Left,11,0,0,-1,,,,1,275575,29,275575.0,5220.0,87',2025-04-06 04:54:38
13086,725816,2339,away,1,4-2-3-1,1,0,19,357204,Viktor Bergh,Substitute,0,0,0,-1,,,,0,0,-1,,,,2025-04-06 04:54:38
13086,725816,2339,away,1,4-2-3-1,1,0,32,350206,Isak Alemayehu,Substitute,0,0,0,-1,,,,0,0,-1,,,,2025-04-06 04:54:38
13086,725816,2339,away,1,4-2-3-1,1,0,23,289519,Nino Zugelj,Substitute,0,1,372767,11,372767.0,4680.0,78',0,0,-1,,,,2025-04-06 04:54:38
13086,725816,2339,away,1,4-2-3-1,1,0,29,275575,Santeri Haarala,Substitute,0,1,312383,15,312383.0,5220.0,87',0,0,-1,,,,2025-04-06 04:54:38
13086,725816,2339,away,1,4-2-3-1,1,0,14,272148,Hampus Finndell,Substitute,0,0,0,-1,,,,0,0,-1,,,,2025-04-06 04:54:38
13086,725816,2339,away,1,4-2-3-1,1,0,35,203266,Jacob Rinne,Substitute,0,0,0,-1,,,,0,0,-1,,,,2025-04-06 04:54:38
13086,725816,2339,away,1,4-2-3-1,1,0,3,172855,Marcus Danielsson,Substitute,0,1,295863,7,,,,0,0,-1,,,,2025-04-06 04:54:38
13086,725816,2339,away,1,4-2-3-1,1,0,8,120652,Albin Ekdal,Substitute,0,1,136911,6,136911.0,720.0,12',0,0,-1,,,,2025-04-06 04:54:38
13086,725816,2339,away,1,4-2-3-1,1,0,12,357136,Theo Bergvall,Substitute,0,0,0,-1,,,,0,0,-1,,,,2025-04-06 04:54:38
13086,725817,20856,home,1,5-3-2,1,1,25,400140,Rasmus Forsell,Goalkeeper,1,0,0,-1,,,,0,0,-1,,,,2025-04-13 05:20:15
13086,725817,20856,home,1,5-3-2,1,1,16,205158,Sebastian Ohlsson,Right Back,2,0,0,-1,,,,1,357137,23,,,,2025-04-13 05:20:15
13086,725817,20856,home,1,5-3-2,1,1,2,256567,Mamadouba Diaby,Left Back,3,0,0,-1,,,,1,236415,12,236415.0,4620.0,77',2025-04-13 05:20:15
13086,725817,20856,home,1,5-3-2,1,1,30,255257,Bernardo Morgado,Center Defender,5,0,0,-1,,,,0,0,-1,,,,2025-04-13 05:20:15
13086,725817,20856,home,1,5-3-2,1,1,4,301367,Leon Hien,Center Right Defender,6,0,0,-1,,,,1,385769,5,385769.0,4800.0,80',2025-04-13 05:20:15
13086,725817,20856,home,1,5-3-2,1,1,8,301374,Nahom Girmai,Center Right Midfielder,7,0,0,-1,,,,0,0,-1,,,,2025-04-13 05:20:15
13086,725817,20856,home,1,5-3-2,1,1,11,218520,Christos Gravius,Center Midfielder,8,0,0,-1,,,,0,0,-1,,,,2025-04-13 05:20:15
13086,725817,20856,home,1,5-3-2,1,1,21,398192,Elias Pihlström,Center Left Forward,9,0,0,-1,,,,1,400142,22,400142.0,4560.0,76',2025-04-13 05:20:15
13086,725817,20856,home,1,5-3-2,1,1,19,333259,Omar Faraj,Center Right Forward,10,0,0,-1,,,,0,0,-1,,,,2025-04-13 05:20:15
13086,725817,20856,home,1,5-3-2,1,1,20,400141,Elias Barsoum,Center Left Midfielder,11,0,0,-1,,,,1,178387,17,178387.0,4560.0,76',2025-04-13 05:20:15
13086,725817,20856,home,1,5-3-2,1,0,22,400142,Maill Lundgren,Substitute,0,1,398192,21,398192.0,4560.0,76',0,0,-1,,,,2025-04-13 05:20:15
13086,725817,20856,home,1,5-3-2,1,0,27,400375,Ziyad Salifu,Substitute,0,0,0,-1,,,,0,0,-1,,,,2025-04-13 05:20:15
13086,725817,20856,home,1,5-3-2,1,0,23,357137,Alexander Lindskog,Substitute,0,1,205158,16,205158.0,5100.0,85',0,0,-1,,,,2025-04-14 05:15:01
13086,725817,20856,home,1,5-3-2,1,0,5,385769,Juhani Pikkarainen,Substitute,0,1,301367,4,301367.0,4800.0,80',0,0,-1,,,,2025-04-13 05:20:15
13086,725817,20856,home,1,5-3-2,1,0,15,324395,Nasiru Moro,Substitute,0,0,0,-1,,,,0,0,-1,,,,2025-04-13 05:20:15
13086,725817,20856,home,1,5-3-2,1,0,1,286770,Willie Jakobsson,Substitute,0,0,0,-1,,,,0,0,-1,,,,2025-04-13 05:20:15
13086,725817,20856,home,1,5-3-2,1,0,12,236415,Erik Lindell,Substitute,0,1,256567,2,256567.0,4620.0,77',0,0,-1,,,,2025-04-13 05:20:15
13086,725817,20856,home,1,5-3-2,1,0,17,178387,Luc Kassi,Substitute,0,1,400141,20,400141.0,4560.0,76',0,0,-1,,,,2025-04-13 05:20:15
13086,725817,20856,home,1,5-3-2,1,0,18,398189,Teo Grönborg,Substitute,0,0,0,-1,,,,0,0,-1,,,,2025-04-13 05:20:15
13086,725817,21382,away,0,4-3-3,1,1,39,341335,Viktor Andersson,Goalkeeper,1,0,0,-1,,,,0,0,-1,,,,2025-04-06 20:25:16
13086,725817,21382,away,0,4-3-3,1,1,5,334035,Victor Larsson,Right Back,2,0,0,-1,,,,0,0,-1,,,,2025-04-06 20:25:16
13086,725817,21382,away,0,4-3-3,1,1,24,357202,Emin Grozdanic,Left Back,3,0,0,-1,,,,0,0,-1,,,,2025-04-06 20:25:16
13086,725817,21382,away,0,4-3-3,1,1,8,272404,Luke Le Roux,Center Midfielder,4,0,0,-1,,,,0,0,-1,,,,2025-04-13 05:20:15
13086,725817,21382,away,0,4-3-3,1,1,6,267616,Hugo Andersson,Center Right Defender,5,0,0,-1,,,,1,272272,3,272272.0,4200.0,70',2025-04-06 20:25:16
13086,725817,21382,away,0,4-3-3,1,1,2,380552,Johan Rapp,Center Left Defender,6,0,0,-1,,,,0,0,-1,,,,2025-04-06 20:25:16
13086,725817,21382,away,0,4-3-3,1,1,22,158993,Simon Thern,Right Midfielder,7,0,0,-1,,,,1,344869,28,,,,2025-04-13 05:20:15
13086,725817,21382,away,0,4-3-3,1,1,11,303480,Wenderson,Left Midfielder,8,0,0,-1,,,,0,0,-1,,,,2025-04-13 05:20:15
13086,725817,21382,away,0,4-3-3,1,1,18,381397,Mohammad Alsalkhadi,Forward,9,0,0,-1,,,,0,0,-1,,,,2025-04-06 20:25:16
13086,725817,21382,away,0,4-3-3,1,1,7,193351,Carl Johansson,Right Forward,10,0,0,-1,,,,0,0,-1,,,,2025-04-06 20:25:16
13086,725817,21382,away,0,4-3-3,1,1,9,337564,Johnbosco Samuel Kalu,Left Forward,11,0,0,-1,,,,1,353250,32,353250.0,4200.0,70',2025-04-06 20:25:16
13086,725817,21382,away,0,4-3-3,1,0,3,272272,Axel Bjornstrom,Substitute,0,1,267616,6,267616.0,4200.0,70',0,0,-1,,,,2025-04-06 20:25:16
13086,725817,21382,away,0,4-3-3,1,0,4,383897,Rufai Mohammmed,Substitute,0,0,0,-1,,,,0,0,-1,,,,2025-04-06 20:25:16
13086,725817,21382,away,0,4-3-3,1,0,17,365517,Fred Bozicevic,Substitute,0,0,0,-1,,,,0,0,-1,,,,2025-04-06 20:25:16
13086,725817,21382,away,0,4-3-3,1,0,32,353250,Kenan Bilalovic,Substitute,0,1,337564,9,337564.0,4200.0,70',0,0,-1,,,,2025-04-06 20:25:16
13086,725817,21382,away,0,4-3-3,1,0,10,345479,Ajdin Zeljkovic,Substitute,0,0,0,-1,,,,0,0,-1,,,,2025-04-06 20:25:16
13086,725817,21382,away,0,4-3-3,1,0,28,344869,Frank Adjei,Substitute,0,1,158993,22,158993.0,4200.0,70',0,0,-1,,,,2025-04-06 20:25:16
13086,725817,21382,away,0,4-3-3,1,0,16,239346,Albin Lohikangas,Substitute,0,0,0,-1,,,,0,0,-1,,,,2025-04-06 20:25:16
13086,725817,21382,away,0,4-3-3,1,0,20,334028,Freddy Roland Winsth,Substitute,0,0,0,-1,,,,0,0,-1,,,,2025-04-06 20:25:16
13086,725817,21382,away,0,4-3-3,1,0,1,277177,Hugo Keto,Substitute,0,0,0,-1,,,,0,0,-1,,,,2025-04-06 20:25:16
13086,725818,994,home,0,3-4-2-1,1,1,30,218410,Kalle Joelsson,Goalkeeper,1,0,0,-1,,,,0,0,-1,,,,2025-04-16 05:06:42
13086,725818,994,home,0,3-4-2-1,1,1,17,229692,Mads Thychosen,Right Midfielder,2,0,0,-1,,,,0,0,-1,,,,2025-04-16 05:06:42
13086,725818,994,home,0,3-4-2-1,1,1,19,237759,Dino Besirovic,Left Midfielder,3,0,0,-1,,,,0,0,-1,,,,2025-04-16 05:06:42
13086,725818,994,home,0,3-4-2-1,1,1,3,258904,Thomas Poppler Isherwood,Center Left Defender,4,0,0,-1,,,,0,0,-1,,,,2025-04-16 05:06:42
13086,725818,994,home,0,3-4-2-1,1,1,4,223140,Sotiris Papagiannopoulos,Center Defender,5,0,0,-1,,,,0,0,-1,,,,2025-04-16 05:06:42
13086,725818,994,home,0,3-4-2-1,1,1,32,222606,Filip Benkovic,Center Right Defender,6,0,0,-1,,,,0,0,-1,,,,2025-04-16 05:06:42
13086,725818,994,home,0,3-4-2-1,1,1,33,322466,Aron Csongvai,Center Right Midfielder,7,0,0,-1,,,,0,0,-1,,,,2025-04-16 05:06:42
13086,725818,994,home,0,3-4-2-1,1,1,7,193105,Anton Saletros,Center Left Midfielder,8,0,0,-1,,,,0,0,-1,,,,2025-04-16 05:06:42
13086,725818,994,home,0,3-4-2-1,1,1,11,146893,John Guidetti,Forward,9,0,0,-1,,,,1,305500,9,305500.0,5400.0,90'+1',2025-04-16 05:06:42
13086,725818,994,home,0,3-4-2-1,1,1,8,236162,Johan Hove,Center Right Forward,10,0,0,-1,,,,1,346655,47,,,,2025-04-16 05:06:42
13086,725818,994,home,0,3-4-2-1,1,1,10,215152,Bersant Celina,Center Left Forward,11,0,0,-1,,,,0,0,-1,,,,2025-04-16 05:06:42
13086,725818,994,home,0,3-4-2-1,1,0,47,346655,Alexander Beraki,Substitute,0,1,236162,8,236162.0,5100.0,85',0,0,-1,,,,2025-04-16 05:06:42
13086,725818,994,home,0,3-4-2-1,1,0,43,334029,Victor Andersson,Substitute,0,0,0,-1,,,,0,0,-1,,,,2025-04-16 05:06:42
13086,725818,994,home,0,3-4-2-1,1,0,21,369996,Stanley Wilson,Substitute,0,0,0,-1,,,,0,0,-1,,,,2025-04-16 05:06:42
13086,725818,994,home,0,3-4-2-1,1,0,26,400799,Elvis Laan,Substitute,0,0,0,-1,,,,0,0,-1,,,,2025-04-16 05:06:42
13086,725818,994,home,0,3-4-2-1,1,0,22,172923,Jere Uronen,Substitute,0,0,0,-1,,,,0,0,-1,,,,2025-04-16 05:06:42
13086,725818,994,home,0,3-4-2-1,1,0,20,334005,Oscar Uddenas,Substitute,0,0,0,-1,,,,0,0,-1,,,,2025-04-16 05:06:42
13086,725818,994,home,0,3-4-2-1,1,0,5,325409,Kazper Karlsson,Substitute,0,0,0,-1,,,,0,0,-1,,,,2025-04-16 05:06:42
13086,725818,994,home,0,3-4-2-1,1,0,9,305500,Andronikos Kakoulis,Substitute,0,1,146893,11,146893.0,5400.0,90'+1',0,0,-1,,,,2025-04-16 05:06:42
13086,725818,994,home,0,3-4-2-1,1,0,13,39733,Kenny Stamatopoulos,Substitute,0,0,0,-1,,,,0,0,-1,,,,2025-04-16 05:06:42
13086,725818,2720,away,0,4-3-2-1,1,1,1,198227,Ricardo Henrique Schuck Friedrich,Goalkeeper,1,0,0,-1,,,,0,0,-1,,,,2025-04-16 05:06:42
13086,725818,2720,away,0,4-3-2-1,1,1,17,193186,Jens Stryger Larsen,Right Back,2,0,0,-1,,,,0,0,-1,,,,2025-04-16 05:06:42
13086,725818,2720,away,0,4-3-2-1,1,1,25,301219,Busanello,Left Back,3,0,0,-1,,,,0,0,-1,,,,2025-05-02 04:51:39
13086,725818,2720,away,0,4-3-2-1,1,1,23,286434,Lasser Berg Johnsen,Center Midfielder,4,0,0,-1,,,,0,0,-1,,,,2025-04-16 05:06:42
13086,725818,2720,away,0,4-3-2-1,1,1,18,135579,Pontus Jansson,Center Right Defender,5,0,0,-1,,,,0,0,-1,,,,2025-04-16 05:06:42
13086,725818,2720,away,0,4-3-2-1,1,1,19,279135,Colin Rösler,Center Left Defender,6,0,0,-1,,,,0,0,-1,,,,2025-04-16 05:06:42
13086,725818,2720,away,0,4-3-2-1,1,1,38,330239,Hugo Bolin,Center Left Midfielder,7,0,0,-1,,,,0,0,-1,,,,2025-04-16 05:06:42
13086,725818,2720,away,0,4-3-2-1,1,1,7,315679,Otto Rosengren,Center Right Midfielder,8,0,0,-1,,,,0,0,-1,,,,2025-04-16 05:06:42
13086,725818,2720,away,0,4-3-2-1,1,1,20,239925,Erik Botheim,Forward,9,0,0,-1,,,,1,166657,9,166657.0,3900.0,65',2025-04-16 05:06:42
13086,725818,2720,away,0,4-3-2-1,1,1,10,149538,Anders Christiansen,Center Right Forward,10,0,0,-1,,,,1,218450,29,218450.0,3900.0,65',2025-04-16 05:06:42
13086,725818,2720,away,0,4-3-2-1,1,1,22,314164,Taha Abdi Ali,Center Left Forward,11,0,0,-1,,,,1,255228,8,255228.0,4380.0,73',2025-04-16 05:06:42
13086,725818,2720,away,0,4-3-2-1,1,0,29,218450,Sead Haksabanovic,Substitute,0,1,149538,10,149538.0,3900.0,65',0,0,-1,,,,2025-04-16 05:06:42
13086,725818,2720,away,0,4-3-2-1,1,0,9,166657,Isaac Kiese Thelin,Substitute,0,1,239925,20,239925.0,3900.0,65',0,0,-1,,,,2025-04-16 05:06:42
13086,725818,2720,away,0,4-3-2-1,1,0,2,9101,Johan Karlsson,Substitute,0,0,0,-1,,,,0,0,-1,,,,2025-04-16 05:06:42
13086,725818,2720,away,0,4-3-2-1,1,0,33,307800,Melker Ellborg,Substitute,0,0,0,-1,,,,0,0,-1,,,,2025-04-16 05:06:42
13086,725818,2720,away,0,4-3-2-1,1,0,11,308880,Emmanuel Ekong,Substitute,0,0,0,-1,,,,0,0,-1,,,,2025-04-16 05:06:42
13086,725818,2720,away,0,4-3-2-1,1,0,16,138055,Oliver Berg,Substitute,0,0,0,-1,,,,0,0,-1,,,,2025-04-16 05:06:42
13086,725818,2720,away,0,4-3-2-1,1,0,13,75987,Martin Olsson,Substitute,0,0,0,-1,,,,0,0,-1,,,,2025-04-16 05:06:42
13086,725818,2720,away,0,4-3-2-1,1,0,35,380679,Nils Zätterström,Substitute,0,0,0,-1,,,,0,0,-1,,,,2025-04-16 05:06:42
13086,725818,2720,away,0,4-3-2-1,1,0,8,255228,Arnór Sigurdsson,Substitute,0,1,314164,22,,,,0,0,-1,,,,2025-04-16 05:06:42
13086,725819,529,home,1,4-2-3-1,1,1,31,250169,Isak Pettersson,Goalkeeper,1,0,0,-1,,,,0,0,-1,,,,2025-04-14 05:15:01
13086,725819,529,home,1,4-2-3-1,1,1,6,286729,Rasmus Wikstrom,Right Back,2,0,0,-1,,,,0,0,-1,,,,2025-04-14 05:15:01
13086,725819,529,home,1,4-2-3-1,1,1,23,134644,Niklas Hult,Left Back,3,0,0,-1,,,,0,0,-1,,,,2025-04-14 05:15:01
13086,725819,529,home,1,4-2-3-1,1,1,27,334024,Besfort Zeneli,Left Midfielder,4,0,0,-1,,,,0,0,-1,,,,2025-04-14 05:15:01
13086,725819,529,home,1,4-2-3-1,1,1,8,194092,Sebastian Holmén,Center Right Defender,5,0,0,-1,,,,0,0,-1,,,,2025-04-14 05:15:01
13086,725819,529,home,1,4-2-3-1,1,1,2,380023,Terry Yegbe,Center Left Defender,6,0,0,-1,,,,0,0,-1,,,,2025-04-14 05:15:01
13086,725819,529,home,1,4-2-3-1,1,1,15,173040,Simon Hedlund,Attacking Midfielder Right,7,0,0,-1,,,,0,0,-1,,,,2025-04-14 05:15:01
13086,725819,529,home,1,4-2-3-1,1,1,10,245883,Simon Olsson,Right Midfielder,8,0,0,-1,,,,0,0,-1,,,,2025-04-14 05:15:01
13086,725819,529,home,1,4-2-3-1,1,1,11,303614,Taylor Silverholt,Forward,9,0,0,-1,,,,1,380321,26,380321.0,4800.0,80',2025-04-14 05:15:01
13086,725819,529,home,1,4-2-3-1,1,1,25,342093,Ari Sigurpálsson,Attacking Midfielder,10,0,0,-1,,,,1,304180,24,304180.0,4200.0,70',2025-04-14 05:15:01
13086,725819,529,home,1,4-2-3-1,1,1,20,362584,Gottfrid Rapp,Attacking Midfielder Left,11,0,0,-1,,,,1,174501,17,174501.0,4800.0,80',2025-04-14 05:15:01
13086,725819,529,home,1,4-2-3-1,1,0,4,202682,Daniel Granli,Substitute,0,0,0,-1,,,,0,0,-1,,,,2025-04-14 05:15:01
13086,725819,529,home,1,4-2-3-1,1,0,16,402326,Altti Hellemaa,Substitute,0,0,0,-1,,,,0,0,-1,,,,2025-04-14 05:15:01
13086,725819,529,home,1,4-2-3-1,1,0,28,389426,Frode Aronsson,Substitute,0,0,0,-1,,,,0,0,-1,,,,2025-04-14 05:15:01
13086,725819,529,home,1,4-2-3-1,1,0,26,380321,Ludvig Richtnér,Substitute,0,1,303614,11,303614.0,4800.0,80',0,0,-1,,,,2025-04-14 05:15:01
13086,725819,529,home,1,4-2-3-1,1,0,24,304180,Frederik Ihler,Substitute,0,1,342093,25,342093.0,4200.0,70',0,0,-1,,,,2025-04-14 05:15:01
13086,725819,529,home,1,4-2-3-1,1,0,17,174501,Per Frick,Substitute,0,1,362584,20,362584.0,4800.0,80',0,0,-1,,,,2025-04-14 05:15:01
13086,725819,529,home,1,4-2-3-1,1,0,30,176191,Lucas Hagg Johansson,Substitute,0,0,0,-1,,,,0,0,-1,,,,2025-04-14 05:15:01
13086,725819,529,home,1,4-2-3-1,1,0,19,240486,Rami Kaib,Substitute,0,0,0,-1,,,,0,0,-1,,,,2025-04-14 05:15:01
13086,725819,529,home,1,4-2-3-1,1,0,29,341452,Ibrahim Buhari,Substitute,0,0,0,-1,,,,0,0,-1,,,,2025-04-14 05:15:01
13086,725819,8544,away,0,4-3-3,1,1,40,19242,David Andersson,Goalkeeper,1,0,0,-1,,,,0,0,-1,,,,2025-04-14 05:15:01
13086,725819,8544,away,0,4-3-3,1,1,37,345975,Moutaz Neffati,Right Back,2,0,0,-1,,,,1,356374,4,356374.0,4200.0,70',2025-04-14 05:15:01
13086,725819,8544,away,0,4-3-3,1,1,14,306290,Yahya Kalley,Left Back,3,0,0,-1,,,,1,232279,7,232279.0,4800.0,80',2025-04-14 05:15:01
13086,725819,8544,away,0,4-3-3,1,1,9,230353,Arnór Traustason,Center Midfielder,4,0,0,-1,,,,0,0,-1,,,,2025-04-14 05:15:01
13086,725819,8544,away,0,4-3-3,1,1,19,238431,Max Watson,Center Right Defender,5,0,0,-1,,,,1,359167,3,359167.0,5340.0,89',2025-04-14 05:15:01
13086,725819,8544,away,0,4-3-3,1,1,2,357205,Kojo Peprah,Center Left Defender,6,0,0,-1,,,,0,0,-1,,,,2025-04-14 05:15:01
13086,725819,8544,away,0,4-3-3,1,1,20,400367,Axel Brönner,Right Midfielder,7,0,0,-1,,,,1,321404,8,321404.0,4200.0,70',2025-04-14 05:15:01
13086,725819,8544,away,0,4-3-3,1,1,21,334003,Jesper Ceesay,Left Midfielder,8,0,0,-1,,,,0,0,-1,,,,2025-04-14 05:15:01
13086,725819,8544,away,0,4-3-3,1,1,5,158978,Christoffer Nyman,Forward,9,0,0,-1,,,,0,0,-1,,,,2025-04-14 05:15:01
13086,725819,8544,away,0,4-3-3,1,1,15,290034,Sebastian Jorgensen,Right Forward,10,0,0,-1,,,,0,0,-1,,,,2025-04-14 05:15:01
13086,725819,8544,away,0,4-3-3,1,1,10,188022,David Moberg-Karlsson,Left Forward,11,0,0,-1,,,,1,287215,22,287215.0,4800.0,80',2025-04-14 05:15:01
13086,725819,8544,away,0,4-3-3,1,0,18,400219,Jónatan Arnarsson,Substitute,0,0,0,-1,,,,0,0,-1,,,,2025-04-14 05:15:01
13086,725819,8544,away,0,4-3-3,1,0,28,389749,Åke Andersson,Substitute,0,0,0,-1,,,,0,0,-1,,,,2025-04-14 05:15:01
13086,725819,8544,away,0,4-3-3,1,0,30,380189,Theo Krantz,Substitute,0,0,0,-1,,,,0,0,-1,,,,2025-04-14 05:15:01
13086,725819,8544,away,0,4-3-3,1,0,3,359167,Marcus Baggesen,Substitute,0,1,238431,19,238431.0,5340.0,89',0,0,-1,,,,2025-04-14 05:15:01
13086,725819,8544,away,0,4-3-3,1,0,24,334015,Anton Eriksson,Substitute,0,0,0,-1,,,,0,0,-1,,,,2025-04-14 05:15:01
13086,725819,8544,away,0,4-3-3,1,0,8,321404,Ísak Andri Sigurgeirsson,Substitute,0,1,400367,20,400367.0,4200.0,70',0,0,-1,,,,2025-04-14 05:15:01
13086,725819,8544,away,0,4-3-3,1,0,22,287215,Tim Prica,Substitute,0,1,188022,10,188022.0,4800.0,80',0,0,-1,,,,2025-04-14 05:15:01
13086,725819,8544,away,0,4-3-3,1,0,7,232279,Alexander Fransson,Substitute,0,1,306290,14,306290.0,4800.0,80',0,0,-1,,,,2025-04-14 05:15:01
13086,725819,8544,away,0,4-3-3,1,0,4,356374,Amadeus Sögaard,Substitute,0,1,345975,37,345975.0,4200.0,70',0,0,-1,,,,2025-04-14 05:15:01
13086,725820,8222,home,1,4-3-3,1,1,1,312877,Mergim Krasniqi,Goalkeeper,1,0,0,-1,,,,0,0,-1,,,,2025-04-14 05:15:01
13086,725820,8222,home,1,4-3-3,1,1,6,378806,August Wängberg,Right Back,2,0,0,-1,,,,0,0,-1,,,,2025-04-14 05:15:01
13086,725820,8222,home,1,4-3-3,1,1,2,400217,Matteo De Brienne,Left Back,3,0,0,-1,,,,1,378826,24,378826.0,4500.0,75',2025-04-14 05:15:01
13086,725820,8222,home,1,4-3-3,1,1,32,359795,Harun Ibrahim,Center Midfielder,4,0,0,-1,,,,1,313931,18,313931.0,4020.0,67',2025-04-14 05:15:01
13086,725820,8222,home,1,4-3-3,1,1,12,356377,Robin Frej,Center Right Defender,5,0,0,-1,,,,0,0,-1,,,,2025-04-14 05:15:01
13086,725820,8222,home,1,4-3-3,1,1,4,333728,Oskar Agren,Center Left Defender,6,0,0,-1,,,,0,0,-1,,,,2025-04-14 05:15:01
13086,725820,8222,home,1,4-3-3,1,1,21,315674,Axel Henriksson,Right Midfielder,7,0,0,-1,,,,1,149765,25,149765.0,5040.0,84',2025-04-14 05:15:01
13086,725820,8222,home,1,4-3-3,1,1,10,347031,Amin Boudri,Left Midfielder,8,0,0,-1,,,,0,0,-1,,,,2025-04-14 05:15:01
13086,725820,8222,home,1,4-3-3,1,1,19,308726,Ibrahim Diabate,Forward,9,0,0,-1,,,,1,235766,28,235766.0,4560.0,76',2025-04-14 05:15:01
13086,725820,8222,home,1,4-3-3,1,1,9,378816,Gustav Lundgren,Right Forward,10,0,0,-1,,,,0,0,-1,,,,2025-04-14 05:15:01
13086,725820,8222,home,1,4-3-3,1,1,26,241105,Chovanie Amatkarijo,Left Forward,11,0,0,-1,,,,1,312852,8,312852.0,4020.0,67',2025-04-14 05:15:01
13086,725820,8222,home,1,4-3-3,1,0,16,400221,Rasmus Niklasson Petrovic,Substitute,0,0,0,-1,,,,0,0,-1,,,,2025-04-14 05:15:01
13086,725820,8222,home,1,4-3-3,1,0,13,360878,Kees Sims,Substitute,0,0,0,-1,,,,0,0,-1,,,,2025-04-14 05:15:01
13086,725820,8222,home,1,4-3-3,1,0,5,379958,Robin Thomasson,Substitute,0,0,0,-1,,,,0,0,-1,,,,2025-04-14 05:15:01
13086,725820,8222,home,1,4-3-3,1,0,24,378826,Filip Beckman,Substitute,0,1,400217,2,400217.0,4500.0,75',0,0,-1,,,,2025-04-14 05:15:01
13086,725820,8222,home,1,4-3-3,1,0,22,378820,Anes Cardaklija,Substitute,0,0,0,-1,,,,0,0,-1,,,,2025-04-14 05:15:01
13086,725820,8222,home,1,4-3-3,1,0,18,313931,Kevin Holmen,Substitute,0,1,359795,32,359795.0,4020.0,67',0,0,-1,,,,2025-04-14 05:15:01
13086,725820,8222,home,1,4-3-3,1,0,8,312852,William Milovanovic,Substitute,0,1,241105,26,241105.0,4020.0,67',0,0,-1,,,,2025-04-14 05:15:01
13086,725820,8222,home,1,4-3-3,1,0,28,235766,Lucas Hedlund,Substitute,0,1,308726,19,308726.0,4560.0,76',0,0,-1,,,,2025-04-14 05:15:01
13086,725820,8222,home,1,4-3-3,1,0,25,149765,Jonas Lindberg,Substitute,0,1,315674,21,315674.0,5040.0,84',0,0,-1,,,,2025-04-14 05:15:01
13086,725820,20856,away,0,5-4-1,1,1,25,400140,Rasmus Forsell,Goalkeeper,1,0,0,-1,,,,0,0,-1,,,,2025-04-14 05:15:01
13086,725820,20856,away,0,5-4-1,1,1,7,205158,Sebastian Ohlsson,Center Left Defender,2,0,0,-1,,,,1,256567,2,256567.0,4080.0,68',2025-04-14 05:15:01
13086,725820,20856,away,0,5-4-1,1,1,12,236415,Erik Lindell,Left Back,3,0,0,-1,,,,1,357137,23,,,,2025-04-14 05:15:01
13086,725820,20856,away,0,5-4-1,1,1,30,255257,Bernardo Morgado,Center Defender,5,0,0,-1,,,,0,0,-1,,,,2025-04-14 05:15:01
13086,725820,20856,away,0,5-4-1,1,1,4,301367,Leon Hien,Center Right Defender,6,0,0,-1,,,,0,0,-1,,,,2025-04-14 05:15:01
13086,725820,20856,away,0,5-4-1,1,1,20,400141,Elias Barsoum,Right Midfielder,7,0,0,-1,,,,1,400142,22,400142.0,4020.0,67',2025-04-14 05:15:01
13086,725820,20856,away,0,5-4-1,1,1,11,218520,Christos Gravius,Center Right Midfielder,8,0,0,-1,,,,0,0,-1,,,,2025-04-14 05:15:01
13086,725820,20856,away,0,5-4-1,1,1,19,333259,Omar Faraj,Forward,9,0,0,-1,,,,0,0,-1,,,,2025-04-14 05:15:01
13086,725820,20856,away,0,5-4-1,1,1,8,301374,Nahom Girmai,Center Left Midfielder,10,0,0,-1,,,,1,364830,10,364830.0,4020.0,67',2025-04-14 05:15:01
13086,725820,20856,away,0,5-4-1,1,1,18,398189,Teo Grönborg,Left Midfielder,11,0,0,-1,,,,1,398192,21,398192.0,3240.0,54',2025-04-14 05:15:01
13086,725820,20856,away,0,5-4-1,1,0,23,357137,Alexander Lindskog,Substitute,0,1,236415,12,236415.0,5280.0,88',0,0,-1,,,,2025-04-14 05:15:01
13086,725820,20856,away,0,5-4-1,1,0,17,178387,Luc Kassi,Substitute,0,0,0,-1,,,,0,0,-1,,,,2025-04-14 05:15:01
13086,725820,20856,away,0,5-4-1,1,0,27,400375,Ziyad Salifu,Substitute,0,0,0,-1,,,,0,0,-1,,,,2025-04-14 05:15:01
13086,725820,20856,away,0,5-4-1,1,0,22,400142,Maill Lundgren,Substitute,0,1,400141,20,400141.0,4020.0,67',0,0,-1,,,,2025-04-14 05:15:01
13086,725820,20856,away,0,5-4-1,1,0,2,256567,Mamadouba Diaby,Substitute,0,1,205158,7,205158.0,4080.0,68',0,0,-1,,,,2025-04-14 05:15:01
13086,725820,20856,away,0,5-4-1,1,0,1,286770,Willie Jakobsson,Substitute,0,0,0,-1,,,,0,0,-1,,,,2025-04-14 05:15:01
13086,725820,20856,away,0,5-4-1,1,0,21,398192,Elias Pihlström,Substitute,0,1,398189,18,398189.0,3240.0,54',0,0,-1,,,,2025-04-14 05:15:01
13086,725820,20856,away,0,5-4-1,1,0,15,324395,Nasiru Moro,Substitute,0,0,0,-1,,,,0,0,-1,,,,2025-04-14 05:15:01
13086,725820,20856,away,0,5-4-1,1,0,10,364830,Marcus Rafferty,Substitute,0,1,301374,8,,,,0,0,-1,,,,2025-04-14 05:15:01
13086,725821,3017,home,1,3-4-2-1,1,1,1,264481,Tim Rönning,Goalkeeper,1,0,0,-1,,,,0,0,-1,,,,2025-04-16 05:06:42
13086,725821,3017,home,1,3-4-2-1,1,1,11,357140,Villiam Granath,Right Midfielder,2,0,0,-1,,,,0,0,-1,,,,2025-04-16 05:06:42
13086,725821,3017,home,1,3-4-2-1,1,1,15,357505,Gustav Friberg,Left Midfielder,3,0,0,-1,,,,0,0,-1,,,,2025-04-16 05:06:42
13086,725821,3017,home,1,3-4-2-1,1,1,2,381647,Bleon Kurtulus,Center Left Defender,4,0,0,-1,,,,0,0,-1,,,,2025-04-16 05:06:42
13086,725821,3017,home,1,3-4-2-1,1,1,5,178687,Pascal Gregor,Center Defender,5,0,0,-1,,,,0,0,-1,,,,2025-04-16 05:06:42
13086,725821,3017,home,1,3-4-2-1,1,1,3,357142,Gabriel Wallentin,Center Right Defender,6,0,0,-1,,,,1,289329,4,289329.0,5040.0,84',2025-04-16 05:06:42
13086,725821,3017,home,1,3-4-2-1,1,1,6,147211,Joel Allansson,Center Right Midfielder,7,0,0,-1,,,,0,0,-1,,,,2025-04-16 05:06:42
13086,725821,3017,home,1,3-4-2-1,1,1,13,237843,Gisli Eyjolfsson,Center Left Midfielder,8,0,0,-1,,,,0,0,-1,,,,2025-04-16 05:06:42
13086,725821,3017,home,1,3-4-2-1,1,1,9,329971,Yannick Agnero,Forward,9,0,0,-1,,,,1,121282,21,,,,2025-04-16 05:06:42
13086,725821,3017,home,1,3-4-2-1,1,1,8,289719,Niilo Maenpaa,Center Right Forward,10,0,0,-1,,,,1,289218,7,289218.0,4740.0,79',2025-04-16 05:06:42
13086,725821,3017,home,1,3-4-2-1,1,1,18,357130,Naeem Mohammed,Center Left Forward,11,0,0,-1,,,,1,399508,29,399508.0,4740.0,79',2025-04-16 05:06:42
13086,725821,3017,home,1,3-4-2-1,1,0,7,289218,Birnir Snær Ingason,Substitute,0,1,289719,8,289719.0,4740.0,79',0,0,-1,,,,2025-04-16 05:06:42
13086,725821,3017,home,1,3-4-2-1,1,0,12,195094,Tim Erlandsson,Substitute,0,0,0,-1,,,,0,0,-1,,,,2025-04-16 05:06:42
13086,725821,3017,home,1,3-4-2-1,1,0,4,289329,Filip Schyberg,Substitute,0,1,357142,3,357142.0,5040.0,84',0,0,-1,,,,2025-04-16 05:06:42
13086,725821,3017,home,1,3-4-2-1,1,0,14,159454,Blair Turgott,Substitute,0,0,0,-1,,,,0,0,-1,,,,2025-04-16 05:06:42
13086,725821,3017,home,1,3-4-2-1,1,0,20,317094,Pawel Chrupalla,Substitute,0,0,0,-1,,,,0,0,-1,,,,2025-04-16 05:06:42
13086,725821,3017,home,1,3-4-2-1,1,0,21,121282,Markus Olsson,Substitute,0,1,329971,9,329971.0,5400.0,90'+5',0,0,-1,,,,2025-04-16 05:06:42
13086,725821,3017,home,1,3-4-2-1,1,0,25,321176,Aleksander Nilsson,Substitute,0,0,0,-1,,,,0,0,-1,,,,2025-04-16 05:06:42
13086,725821,3017,home,1,3-4-2-1,1,0,10,356384,Albin Ahlstrand,Substitute,0,0,0,-1,,,,0,0,-1,,,,2025-04-16 05:06:42
13086,725821,3017,home,1,3-4-2-1,1,0,29,399508,Erik Arvidsson,Substitute,0,1,357130,18,357130.0,4740.0,79',0,0,-1,,,,2025-04-16 05:06:42
13086,725821,2936,away,0,4-4-1-1,1,1,13,400366,Robin Wallinder,Goalkeeper,1,0,0,-1,,,,0,0,-1,,,,2025-04-16 05:06:42
13086,725821,2936,away,0,4-4-1-1,1,1,33,354345,Tatu Varmanen,Right Back,2,0,0,-1,,,,0,0,-1,,,,2025-04-16 05:06:42
13086,725821,2936,away,0,4-4-1-1,1,1,21,400371,Lars Bergquist,Left Back,3,0,0,-1,,,,0,0,-1,,,,2025-04-16 05:06:42
13086,725821,2936,away,0,4-4-1-1,1,1,8,385181,Daniel Ask,Center Right Midfielder,4,0,0,-1,,,,1,238868,26,238868.0,4500.0,75',2025-04-16 05:06:42
13086,725821,2936,away,0,4-4-1-1,1,1,5,354352,Mattis Adolfsson,Center Right Defender,5,0,0,-1,,,,0,0,-1,,,,2025-04-16 05:06:42
13086,725821,2936,away,0,4-4-1-1,1,1,15,316395,Ivan Kricak,Center Left Defender,6,0,0,-1,,,,0,0,-1,,,,2025-04-16 05:06:42
13086,725821,2936,away,0,4-4-1-1,1,1,19,289844,Matias Tamminen,Right Midfielder,7,0,0,-1,,,,1,311161,18,311161.0,4020.0,67',2025-04-16 05:06:42
13086,725821,2936,away,0,4-4-1-1,1,1,7,302001,David Seger,Center Left Midfielder,8,0,0,-1,,,,0,0,-1,,,,2025-04-16 05:06:42
13086,725821,2936,away,0,4-4-1-1,1,1,20,217300,Alibek Aliev,Forward,9,0,0,-1,,,,0,0,-1,,,,2025-04-16 05:06:42
13086,725821,2936,away,0,4-4-1-1,1,1,6,307747,Noah Soderberg,Rear Center Forward,10,0,0,-1,,,,1,398188,9,398188.0,4020.0,67',2025-04-16 05:06:42
13086,725821,2936,away,0,4-4-1-1,1,1,25,392578,Youssoupha Sanyang,Left Midfielder,11,0,0,-1,,,,0,0,-1,,,,2025-04-16 05:06:42
13086,725821,2936,away,0,4-4-1-1,1,0,10,312878,Albin Morfelt,Substitute,0,0,0,-1,,,,0,0,-1,,,,2025-04-16 05:06:42
13086,725821,2936,away,0,4-4-1-1,1,0,32,400368,Carl Lundahl Persson,Substitute,0,0,0,-1,,,,0,0,-1,,,,2025-04-16 05:06:42
13086,725821,2936,away,0,4-4-1-1,1,0,9,398188,Niklas Soderberg,Substitute,0,1,307747,6,307747.0,4020.0,67',0,0,-1,,,,2025-04-16 05:06:42
13086,725821,2936,away,0,4-4-1-1,1,0,3,380190,Kingsley Gyamfi,Substitute,0,0,0,-1,,,,0,0,-1,,,,2025-04-16 05:06:42
13086,725821,2936,away,0,4-4-1-1,1,0,18,311161,Daniel Ljung,Substitute,0,1,289844,19,289844.0,4020.0,67',0,0,-1,,,,2025-04-16 05:06:42
13086,725821,2936,away,0,4-4-1-1,1,0,26,238868,Magnus Christensen,Substitute,0,1,385181,8,385181.0,4500.0,75',0,0,-1,,,,2025-04-16 05:06:42
13086,725821,2936,away,0,4-4-1-1,1,0,4,238435,Sebastian Starke Hedlund,Substitute,0,0,0,-1,,,,0,0,-1,,,,2025-04-16 05:06:42
13086,725821,2936,away,0,4-4-1-1,1,0,14,173508,Dennis Olsson,Substitute,0,0,0,-1,,,,0,0,-1,,,,2025-04-16 05:06:42
13086,725821,2936,away,0,4-4-1-1,1,0,22,400372,Oskar Gabrielsson,Substitute,0,0,0,-1,,,,0,0,-1,,,,2025-04-16 05:06:42
13086,725822,2495,home,1,4-3-3,1,1,1,170727,Warner Hahn,Goalkeeper,1,0,0,-1,,,,0,0,-1,,,,2025-04-14 05:15:01
13086,725822,2495,home,1,4-3-3,1,1,2,382504,Erik Skoglund,Right Back,2,0,0,-1,,,,0,0,-1,,,,2025-04-14 05:15:01
13086,725822,2495,home,1,4-3-3,1,1,19,251758,Shaquille Pinas,Left Back,3,0,0,-1,,,,0,0,-1,,,,2025-04-14 05:15:01
13086,725822,2495,home,1,4-3-3,1,1,5,218436,Tesfaldet Tekie,Center Midfielder,4,0,0,-1,,,,1,399509,13,399509.0,5400.0,90'+7',2025-04-14 05:15:01
13086,725822,2495,home,1,4-3-3,1,1,4,334038,Victor Eriksson,Center Right Defender,5,0,0,-1,,,,0,0,-1,,,,2025-04-14 05:15:01
13086,725822,2495,home,1,4-3-3,1,1,6,249160,Pavle Vagic,Center Left Defender,6,0,0,-1,,,,0,0,-1,,,,2025-04-14 05:15:01
13086,725822,2495,home,1,4-3-3,1,1,8,22967,Markus Karlsson,Right Midfielder,7,0,0,-1,,,,0,0,-1,,,,2025-04-14 05:15:01
13086,725822,2495,home,1,4-3-3,1,1,20,143585,Nahir Besara,Left Midfielder,8,0,0,-1,,,,0,0,-1,,,,2025-04-14 05:15:01
13086,725822,2495,home,1,4-3-3,1,1,9,315675,Jusef Erabi,Forward,9,0,0,-1,,,,1,313464,17,,,,2025-04-14 05:15:01
13086,725822,2495,home,1,4-3-3,1,1,7,303670,Paulos Abraham,Right Forward,10,0,0,-1,,,,1,313974,23,,,,2025-04-14 05:15:01
13086,725822,2495,home,1,4-3-3,1,1,18,303702,Sebastian Tounekti,Left Forward,11,0,0,-1,,,,1,269195,21,269195.0,5160.0,86',2025-04-14 05:15:01
13086,725822,2495,home,1,4-3-3,1,0,17,313464,Ibrahima Fofana,Substitute,0,1,315675,9,315675.0,5400.0,90'+8',0,0,-1,,,,2025-05-12 04:49:54
13086,725822,2495,home,1,4-3-3,1,0,26,312880,Montader Madjed,Substitute,0,0,0,-1,,,,0,0,-1,,,,2025-04-14 05:15:01
13086,725822,2495,home,1,4-3-3,1,0,27,301372,Felix Jakobsson,Substitute,0,0,0,-1,,,,0,0,-1,,,,2025-04-14 05:15:01
13086,725822,2495,home,1,4-3-3,1,0,21,269195,Simon Strand,Substitute,0,1,303702,18,303702.0,5160.0,86',0,0,-1,,,,2025-04-14 05:15:01
13086,725822,2495,home,1,4-3-3,1,0,23,313974,Abdelrahman Saidi,Substitute,0,1,303670,7,303670.0,4140.0,69',0,0,-1,,,,2025-04-14 05:15:01
13086,725822,2495,home,1,4-3-3,1,0,29,359099,Moi&#776;Se Kaboré,Substitute,0,0,0,-1,,,,0,0,-1,,,,2025-04-14 05:15:01
13086,725822,2495,home,1,4-3-3,1,0,22,210020,Jacob Ortmark,Substitute,0,0,0,-1,,,,0,0,-1,,,,2025-04-14 05:15:01
13086,725822,2495,home,1,4-3-3,1,0,34,396022,Wilson Uhrström,Substitute,0,0,0,-1,,,,0,0,-1,,,,2025-04-14 05:15:01
13086,725822,2495,home,1,4-3-3,1,0,13,399509,Jonathan Karlsson,Substitute,0,1,218436,5,218436.0,5400.0,90'+7',0,0,-1,,,,2025-04-14 05:15:01
13086,725822,2339,away,0,4-3-3,1,1,45,219533,Filip Manojlovic,Goalkeeper,1,0,0,-1,,,,0,0,-1,,,,2025-04-14 05:15:01
13086,725822,2339,away,0,4-3-3,1,1,18,269457,Adam Stahl,Right Back,2,0,0,-1,,,,0,0,-1,,,,2025-04-14 05:15:01
13086,725822,2339,away,0,4-3-3,1,1,27,371596,Keita Kosugi,Left Back,3,0,0,-1,,,,1,289721,5,289721.0,5040.0,84',2025-04-14 05:15:01
13086,725822,2339,away,0,4-3-3,1,1,20,364226,Matias Siltanen,Center Midfielder,4,0,0,-1,,,,0,0,-1,,,,2025-04-14 05:15:01
13086,725822,2339,away,0,4-3-3,1,1,4,237053,Jacob Larsson,Center Right Defender,5,0,0,-1,,,,0,0,-1,,,,2025-04-14 05:15:01
13086,725822,2339,away,0,4-3-3,1,1,3,172855,Marcus Danielsson,Center Left Defender,6,0,0,-1,,,,0,0,-1,,,,2025-04-14 05:15:01
13086,725822,2339,away,0,4-3-3,1,1,8,120652,Albin Ekdal,Right Midfielder,7,0,0,-1,,,,1,334021,13,334021.0,3600.0,60',2025-04-14 05:15:01
13086,725822,2339,away,0,4-3-3,1,1,7,295863,Tobias Fjeld Gulliksen,Left Midfielder,8,0,0,-1,,,,1,289519,23,289519.0,2700.0,45',2025-04-14 05:15:01
13086,725822,2339,away,0,4-3-3,1,1,10,164556,Tokmac Nguen,Forward,9,0,0,-1,,,,0,0,-1,,,,2025-04-14 05:15:01
13086,725822,2339,away,0,4-3-3,1,1,15,312383,Oskar Fallenius,Right Forward,10,0,0,-1,,,,1,275575,29,275575.0,3600.0,60',2025-04-14 05:15:01
13086,725822,2339,away,0,4-3-3,1,1,11,372767,Zakaria Sawo,Left Forward,11,0,0,-1,,,,1,330460,9,330460.0,3960.0,66',2025-04-14 05:15:01
13086,725822,2339,away,0,4-3-3,1,0,29,275575,Santeri Haarala,Substitute,0,1,312383,15,312383.0,3600.0,60',0,0,-1,,,,2025-04-14 05:15:01
13086,725822,2339,away,0,4-3-3,1,0,5,289721,Miro Tenho,Substitute,0,1,371596,27,371596.0,5040.0,84',0,0,-1,,,,2025-04-14 05:15:01
13086,725822,2339,away,0,4-3-3,1,0,9,330460,August Priske,Substitute,0,1,372767,11,372767.0,3960.0,66',0,0,-1,,,,2025-04-14 05:15:01
13086,725822,2339,away,0,4-3-3,1,0,13,334021,Daniel Stensson,Substitute,0,1,120652,8,120652.0,3600.0,60',0,0,-1,,,,2025-04-14 05:15:01
13086,725822,2339,away,0,4-3-3,1,0,35,203266,Jacob Rinne,Substitute,0,0,0,-1,,,,0,0,-1,,,,2025-04-14 05:15:01
13086,725822,2339,away,0,4-3-3,1,0,12,357136,Theo Bergvall,Substitute,0,0,0,-1,,,,0,0,-1,,,,2025-04-14 05:15:01
13086,725822,2339,away,0,4-3-3,1,0,19,357204,Viktor Bergh,Substitute,0,0,0,-1,,,,0,0,-1,,,,2025-04-14 05:15:01
13086,725822,2339,away,0,4-3-3,1,0,23,289519,Nino Zugelj,Substitute,0,1,295863,7,,,,0,0,-1,,,,2025-04-14 05:15:01
13086,725822,2339,away,0,4-3-3,1,0,36,380775,Alieu Atlee Manneh,Substitute,0,0,0,-1,,,,0,0,-1,,,,2025-04-14 05:15:01
13086,725823,7834,home,0,4-2-3-1,1,1,32,121827,Oscar Jansson,Goalkeeper,1,0,0,-1,,,,0,0,-1,,,,2025-04-14 05:15:01
13086,725823,7834,home,0,4-2-3-1,1,1,5,206253,Brice Wembangomo,Right Back,2,0,0,-1,,,,1,330551,17,330551.0,3780.0,63',2025-04-14 05:15:01
13086,725823,7834,home,0,4-2-3-1,1,1,21,194293,Adam Lundqvist,Left Back,3,0,0,-1,,,,0,0,-1,,,,2025-04-14 05:15:01
13086,725823,7834,home,0,4-2-3-1,1,1,14,185916,Simon Gustafson,Left Midfielder,4,0,0,-1,,,,0,0,-1,,,,2025-04-14 05:15:01
13086,725823,7834,home,0,4-2-3-1,1,1,4,271086,Marius Lode,Center Right Defender,5,0,0,-1,,,,0,0,-1,,,,2025-04-14 05:15:01
13086,725823,7834,home,0,4-2-3-1,1,1,25,21990,Abdoulaye Faye,Center Left Defender,6,0,0,-1,,,,0,0,-1,,,,2025-04-14 05:15:01
13086,725823,7834,home,0,4-2-3-1,1,1,24,271087,Amor Layouni,Attacking Midfielder Right,7,0,0,-1,,,,1,366829,29,366829.0,4860.0,81',2025-04-14 05:15:01
13086,725823,7834,home,0,4-2-3-1,1,1,8,355408,Silas Andersen,Right Midfielder,8,0,0,-1,,,,0,0,-1,,,,2025-04-14 05:15:01
13086,725823,7834,home,0,4-2-3-1,1,1,9,360958,Srdan Hrstic,Forward,9,0,0,-1,,,,0,0,-1,,,,2025-04-14 05:15:01
13086,725823,7834,home,0,4-2-3-1,1,1,10,239184,Mikkel Rygaard Jensen,Attacking Midfielder,10,0,0,-1,,,,1,364749,39,364749.0,3840.0,64',2025-04-14 05:15:01
13086,725823,7834,home,0,4-2-3-1,1,1,16,357139,Pontus Dahbo,Attacking Midfielder Left,11,0,0,-1,,,,1,356369,15,,,,2025-04-14 05:15:01
13086,725823,7834,home,0,4-2-3-1,1,0,15,356369,Samuel Holm,Substitute,0,1,357139,16,357139.0,3480.0,58',0,0,-1,,,,2025-04-14 05:15:01
13086,725823,7834,home,0,4-2-3-1,1,0,42,146579,Nikola Mitrovic,Substitute,0,0,0,-1,,,,0,0,-1,,,,2025-04-14 05:15:01
13086,725823,7834,home,0,4-2-3-1,1,0,13,361537,Sigge Jansson,Substitute,0,0,0,-1,,,,0,0,-1,,,,2025-04-14 05:15:01
13086,725823,7834,home,0,4-2-3-1,1,0,39,364749,Isak Brusberg,Substitute,0,1,239184,10,,,,0,0,-1,,,,2025-04-14 05:15:01
13086,725823,7834,home,0,4-2-3-1,1,0,29,366829,Severin Nioule,Substitute,0,1,271087,24,271087.0,4860.0,81',0,0,-1,,,,2025-04-14 05:15:01
13086,725823,7834,home,0,4-2-3-1,1,0,22,380234,Nikola Zecevic,Substitute,0,0,0,-1,,,,0,0,-1,,,,2025-04-14 05:15:01
13086,725823,7834,home,0,4-2-3-1,1,0,28,394448,Filip Öhman,Substitute,0,0,0,-1,,,,0,0,-1,,,,2025-04-14 05:15:01
13086,725823,7834,home,0,4-2-3-1,1,0,99,125312,Etrit Berisha,Substitute,0,0,0,-1,,,,0,0,-1,,,,2025-04-14 05:15:01
13086,725823,7834,home,0,4-2-3-1,1,0,17,330551,Ben Engdahl,Substitute,0,1,206253,5,206253.0,3780.0,63',0,0,-1,,,,2025-04-14 05:15:01
13086,725823,20301,away,1,3-4-3,1,1,1,301377,Noel Tornqvist,Goalkeeper,1,0,0,-1,,,,0,0,-1,,,,2025-04-14 05:15:01
13086,725823,20301,away,1,3-4-3,1,1,14,312876,Herman Johansson,Right Midfielder,2,0,0,-1,,,,0,0,-1,,,,2025-04-14 05:15:01
13086,725823,20301,away,1,3-4-3,1,1,17,357145,Elliot Stroud,Left Midfielder,3,0,0,-1,,,,0,0,-1,,,,2025-04-14 05:15:01
13086,725823,20301,away,1,3-4-3,1,1,5,356281,Abdullah Iqbal,Center Left Defender,4,0,0,-1,,,,0,0,-1,,,,2025-04-14 05:15:01
13086,725823,20301,away,1,3-4-3,1,1,13,259548,Jakob Kiilerich,Center Defender,5,0,0,-1,,,,0,0,-1,,,,2025-04-14 05:15:01
13086,725823,20301,away,1,3-4-3,1,1,4,306289,Axel Norén,Center Right Defender,6,0,0,-1,,,,0,0,-1,,,,2025-04-14 05:15:01
13086,725823,20301,away,1,3-4-3,1,1,10,249171,Nicklas Rojkjaer,Center Right Midfielder,7,0,0,-1,,,,0,0,-1,,,,2025-04-14 05:15:01
13086,725823,20301,away,1,3-4-3,1,1,22,192793,Jesper Gustavsson,Center Left Midfielder,8,0,0,-1,,,,1,389637,39,389637.0,5400.0,90'+1',2025-04-14 05:15:01
13086,725823,20301,away,1,3-4-3,1,1,18,293925,Jacob Bergstrom,Forward,9,0,0,-1,,,,1,356408,6,,,,2025-04-14 05:15:01
13086,725823,20301,away,1,3-4-3,1,1,7,303651,Viktor Gustafson,Center Right Forward,10,0,0,-1,,,,1,361860,15,361860.0,4620.0,77',2025-04-14 05:15:01
13086,725823,20301,away,1,3-4-3,1,1,19,380320,Abdoulie Manneh,Center Left Forward,11,0,0,-1,,,,1,402887,23,402887.0,5400.0,90'+1',2025-04-14 05:15:01
13086,725823,20301,away,1,3-4-3,1,0,23,402887,Olle Nilsson,Substitute,0,1,380320,19,380320.0,5400.0,90'+1',0,0,-1,,,,2025-04-14 05:15:01
13086,725823,20301,away,1,3-4-3,1,0,39,389637,Romeo Leandersson,Substitute,0,1,192793,22,192793.0,5400.0,90'+1',0,0,-1,,,,2025-04-14 05:15:01
13086,725823,20301,away,1,3-4-3,1,0,15,361860,Bork Bang-Kittilsen,Substitute,0,1,303651,7,303651.0,4620.0,77',0,0,-1,,,,2025-04-14 05:15:01
13086,725823,20301,away,1,3-4-3,1,0,35,151931,Alexander Lundin,Substitute,0,0,0,-1,,,,0,0,-1,,,,2025-04-14 05:15:01
13086,725823,20301,away,1,3-4-3,1,0,6,356408,Ludwig Thorell,Substitute,0,1,293925,18,293925.0,3900.0,65',0,0,-1,,,,2025-04-14 05:15:01
13086,725823,20301,away,1,3-4-3,1,0,25,346502,Argjend Miftari,Substitute,0,0,0,-1,,,,0,0,-1,,,,2025-04-14 05:15:01
13086,725823,20301,away,1,3-4-3,1,0,9,330245,Calvin Kabuye,Substitute,0,0,0,-1,,,,0,0,-1,,,,2025-04-14 05:15:01
13086,725823,20301,away,1,3-4-3,1,0,26,357118,Uba Charles,Substitute,0,0,0,-1,,,,0,0,-1,,,,2025-04-14 05:15:01
13086,725824,8547,home,0,4-4-2,1,1,1,313973,Ismael Diarra Diawara,Goalkeeper,1,0,0,-1,,,,0,0,-1,,,,2025-04-14 05:15:01
13086,725824,8547,home,0,4-4-2,1,1,3,299250,Bogdan Milovanov,Right Back,2,0,0,-1,,,,1,344867,29,344867.0,3600.0,60',2025-04-14 05:15:01
13086,725824,8547,home,0,4-4-2,1,1,33,342596,Saba Mamatsashvili,Left Back,3,0,0,-1,,,,1,359495,36,359495.0,4620.0,77',2025-04-14 05:15:01
13086,725824,8547,home,0,4-4-2,1,1,14,323176,Leo Walta,Center Right Midfielder,4,0,0,-1,,,,0,0,-1,,,,2025-04-14 05:15:01
13086,725824,8547,home,0,4-4-2,1,1,5,25076,Tobias Carlsson,Center Right Defender,5,0,0,-1,,,,0,0,-1,,,,2025-04-14 05:15:01
13086,725824,8547,home,0,4-4-2,1,1,4,366597,Tobias Anker,Center Left Defender,6,0,0,-1,,,,0,0,-1,,,,2025-04-14 05:15:01
13086,725824,8547,home,0,4-4-2,1,1,17,15527,Marcus Lindberg,Right Midfielder,7,0,0,-1,,,,1,298341,13,298341.0,3600.0,60',2025-04-14 05:15:01
13086,725824,8547,home,0,4-4-2,1,1,18,315677,Adam Vikman,Center Left Midfielder,8,0,0,-1,,,,1,311741,8,,,,2025-04-14 05:15:01
13086,725824,8547,home,0,4-4-2,1,1,9,322993,Robbie Ure,Center Left Forward,9,0,0,-1,,,,0,0,-1,,,,2025-04-14 05:15:01
13086,725824,8547,home,0,4-4-2,1,1,7,22706,Joakim Persson,Center Right Forward,10,0,0,-1,,,,0,0,-1,,,,2025-04-14 05:15:01
13086,725824,8547,home,0,4-4-2,1,1,10,358564,Melker Heier,Left Midfielder,11,0,0,-1,,,,0,0,-1,,,,2025-04-14 05:15:01
13086,725824,8547,home,0,4-4-2,1,0,34,325348,David Celic,Substitute,0,0,0,-1,,,,0,0,-1,,,,2025-04-14 05:15:01
13086,725824,8547,home,0,4-4-2,1,0,29,344867,Isak Bjerkebo,Substitute,0,1,299250,3,299250.0,3600.0,60',0,0,-1,,,,2025-04-14 05:15:01
13086,725824,8547,home,0,4-4-2,1,0,36,359495,August Ljungberg,Substitute,0,1,342596,33,342596.0,4620.0,77',0,0,-1,,,,2025-04-14 05:15:01
13086,725824,8547,home,0,4-4-2,1,0,8,311741,Andreas Anderson,Substitute,0,1,315677,18,,,,0,0,-1,,,,2025-04-14 05:15:01
13086,725824,8547,home,0,4-4-2,1,0,20,382138,Victor Ekström,Substitute,0,0,0,-1,,,,0,0,-1,,,,2025-04-14 05:15:01
13086,725824,8547,home,0,4-4-2,1,0,13,298341,Jakob Voelkerling Persson,Substitute,0,1,15527,17,15527.0,3600.0,60',0,0,-1,,,,2025-04-14 05:15:01
13086,725824,8547,home,0,4-4-2,1,0,21,235518,Dennis Widgren,Substitute,0,0,0,-1,,,,0,0,-1,,,,2025-04-14 05:15:01
13086,725824,8547,home,0,4-4-2,1,0,15,186504,Simon Sandberg,Substitute,0,0,0,-1,,,,0,0,-1,,,,2025-04-14 05:15:01
13086,725824,8547,home,0,4-4-2,1,0,24,401059,Victor Svensson,Substitute,0,0,0,-1,,,,0,0,-1,,,,2025-04-14 05:15:01
13086,725824,8221,away,1,4-2-3-1,1,1,25,146116,Davor Blazevic,Goalkeeper,1,0,0,-1,,,,0,0,-1,,,,2025-04-14 05:15:01
13086,725824,8221,away,1,4-2-3-1,1,1,21,302691,Alex Timossi Andersson,Right Back,2,0,0,-1,,,,0,0,-1,,,,2025-04-14 05:15:01
13086,725824,8221,away,1,4-2-3-1,1,1,6,313932,Oliver Zanden,Left Back,3,0,0,-1,,,,0,0,-1,,,,2025-04-14 05:15:01
13086,725824,8221,away,1,4-2-3-1,1,1,5,251486,Serge-Junior Ngouali,Left Midfielder,4,0,0,-1,,,,0,0,-1,,,,2025-04-14 05:15:01
13086,725824,8221,away,1,4-2-3-1,1,1,2,306206,Hlynur Freyr Karlsson,Center Right Defender,5,0,0,-1,,,,0,0,-1,,,,2025-04-14 05:15:01
13086,725824,8221,away,1,4-2-3-1,1,1,3,162464,Even Hovland,Center Left Defender,6,0,0,-1,,,,1,321070,77,,,,2025-04-14 05:15:01
13086,725824,8221,away,1,4-2-3-1,1,1,19,243322,Daleho Irandust,Attacking Midfielder Right,7,0,0,-1,,,,1,402477,34,402477.0,5220.0,87',2025-04-14 05:15:01
13086,725824,8221,away,1,4-2-3-1,1,1,24,257624,Kevin Ackerman,Right Midfielder,8,0,0,-1,,,,0,0,-1,,,,2025-04-14 05:15:01
13086,725824,8221,away,1,4-2-3-1,1,1,23,399426,Ezekiel Alladoh,Forward,9,0,0,-1,,,,1,357143,17,357143.0,4620.0,77',2025-04-14 05:15:01
13086,725824,8221,away,1,4-2-3-1,1,1,10,356378,Wilmer Odefalk,Attacking Midfielder,10,0,0,-1,,,,1,399427,32,399427.0,5220.0,87',2025-04-14 05:15:01
13086,725824,8221,away,1,4-2-3-1,1,1,7,320883,Victor Lind,Attacking Midfielder Left,11,0,0,-1,,,,0,0,-1,,,,2025-04-14 05:15:01
13086,725824,8221,away,1,4-2-3-1,1,0,77,321070,Frederik Orsoe Christensen,Substitute,0,1,162464,3,162464.0,3600.0,60',0,0,-1,,,,2025-04-14 05:15:01
13086,725824,8221,away,1,4-2-3-1,1,0,39,134643,Nabil Bahoui,Substitute,0,0,0,-1,,,,0,0,-1,,,,2025-04-14 05:15:01
13086,725824,8221,away,1,4-2-3-1,1,0,34,402477,David Isso,Substitute,0,1,243322,19,243322.0,5220.0,87',0,0,-1,,,,2025-04-14 05:15:01
13086,725824,8221,away,1,4-2-3-1,1,0,20,354886,Martin Vetkal,Substitute,0,0,0,-1,,,,0,0,-1,,,,2025-04-14 05:15:01
13086,725824,8221,away,1,4-2-3-1,1,0,17,357143,Anton Kurochkin,Substitute,0,1,399426,23,399426.0,4620.0,77',0,0,-1,,,,2025-04-14 05:15:01
13086,725824,8221,away,1,4-2-3-1,1,0,18,380928,Alfons Lohake,Substitute,0,0,0,-1,,,,0,0,-1,,,,2025-04-14 05:15:01
13086,725824,8221,away,1,4-2-3-1,1,0,40,390019,Leo Cavallius,Substitute,0,0,0,-1,,,,0,0,-1,,,,2025-04-14 05:15:01
13086,725824,8221,away,1,4-2-3-1,1,0,32,399427,Oskar Cotton,Substitute,0,1,356378,10,356378.0,5220.0,87',0,0,-1,,,,2025-04-14 05:15:01
13086,725824,8221,away,1,4-2-3-1,1,0,33,399428,Sion Oppong,Substitute,0,0,0,-1,,,,0,0,-1,,,,2025-04-14 05:15:01
13086,725825,21382,home,0,4-3-3,1,1,39,341335,Viktor Andersson,Goalkeeper,1,0,0,-1,,,,0,0,-1,,,,2025-04-14 05:15:01
13086,725825,21382,home,0,4-3-3,1,1,5,334035,Victor Larsson,Right Back,2,0,0,-1,,,,1,334028,20,,,,2025-04-14 05:15:01
13086,725825,21382,home,0,4-3-3,1,1,3,272272,Axel Bjornstrom,Left Back,3,0,0,-1,,,,0,0,-1,,,,2025-04-14 05:15:01
13086,725825,21382,home,0,4-3-3,1,1,8,272404,Luke Le Roux,Center Midfielder,4,0,0,-1,,,,0,0,-1,,,,2025-04-20 15:46:12
13086,725825,21382,home,0,4-3-3,1,1,2,380552,Johan Rapp,Center Right Defender,5,0,0,-1,,,,1,267616,6,267616.0,4800.0,80',2025-04-14 05:15:01
13086,725825,21382,home,0,4-3-3,1,1,24,357202,Emin Grozdanic,Center Left Defender,6,0,0,-1,,,,0,0,-1,,,,2025-04-14 05:15:01
13086,725825,21382,home,0,4-3-3,1,1,22,158993,Simon Thern,Right Midfielder,7,0,0,-1,,,,0,0,-1,,,,2025-04-20 15:46:12
13086,725825,21382,home,0,4-3-3,1,1,16,239346,Albin Lohikangas,Left Midfielder,8,0,0,-1,,,,1,344869,28,,,,2025-04-14 05:15:01
13086,725825,21382,home,0,4-3-3,1,1,18,381397,Mohammad Alsalkhadi,Forward,9,0,0,-1,,,,0,0,-1,,,,2025-04-14 05:15:01
13086,725825,21382,home,0,4-3-3,1,1,7,193351,Carl Johansson,Right Forward,10,0,0,-1,,,,1,345479,10,345479.0,4800.0,80',2025-04-14 05:15:01
13086,725825,21382,home,0,4-3-3,1,1,9,337564,Johnbosco Samuel Kalu,Left Forward,11,0,0,-1,,,,1,353250,32,353250.0,3600.0,60',2025-04-14 05:15:01
13086,725825,21382,home,0,4-3-3,1,0,28,344869,Frank Adjei,Substitute,0,1,239346,16,239346.0,3600.0,60',0,0,-1,,,,2025-04-14 05:15:01
13086,725825,21382,home,0,4-3-3,1,0,26,380685,Calle Johansson,Substitute,0,0,0,-1,,,,0,0,-1,,,,2025-04-14 05:15:01
13086,725825,21382,home,0,4-3-3,1,0,17,365517,Fred Bozicevic,Substitute,0,0,0,-1,,,,0,0,-1,,,,2025-04-14 05:15:01
13086,725825,21382,home,0,4-3-3,1,0,20,334028,Freddy Roland Winsth,Substitute,0,1,334035,5,334035.0,4800.0,80',0,0,-1,,,,2025-04-14 05:15:01
13086,725825,21382,home,0,4-3-3,1,0,4,383897,Rufai Mohammmed,Substitute,0,0,0,-1,,,,0,0,-1,,,,2025-04-14 05:15:01
13086,725825,21382,home,0,4-3-3,1,0,32,353250,Kenan Bilalovic,Substitute,0,1,337564,9,337564.0,3600.0,60',0,0,-1,,,,2025-04-14 05:15:01
13086,725825,21382,home,0,4-3-3,1,0,10,345479,Ajdin Zeljkovic,Substitute,0,1,193351,7,193351.0,4800.0,80',0,0,-1,,,,2025-04-14 05:15:01
13086,725825,21382,home,0,4-3-3,1,0,1,277177,Hugo Keto,Substitute,0,0,0,-1,,,,0,0,-1,,,,2025-04-14 05:15:01
13086,725825,21382,home,0,4-3-3,1,0,6,267616,Hugo Andersson,Substitute,0,1,380552,2,380552.0,4800.0,80',0,0,-1,,,,2025-04-14 05:15:01
13086,725825,2556,away,1,4-1-4-1,1,1,1,235504,Pontus Dahlberg,Goalkeeper,1,0,0,-1,,,,0,0,-1,,,,2025-04-20 15:46:12
13086,725825,2556,away,1,4-1-4-1,1,1,29,343958,Thomas Santos,Right Back,2,0,0,-1,,,,0,0,-1,,,,2025-04-20 15:46:12
13086,725825,2556,away,1,4-1-4-1,1,1,22,383948,Noah Tolf,Left Back,3,0,0,-1,,,,1,179771,6,179771.0,4320.0,72',2025-04-20 15:46:12
13086,725825,2556,away,1,4-1-4-1,1,1,15,307947,David Kruse,Defensive Midfielder,4,0,0,-1,,,,1,313971,21,313971.0,4680.0,78',2025-04-20 15:46:12
13086,725825,2556,away,1,4-1-4-1,1,1,13,83736,Gustav Svensson,Center Right Defender,5,0,0,-1,,,,0,0,-1,,,,2025-04-20 15:46:12
13086,725825,2556,away,1,4-1-4-1,1,1,5,220974,Jonas Bager,Center Left Defender,6,0,0,-1,,,,1,241163,3,241163.0,3600.0,60',2025-04-20 15:46:12
13086,725825,2556,away,1,4-1-4-1,1,1,7,390390,Sebastian Clemmensen,Right Midfielder,7,0,0,-1,,,,1,252746,17,252746.0,3600.0,60',2025-04-20 15:46:12
13086,725825,2556,away,1,4-1-4-1,1,1,8,297985,Seedy Jagne,Center Right Midfielder,8,0,0,-1,,,,1,289882,23,289882.0,3600.0,60',2025-04-20 15:46:12
13086,725825,2556,away,1,4-1-4-1,1,1,9,303768,Max Fenger,Forward,9,0,0,-1,,,,0,0,-1,,,,2025-04-20 15:46:12
13086,725825,2556,away,1,4-1-4-1,1,1,30,222784,Ramon-Pascal Lundqvist,Center Left Midfielder,10,0,0,-1,,,,0,0,-1,,,,2025-04-20 15:46:12
13086,725825,2556,away,1,4-1-4-1,1,1,14,219163,Tobias Heintz,Left Midfielder,11,0,0,-1,,,,0,0,-1,,,,2025-04-20 15:46:12
13086,725825,2556,away,1,4-1-4-1,1,0,21,313971,Adam Carlén,Substitute,0,1,307947,15,307947.0,4680.0,78',0,0,-1,,,,2025-04-20 15:46:12
13086,725825,2556,away,1,4-1-4-1,1,0,25,359784,Elis Bishesari,Substitute,0,0,0,-1,,,,0,0,-1,,,,2025-04-20 15:46:12
13086,725825,2556,away,1,4-1-4-1,1,0,18,349811,Felix Eriksson,Substitute,0,0,0,-1,,,,0,0,-1,,,,2025-04-20 15:46:12
13086,725825,2556,away,1,4-1-4-1,1,0,16,343826,Linus Carlstrand,Substitute,0,0,0,-1,,,,0,0,-1,,,,2025-04-20 15:46:12
13086,725825,2556,away,1,4-1-4-1,1,0,6,179771,Anders Trondsen,Substitute,0,1,383948,22,383948.0,4320.0,72',0,0,-1,,,,2025-04-20 15:46:12
13086,725825,2556,away,1,4-1-4-1,1,0,23,289882,Kolbeinn Thordarson,Substitute,0,1,297985,8,,,,0,0,-1,,,,2025-04-20 15:46:12
13086,725825,2556,away,1,4-1-4-1,1,0,17,252746,Eman Markovic,Substitute,0,1,390390,7,390390.0,3600.0,60',0,0,-1,,,,2025-04-20 15:46:12
13086,725825,2556,away,1,4-1-4-1,1,0,3,241163,August Erlingmark,Substitute,0,1,220974,5,220974.0,3600.0,60',0,0,-1,,,,2025-04-20 15:46:12
13086,725825,2556,away,1,4-1-4-1,1,0,26,380238,Benjamin Brantlind,Substitute,0,0,0,-1,,,,0,0,-1,,,,2025-04-20 15:46:12
13086,725826,8221,home,1,4-2-3-1,1,1,25,146116,Davor Blazevic,Goalkeeper,1,0,0,-1,,,,0,0,-1,,,,2025-04-21 02:18:28
13086,725826,8221,home,1,4-2-3-1,1,1,21,302691,Alex Timossi Andersson,Right Back,2,0,0,-1,,,,1,399427,32,399427.0,5400.0,90'+3',2025-04-21 02:18:28
13086,725826,8221,home,1,4-2-3-1,1,1,6,313932,Oliver Zanden,Left Back,3,0,0,-1,,,,1,357143,17,357143.0,5340.0,89',2025-04-21 02:18:28
13086,725826,8221,home,1,4-2-3-1,1,1,5,251486,Serge-Junior Ngouali,Left Midfielder,4,0,0,-1,,,,0,0,-1,,,,2025-04-21 02:18:28
13086,725826,8221,home,1,4-2-3-1,1,1,2,306206,Hlynur Freyr Karlsson,Center Right Defender,5,0,0,-1,,,,0,0,-1,,,,2025-04-21 02:18:28
13086,725826,8221,home,1,4-2-3-1,1,1,3,162464,Even Hovland,Center Left Defender,6,0,0,-1,,,,0,0,-1,,,,2025-04-21 02:18:28
13086,725826,8221,home,1,4-2-3-1,1,1,19,243322,Daleho Irandust,Attacking Midfielder Right,7,0,0,-1,,,,1,321070,77,,,,2025-04-21 02:18:28
13086,725826,8221,home,1,4-2-3-1,1,1,24,257624,Kevin Ackerman,Right Midfielder,8,0,0,-1,,,,0,0,-1,,,,2025-04-21 02:18:28
13086,725826,8221,home,1,4-2-3-1,1,1,23,399426,Ezekiel Alladoh,Forward,9,0,0,-1,,,,0,0,-1,,,,2025-04-21 02:18:28
13086,725826,8221,home,1,4-2-3-1,1,1,10,356378,Wilmer Odefalk,Attacking Midfielder,10,0,0,-1,,,,1,347458,27,347458.0,4800.0,80',2025-04-21 02:18:28
13086,725826,8221,home,1,4-2-3-1,1,1,7,320883,Victor Lind,Attacking Midfielder Left,11,0,0,-1,,,,0,0,-1,,,,2025-04-21 02:18:28
13086,725826,8221,home,1,4-2-3-1,1,0,77,321070,Frederik Orsoe Christensen,Substitute,0,1,243322,19,243322.0,4860.0,81',0,0,-1,,,,2025-04-21 02:18:28
13086,725826,8221,home,1,4-2-3-1,1,0,34,402477,David Isso,Substitute,0,0,0,-1,,,,0,0,-1,,,,2025-04-21 02:18:28
13086,725826,8221,home,1,4-2-3-1,1,0,33,399428,Sion Oppong,Substitute,0,0,0,-1,,,,0,0,-1,,,,2025-04-21 02:18:28
13086,725826,8221,home,1,4-2-3-1,1,0,32,399427,Oskar Cotton,Substitute,0,1,302691,21,302691.0,5400.0,90'+3',0,0,-1,,,,2025-04-21 02:18:28
13086,725826,8221,home,1,4-2-3-1,1,0,40,390019,Leo Cavallius,Substitute,0,0,0,-1,,,,0,0,-1,,,,2025-04-21 02:18:28
13086,725826,8221,home,1,4-2-3-1,1,0,17,357143,Anton Kurochkin,Substitute,0,1,313932,6,313932.0,5340.0,89',0,0,-1,,,,2025-04-21 02:18:28
13086,725826,8221,home,1,4-2-3-1,1,0,20,354886,Martin Vetkal,Substitute,0,0,0,-1,,,,0,0,-1,,,,2025-04-21 02:18:28
13086,725826,8221,home,1,4-2-3-1,1,0,27,347458,Kaare Barslund,Substitute,0,1,356378,10,356378.0,4800.0,80',0,0,-1,,,,2025-04-21 02:18:28
13086,725826,8221,home,1,4-2-3-1,1,0,39,134643,Nabil Bahoui,Substitute,0,0,0,-1,,,,0,0,-1,,,,2025-04-21 02:18:28
13086,725826,21382,away,0,4-3-3,1,1,1,277177,Hugo Keto,Goalkeeper,1,0,0,-1,,,,0,0,-1,,,,2025-04-21 02:18:28
13086,725826,21382,away,0,4-3-3,1,1,5,334035,Victor Larsson,Right Back,2,0,0,-1,,,,1,267616,6,267616.0,2700.0,45',2025-04-21 02:18:28
13086,725826,21382,away,0,4-3-3,1,1,3,272272,Axel Bjornstrom,Left Back,3,0,0,-1,,,,1,239346,16,239346.0,4620.0,77',2025-04-21 02:18:28
13086,725826,21382,away,0,4-3-3,1,1,8,272404,Luke Le Roux,Center Midfielder,4,0,0,-1,,,,0,0,-1,,,,2025-04-21 02:18:28
13086,725826,21382,away,0,4-3-3,1,1,2,380552,Johan Rapp,Center Right Defender,5,0,0,-1,,,,0,0,-1,,,,2025-04-21 02:18:28
13086,725826,21382,away,0,4-3-3,1,1,24,357202,Emin Grozdanic,Center Left Defender,6,0,0,-1,,,,0,0,-1,,,,2025-04-21 02:18:28
13086,725826,21382,away,0,4-3-3,1,1,22,158993,Simon Thern,Right Midfielder,7,0,0,-1,,,,0,0,-1,,,,2025-04-21 02:18:28
13086,725826,21382,away,0,4-3-3,1,1,28,344869,Frank Adjei,Left Midfielder,8,0,0,-1,,,,0,0,-1,,,,2025-04-21 02:18:28
13086,725826,21382,away,0,4-3-3,1,1,18,381397,Mohammad Alsalkhadi,Forward,9,0,0,-1,,,,0,0,-1,,,,2025-04-21 02:18:28
13086,725826,21382,away,0,4-3-3,1,1,7,193351,Carl Johansson,Right Forward,10,0,0,-1,,,,1,353250,32,353250.0,4620.0,77',2025-04-21 02:18:28
13086,725826,21382,away,0,4-3-3,1,1,10,345479,Ajdin Zeljkovic,Left Forward,11,0,0,-1,,,,1,337564,9,337564.0,4620.0,77',2025-04-21 02:18:28
13086,725826,21382,away,0,4-3-3,1,0,39,341335,Viktor Andersson,Substitute,0,0,0,-1,,,,0,0,-1,,,,2025-04-21 02:18:28
13086,725826,21382,away,0,4-3-3,1,0,20,334028,Freddy Roland Winsth,Substitute,0,0,0,-1,,,,0,0,-1,,,,2025-04-21 02:18:28
13086,725826,21382,away,0,4-3-3,1,0,32,353250,Kenan Bilalovic,Substitute,0,1,193351,7,193351.0,4620.0,77',0,0,-1,,,,2025-04-21 02:18:28
13086,725826,21382,away,0,4-3-3,1,0,6,267616,Hugo Andersson,Substitute,0,1,334035,5,334035.0,2700.0,45',0,0,-1,,,,2025-04-21 02:18:28
13086,725826,21382,away,0,4-3-3,1,0,17,365517,Fred Bozicevic,Substitute,0,0,0,-1,,,,0,0,-1,,,,2025-04-21 02:18:28
13086,725826,21382,away,0,4-3-3,1,0,16,239346,Albin Lohikangas,Substitute,0,1,272272,3,272272.0,4620.0,77',0,0,-1,,,,2025-04-21 02:18:28
13086,725826,21382,away,0,4-3-3,1,0,26,380685,Calle Johansson,Substitute,0,0,0,-1,,,,0,0,-1,,,,2025-04-21 02:18:28
13086,725826,21382,away,0,4-3-3,1,0,4,383897,Rufai Mohammmed,Substitute,0,0,0,-1,,,,0,0,-1,,,,2025-04-21 02:18:28
13086,725826,21382,away,0,4-3-3,1,0,9,337564,Johnbosco Samuel Kalu,Substitute,0,1,345479,10,345479.0,4620.0,77',0,0,-1,,,,2025-04-21 02:18:28
13086,725827,20856,home,0,3-4-3,1,1,25,400140,Rasmus Forsell,Goalkeeper,1,0,0,-1,,,,0,0,-1,,,,2025-04-20 15:46:12
13086,725827,20856,home,0,3-4-3,1,1,7,205158,Sebastian Ohlsson,Center Left Defender,2,0,0,-1,,,,0,0,-1,,,,2025-04-20 15:46:12
13086,725827,20856,home,0,3-4-3,1,1,2,256567,Mamadouba Diaby,Left Midfielder,3,0,0,-1,,,,1,357137,23,,,,2025-04-20 15:46:12
13086,725827,20856,home,0,3-4-3,1,1,5,385769,Juhani Pikkarainen,Center Defender,5,0,0,-1,,,,1,324395,15,324395.0,3540.0,59',2025-04-20 15:46:12
13086,725827,20856,home,0,3-4-3,1,1,4,301367,Leon Hien,Center Right Defender,6,0,0,-1,,,,0,0,-1,,,,2025-04-20 15:46:12
13086,725827,20856,home,0,3-4-3,1,1,11,218520,Christos Gravius,Center Right Midfielder,7,0,0,-1,,,,0,0,-1,,,,2025-04-20 15:46:12
13086,725827,20856,home,0,3-4-3,1,1,8,301374,Nahom Girmai,Center Left Midfielder,8,0,0,-1,,,,0,0,-1,,,,2025-04-20 15:46:12
13086,725827,20856,home,0,3-4-3,1,1,10,364830,Marcus Rafferty,Forward,9,0,0,-1,,,,1,400375,27,400375.0,3540.0,59',2025-04-20 15:46:12
13086,725827,20856,home,0,3-4-3,1,1,20,400141,Elias Barsoum,Center Right Forward,10,0,0,-1,,,,1,398190,9,398190.0,5100.0,85',2025-04-20 15:46:12
13086,725827,20856,home,0,3-4-3,1,1,21,398192,Elias Pihlström,Center Left Forward,11,0,0,-1,,,,1,400142,22,400142.0,4140.0,69',2025-04-20 15:46:12
13086,725827,20856,home,0,3-4-3,1,0,9,398190,Adi Fisic,Substitute,0,1,400141,20,400141.0,5100.0,85',0,0,-1,,,,2025-04-20 15:46:12
13086,725827,20856,home,0,3-4-3,1,0,18,398189,Teo Grönborg,Substitute,0,0,0,-1,,,,0,0,-1,,,,2025-04-20 15:46:12
13086,725827,20856,home,0,3-4-3,1,0,23,357137,Alexander Lindskog,Substitute,0,1,256567,2,256567.0,5100.0,85',0,0,-1,,,,2025-04-20 15:46:12
13086,725827,20856,home,0,3-4-3,1,0,15,324395,Nasiru Moro,Substitute,0,1,385769,5,385769.0,3540.0,59',0,0,-1,,,,2025-04-20 15:46:12
13086,725827,20856,home,0,3-4-3,1,0,1,286770,Willie Jakobsson,Substitute,0,0,0,-1,,,,0,0,-1,,,,2025-04-20 15:46:12
13086,725827,20856,home,0,3-4-3,1,0,22,400142,Maill Lundgren,Substitute,0,1,398192,21,398192.0,4140.0,69',0,0,-1,,,,2025-04-20 15:46:12
13086,725827,20856,home,0,3-4-3,1,0,17,178387,Luc Kassi,Substitute,0,0,0,-1,,,,0,0,-1,,,,2025-04-20 15:46:12
13086,725827,20856,home,0,3-4-3,1,0,27,400375,Ziyad Salifu,Substitute,0,1,364830,10,364830.0,3540.0,59',0,0,-1,,,,2025-04-20 15:46:12
13086,725827,20856,home,0,3-4-3,1,0,24,402327,Hjalmar Smedberg,Substitute,0,0,0,-1,,,,0,0,-1,,,,2025-04-20 15:46:12
13086,725827,529,away,1,3-4-3,1,1,31,250169,Isak Pettersson,Goalkeeper,1,0,0,-1,,,,0,0,-1,,,,2025-04-20 15:46:12
13086,725827,529,away,1,3-4-3,1,1,15,173040,Simon Hedlund,Right Midfielder,2,0,0,-1,,,,0,0,-1,,,,2025-04-20 15:46:12
13086,725827,529,away,1,3-4-3,1,1,23,134644,Niklas Hult,Left Midfielder,3,0,0,-1,,,,0,0,-1,,,,2025-04-20 15:46:12
13086,725827,529,away,1,3-4-3,1,1,2,380023,Terry Yegbe,Center Left Defender,4,0,0,-1,,,,0,0,-1,,,,2025-04-20 15:46:12
13086,725827,529,away,1,3-4-3,1,1,8,194092,Sebastian Holmén,Center Defender,5,0,0,-1,,,,1,202682,4,202682.0,4380.0,73',2025-04-20 15:46:12
13086,725827,529,away,1,3-4-3,1,1,6,286729,Rasmus Wikstrom,Center Right Defender,6,0,0,-1,,,,0,0,-1,,,,2025-04-20 15:46:12
13086,725827,529,away,1,3-4-3,1,1,10,245883,Simon Olsson,Center Right Midfielder,7,0,0,-1,,,,1,341452,29,341452.0,5400.0,90'+5',2025-04-20 15:46:12
13086,725827,529,away,1,3-4-3,1,1,27,334024,Besfort Zeneli,Center Left Midfielder,8,0,0,-1,,,,0,0,-1,,,,2025-04-20 15:46:12
13086,725827,529,away,1,3-4-3,1,1,11,303614,Taylor Silverholt,Forward,9,0,0,-1,,,,1,304180,24,304180.0,3780.0,63',2025-04-20 15:46:12
13086,725827,529,away,1,3-4-3,1,1,25,342093,Ari Sigurpálsson,Center Right Forward,10,0,0,-1,,,,1,174501,17,174501.0,4320.0,72',2025-04-20 15:46:12
13086,725827,529,away,1,3-4-3,1,1,20,362584,Gottfrid Rapp,Center Left Forward,11,0,0,-1,,,,1,380321,26,380321.0,4320.0,72',2025-04-20 15:46:12
13086,725827,529,away,1,3-4-3,1,0,28,389426,Frode Aronsson,Substitute,0,0,0,-1,,,,0,0,-1,,,,2025-04-20 15:46:12
13086,725827,529,away,1,3-4-3,1,0,17,174501,Per Frick,Substitute,0,1,342093,25,342093.0,4320.0,72',0,0,-1,,,,2025-04-20 15:46:12
13086,725827,529,away,1,3-4-3,1,0,30,176191,Lucas Hagg Johansson,Substitute,0,0,0,-1,,,,0,0,-1,,,,2025-04-20 15:46:12
13086,725827,529,away,1,3-4-3,1,0,4,202682,Daniel Granli,Substitute,0,1,194092,8,194092.0,4380.0,73',0,0,-1,,,,2025-04-20 15:46:12
13086,725827,529,away,1,3-4-3,1,0,19,240486,Rami Kaib,Substitute,0,0,0,-1,,,,0,0,-1,,,,2025-04-20 15:46:12
13086,725827,529,away,1,3-4-3,1,0,24,304180,Frederik Ihler,Substitute,0,1,303614,11,303614.0,3780.0,63',0,0,-1,,,,2025-04-20 15:46:12
13086,725827,529,away,1,3-4-3,1,0,29,341452,Ibrahim Buhari,Substitute,0,1,245883,10,245883.0,5400.0,90'+5',0,0,-1,,,,2025-04-20 15:46:12
13086,725827,529,away,1,3-4-3,1,0,26,380321,Ludvig Richtnér,Substitute,0,1,362584,20,362584.0,4320.0,72',0,0,-1,,,,2025-04-20 15:46:12
13086,725827,529,away,1,3-4-3,1,0,16,402326,Altti Hellemaa,Substitute,0,0,0,-1,,,,0,0,-1,,,,2025-04-20 15:46:12
13086,725828,2339,home,0,4-2-3-1,1,1,35,203266,Jacob Rinne,Goalkeeper,1,0,0,-1,,,,0,0,-1,,,,2025-04-22 04:56:43
13086,725828,2339,home,0,4-2-3-1,1,1,12,357136,Theo Bergvall,Right Back,2,0,0,-1,,,,1,269457,18,269457.0,3780.0,63',2025-04-22 04:56:43
13086,725828,2339,home,0,4-2-3-1,1,1,19,357204,Viktor Bergh,Left Back,3,0,0,-1,,,,0,0,-1,,,,2025-04-22 04:56:43
13086,725828,2339,home,0,4-2-3-1,1,1,20,364226,Matias Siltanen,Left Midfielder,4,0,0,-1,,,,0,0,-1,,,,2025-04-22 04:56:43
13086,725828,2339,home,0,4-2-3-1,1,1,4,237053,Jacob Larsson,Center Right Defender,5,0,0,-1,,,,0,0,-1,,,,2025-04-22 04:56:43
13086,725828,2339,home,0,4-2-3-1,1,1,3,172855,Marcus Danielsson,Center Left Defender,6,0,0,-1,,,,0,0,-1,,,,2025-04-22 04:56:43
13086,725828,2339,home,0,4-2-3-1,1,1,11,372767,Zakaria Sawo,Attacking Midfielder Right,7,0,0,-1,,,,1,295863,7,,,,2025-04-22 04:56:43
13086,725828,2339,home,0,4-2-3-1,1,1,8,120652,Albin Ekdal,Right Midfielder,8,0,0,-1,,,,1,334021,13,334021.0,3300.0,55',2025-04-22 04:56:43
13086,725828,2339,home,0,4-2-3-1,1,1,10,164556,Tokmac Nguen,Forward,9,0,0,-1,,,,0,0,-1,,,,2025-04-22 04:56:43
13086,725828,2339,home,0,4-2-3-1,1,1,29,275575,Santeri Haarala,Attacking Midfielder,10,0,0,-1,,,,1,350206,32,350206.0,4740.0,79',2025-04-22 04:56:43
13086,725828,2339,home,0,4-2-3-1,1,1,9,330460,August Priske,Attacking Midfielder Left,11,0,0,-1,,,,1,371596,27,371596.0,4740.0,79',2025-04-22 04:56:43
13086,725828,2339,home,0,4-2-3-1,1,0,18,269457,Adam Stahl,Substitute,0,1,357136,12,357136.0,3780.0,63',0,0,-1,,,,2025-04-22 04:56:43
13086,725828,2339,home,0,4-2-3-1,1,0,31,403140,Ahmed Saeed,Substitute,0,0,0,-1,,,,0,0,-1,,,,2025-04-22 04:56:43
13086,725828,2339,home,0,4-2-3-1,1,0,36,380775,Alieu Atlee Manneh,Substitute,0,0,0,-1,,,,0,0,-1,,,,2025-04-22 04:56:43
13086,725828,2339,home,0,4-2-3-1,1,0,27,371596,Keita Kosugi,Substitute,0,1,330460,9,330460.0,4740.0,79',0,0,-1,,,,2025-04-22 04:56:43
13086,725828,2339,home,0,4-2-3-1,1,0,32,350206,Isak Alemayehu,Substitute,0,1,275575,29,275575.0,4740.0,79',0,0,-1,,,,2025-04-22 04:56:43
13086,725828,2339,home,0,4-2-3-1,1,0,13,334021,Daniel Stensson,Substitute,0,1,120652,8,120652.0,3300.0,55',0,0,-1,,,,2025-04-22 04:56:43
13086,725828,2339,home,0,4-2-3-1,1,0,7,295863,Tobias Fjeld Gulliksen,Substitute,0,1,372767,11,372767.0,3780.0,63',0,0,-1,,,,2025-04-22 04:56:43
13086,725828,2339,home,0,4-2-3-1,1,0,14,272148,Hampus Finndell,Substitute,0,0,0,-1,,,,0,0,-1,,,,2025-04-22 04:56:43
13086,725828,2339,home,0,4-2-3-1,1,0,45,219533,Filip Manojlovic,Substitute,0,0,0,-1,,,,0,0,-1,,,,2025-04-22 04:56:43
13086,725828,8222,away,0,4-3-3,1,1,1,312877,Mergim Krasniqi,Goalkeeper,1,0,0,-1,,,,0,0,-1,,,,2025-04-22 04:56:43
13086,725828,8222,away,0,4-3-3,1,1,6,378806,August Wängberg,Right Back,2,0,0,-1,,,,0,0,-1,,,,2025-04-22 04:56:43
13086,725828,8222,away,0,4-3-3,1,1,2,400217,Matteo De Brienne,Left Back,3,0,0,-1,,,,1,379958,5,,,,2025-04-22 04:56:43
13086,725828,8222,away,0,4-3-3,1,1,32,359795,Harun Ibrahim,Center Midfielder,4,0,0,-1,,,,0,0,-1,,,,2025-04-22 04:56:43
13086,725828,8222,away,0,4-3-3,1,1,12,356377,Robin Frej,Center Right Defender,5,0,0,-1,,,,0,0,-1,,,,2025-04-22 04:56:43
13086,725828,8222,away,0,4-3-3,1,1,4,333728,Oskar Agren,Center Left Defender,6,0,0,-1,,,,0,0,-1,,,,2025-04-22 04:56:43
13086,725828,8222,away,0,4-3-3,1,1,8,312852,William Milovanovic,Right Midfielder,7,0,0,-1,,,,1,313931,18,313931.0,4380.0,73',2025-04-22 04:56:43
13086,725828,8222,away,0,4-3-3,1,1,10,347031,Amin Boudri,Left Midfielder,8,0,0,-1,,,,1,235766,28,235766.0,4380.0,73',2025-04-22 04:56:43
13086,725828,8222,away,0,4-3-3,1,1,19,308726,Ibrahim Diabate,Forward,9,0,0,-1,,,,1,315674,21,315674.0,3600.0,60',2025-04-22 04:56:43
13086,725828,8222,away,0,4-3-3,1,1,9,378816,Gustav Lundgren,Right Forward,10,0,0,-1,,,,0,0,-1,,,,2025-04-22 04:56:43
13086,725828,8222,away,0,4-3-3,1,1,26,241105,Chovanie Amatkarijo,Left Forward,11,0,0,-1,,,,1,400221,16,400221.0,4380.0,73',2025-04-22 04:56:43
13086,725828,8222,away,0,4-3-3,1,0,16,400221,Rasmus Niklasson Petrovic,Substitute,0,1,241105,26,241105.0,4380.0,73',0,0,-1,,,,2025-04-22 04:56:43
13086,725828,8222,away,0,4-3-3,1,0,22,378820,Anes Cardaklija,Substitute,0,0,0,-1,,,,0,0,-1,,,,2025-04-22 04:56:43
13086,725828,8222,away,0,4-3-3,1,0,5,379958,Robin Thomasson,Substitute,0,1,400217,2,400217.0,5400.0,90',0,0,-1,,,,2025-04-22 04:56:43
13086,725828,8222,away,0,4-3-3,1,0,24,378826,Filip Beckman,Substitute,0,0,0,-1,,,,0,0,-1,,,,2025-04-22 04:56:43
13086,725828,8222,away,0,4-3-3,1,0,13,360878,Kees Sims,Substitute,0,0,0,-1,,,,0,0,-1,,,,2025-04-22 04:56:43
13086,725828,8222,away,0,4-3-3,1,0,21,315674,Axel Henriksson,Substitute,0,1,308726,19,308726.0,3600.0,60',0,0,-1,,,,2025-04-22 04:56:43
13086,725828,8222,away,0,4-3-3,1,0,18,313931,Kevin Holmen,Substitute,0,1,312852,8,312852.0,4380.0,73',0,0,-1,,,,2025-04-22 04:56:43
13086,725828,8222,away,0,4-3-3,1,0,28,235766,Lucas Hedlund,Substitute,0,1,347031,10,347031.0,4380.0,73',0,0,-1,,,,2025-04-22 04:56:43
13086,725828,8222,away,0,4-3-3,1,0,25,149765,Jonas Lindberg,Substitute,0,0,0,-1,,,,0,0,-1,,,,2025-04-22 04:56:43
13086,725829,2556,home,0,4-3-3,1,1,1,235504,Pontus Dahlberg,Goalkeeper,1,0,0,-1,,,,0,0,-1,,,,2025-04-21 02:18:28
13086,725829,2556,home,0,4-3-3,1,1,18,349811,Felix Eriksson,Right Back,2,0,0,-1,,,,1,343958,29,343958.0,4740.0,79',2025-04-21 02:18:28
13086,725829,2556,home,0,4-3-3,1,1,22,383948,Noah Tolf,Left Back,3,0,0,-1,,,,0,0,-1,,,,2025-04-21 02:18:28
13086,725829,2556,home,0,4-3-3,1,1,15,307947,David Kruse,Center Midfielder,4,0,0,-1,,,,0,0,-1,,,,2025-04-21 02:18:28
13086,725829,2556,home,0,4-3-3,1,1,13,83736,Gustav Svensson,Center Right Defender,5,0,0,-1,,,,0,0,-1,,,,2025-04-21 02:18:28
13086,725829,2556,home,0,4-3-3,1,1,3,241163,August Erlingmark,Center Left Defender,6,0,0,-1,,,,0,0,-1,,,,2025-04-21 02:18:28
13086,725829,2556,home,0,4-3-3,1,1,23,289882,Kolbeinn Thordarson,Right Midfielder,7,0,0,-1,,,,1,313971,21,313971.0,3600.0,60',2025-04-21 02:18:28
13086,725829,2556,home,0,4-3-3,1,1,8,297985,Seedy Jagne,Left Midfielder,8,0,0,-1,,,,1,343826,16,343826.0,4440.0,74',2025-04-21 02:18:28
13086,725829,2556,home,0,4-3-3,1,1,9,303768,Max Fenger,Forward,9,0,0,-1,,,,0,0,-1,,,,2025-04-21 02:18:28
13086,725829,2556,home,0,4-3-3,1,1,17,252746,Eman Markovic,Right Forward,10,0,0,-1,,,,1,390390,7,390390.0,4740.0,79',2025-04-21 02:18:28
13086,725829,2556,home,0,4-3-3,1,1,14,219163,Tobias Heintz,Left Forward,11,0,0,-1,,,,0,0,-1,,,,2025-04-21 02:18:28
13086,725829,2556,home,0,4-3-3,1,0,21,313971,Adam Carlén,Substitute,0,1,289882,23,289882.0,3600.0,60',0,0,-1,,,,2025-04-21 02:18:28
13086,725829,2556,home,0,4-3-3,1,0,10,336395,Hussein Carneil,Substitute,0,0,0,-1,,,,0,0,-1,,,,2025-04-21 02:18:28
13086,725829,2556,home,0,4-3-3,1,0,16,343826,Linus Carlstrand,Substitute,0,1,297985,8,,,,0,0,-1,,,,2025-04-21 02:18:28
13086,725829,2556,home,0,4-3-3,1,0,29,343958,Thomas Santos,Substitute,0,1,349811,18,349811.0,4740.0,79',0,0,-1,,,,2025-04-21 02:18:28
13086,725829,2556,home,0,4-3-3,1,0,5,220974,Jonas Bager,Substitute,0,0,0,-1,,,,0,0,-1,,,,2025-04-21 02:18:28
13086,725829,2556,home,0,4-3-3,1,0,25,359784,Elis Bishesari,Substitute,0,0,0,-1,,,,0,0,-1,,,,2025-04-21 02:18:28
13086,725829,2556,home,0,4-3-3,1,0,26,380238,Benjamin Brantlind,Substitute,0,0,0,-1,,,,0,0,-1,,,,2025-04-21 02:18:28
13086,725829,2556,home,0,4-3-3,1,0,6,179771,Anders Trondsen,Substitute,0,0,0,-1,,,,0,0,-1,,,,2025-04-21 02:18:28
13086,725829,2556,home,0,4-3-3,1,0,7,390390,Sebastian Clemmensen,Substitute,0,1,252746,17,252746.0,4740.0,79',0,0,-1,,,,2025-04-21 02:18:28
13086,725829,7834,away,1,4-4-2,1,1,32,121827,Oscar Jansson,Goalkeeper,1,0,0,-1,,,,0,0,-1,,,,2025-04-21 02:18:28
13086,725829,7834,away,1,4-4-2,1,1,28,394448,Filip Öhman,Right Back,2,0,0,-1,,,,0,0,-1,,,,2025-04-21 02:18:28
13086,725829,7834,away,1,4-4-2,1,1,21,194293,Adam Lundqvist,Left Back,3,0,0,-1,,,,0,0,-1,,,,2025-04-21 02:18:28
13086,725829,7834,away,1,4-4-2,1,1,8,355408,Silas Andersen,Center Right Midfielder,4,0,0,-1,,,,0,0,-1,,,,2025-04-21 02:18:28
13086,725829,7834,away,1,4-4-2,1,1,4,271086,Marius Lode,Center Right Defender,5,0,0,-1,,,,0,0,-1,,,,2025-04-21 02:18:28
13086,725829,7834,away,1,4-4-2,1,1,25,21990,Abdoulaye Faye,Center Left Defender,6,0,0,-1,,,,0,0,-1,,,,2025-04-21 02:18:28
13086,725829,7834,away,1,4-4-2,1,1,24,271087,Amor Layouni,Right Midfielder,7,0,0,-1,,,,1,366829,29,366829.0,5280.0,88',2025-04-21 02:18:28
13086,725829,7834,away,1,4-4-2,1,1,14,185916,Simon Gustafson,Center Left Midfielder,8,0,0,-1,,,,0,0,-1,,,,2025-04-21 02:18:28
13086,725829,7834,away,1,4-4-2,1,1,10,239184,Mikkel Rygaard Jensen,Center Left Forward,9,0,0,-1,,,,0,0,-1,,,,2025-04-21 02:18:28
13086,725829,7834,away,1,4-4-2,1,1,9,360958,Srdan Hrstic,Center Right Forward,10,0,0,-1,,,,1,366143,19,366143.0,4560.0,76',2025-04-21 02:18:28
13086,725829,7834,away,1,4-4-2,1,1,11,378812,Julius Lindberg,Left Midfielder,11,0,0,-1,,,,1,356369,15,,,,2025-04-21 02:18:28
13086,725829,7834,away,1,4-4-2,1,0,39,364749,Isak Brusberg,Substitute,0,0,0,-1,,,,0,0,-1,,,,2025-04-21 02:18:28
13086,725829,7834,away,1,4-4-2,1,0,99,125312,Etrit Berisha,Substitute,0,0,0,-1,,,,0,0,-1,,,,2025-04-21 02:18:28
13086,725829,7834,away,1,4-4-2,1,0,22,380234,Nikola Zecevic,Substitute,0,0,0,-1,,,,0,0,-1,,,,2025-04-21 02:18:28
13086,725829,7834,away,1,4-4-2,1,0,29,366829,Severin Nioule,Substitute,0,1,271087,24,271087.0,5280.0,88',0,0,-1,,,,2025-04-21 02:18:28
13086,725829,7834,away,1,4-4-2,1,0,19,366143,John Paul Dembe,Substitute,0,1,360958,9,,,,0,0,-1,,,,2025-04-21 02:18:28
13086,725829,7834,away,1,4-4-2,1,0,13,361537,Sigge Jansson,Substitute,0,0,0,-1,,,,0,0,-1,,,,2025-04-21 02:18:28
13086,725829,7834,away,1,4-4-2,1,0,16,357139,Pontus Dahbo,Substitute,0,0,0,-1,,,,0,0,-1,,,,2025-04-21 02:18:28
13086,725829,7834,away,1,4-4-2,1,0,15,356369,Samuel Holm,Substitute,0,1,378812,11,378812.0,3960.0,66',0,0,-1,,,,2025-04-21 02:18:28
13086,725829,7834,away,1,4-4-2,1,0,17,330551,Ben Engdahl,Substitute,0,0,0,-1,,,,0,0,-1,,,,2025-04-21 02:18:28
13086,725830,2720,home,0,4-4-2,1,1,1,198227,Ricardo Henrique Schuck Friedrich,Goalkeeper,1,0,0,-1,,,,0,0,-1,,,,2025-04-20 15:46:12
13086,725830,2720,home,0,4-4-2,1,1,2,9101,Johan Karlsson,Right Back,2,0,0,-1,,,,0,0,-1,,,,2025-04-20 15:46:12
13086,725830,2720,home,0,4-4-2,1,1,25,301219,Busanello,Left Back,3,0,0,-1,,,,0,0,-1,,,,2025-05-01 04:53:43
13086,725830,2720,home,0,4-4-2,1,1,40,381395,Kenan Busuladzic,Center Right Midfielder,4,0,0,-1,,,,1,315679,7,315679.0,3600.0,60',2025-04-20 15:46:12
13086,725830,2720,home,0,4-4-2,1,1,18,135579,Pontus Jansson,Center Right Defender,5,0,0,-1,,,,0,0,-1,,,,2025-04-20 15:46:12
13086,725830,2720,home,0,4-4-2,1,1,19,279135,Colin Rösler,Center Left Defender,6,0,0,-1,,,,0,0,-1,,,,2025-04-20 15:46:12
13086,725830,2720,home,0,4-4-2,1,1,11,308880,Emmanuel Ekong,Right Midfielder,7,0,0,-1,,,,1,330239,38,330239.0,3600.0,60',2025-04-20 15:46:12
13086,725830,2720,home,0,4-4-2,1,1,23,286434,Lasser Berg Johnsen,Center Left Midfielder,8,0,0,-1,,,,0,0,-1,,,,2025-04-20 15:46:12
13086,725830,2720,home,0,4-4-2,1,1,20,239925,Erik Botheim,Center Left Forward,9,0,0,-1,,,,1,314164,22,,,,2025-04-20 15:46:12
13086,725830,2720,home,0,4-4-2,1,1,9,166657,Isaac Kiese Thelin,Center Right Forward,10,0,0,-1,,,,1,360023,32,360023.0,4560.0,76',2025-04-20 15:46:12
13086,725830,2720,home,0,4-4-2,1,1,29,218450,Sead Haksabanovic,Left Midfielder,11,0,0,-1,,,,1,149538,10,149538.0,3600.0,60',2025-04-20 15:46:12
13086,725830,2720,home,0,4-4-2,1,0,33,307800,Melker Ellborg,Substitute,0,0,0,-1,,,,0,0,-1,,,,2025-04-20 15:46:12
13086,725830,2720,home,0,4-4-2,1,0,16,138055,Oliver Berg,Substitute,0,0,0,-1,,,,0,0,-1,,,,2025-04-20 15:46:12
13086,725830,2720,home,0,4-4-2,1,0,22,314164,Taha Abdi Ali,Substitute,0,1,239925,20,239925.0,3600.0,60',0,0,-1,,,,2025-04-20 15:46:12
13086,725830,2720,home,0,4-4-2,1,0,7,315679,Otto Rosengren,Substitute,0,1,381395,40,381395.0,3600.0,60',0,0,-1,,,,2025-04-20 15:46:12
13086,725830,2720,home,0,4-4-2,1,0,38,330239,Hugo Bolin,Substitute,0,1,308880,11,308880.0,3600.0,60',0,0,-1,,,,2025-04-20 15:46:12
13086,725830,2720,home,0,4-4-2,1,0,32,360023,Daniel Gudjohnsen,Substitute,0,1,166657,9,166657.0,4560.0,76',0,0,-1,,,,2025-04-20 15:46:12
13086,725830,2720,home,0,4-4-2,1,0,37,364698,Adrian Skogmar,Substitute,0,0,0,-1,,,,0,0,-1,,,,2025-04-20 15:46:12
13086,725830,2720,home,0,4-4-2,1,0,35,380679,Nils Zätterström,Substitute,0,0,0,-1,,,,0,0,-1,,,,2025-04-20 15:46:12
13086,725830,2720,home,0,4-4-2,1,0,10,149538,Anders Christiansen,Substitute,0,1,218450,29,218450.0,3600.0,60',0,0,-1,,,,2025-04-20 15:46:12
13086,725830,8547,away,0,4-3-3,1,1,1,313973,Ismael Diarra Diawara,Goalkeeper,1,0,0,-1,,,,0,0,-1,,,,2025-04-20 15:46:12
13086,725830,8547,away,0,4-3-3,1,1,13,298341,Jakob Voelkerling Persson,Right Back,2,0,0,-1,,,,1,299250,3,299250.0,3840.0,64',2025-04-20 15:46:12
13086,725830,8547,away,0,4-3-3,1,1,33,342596,Saba Mamatsashvili,Left Back,3,0,0,-1,,,,1,186504,15,186504.0,3780.0,63',2025-04-20 15:46:12
13086,725830,8547,away,0,4-3-3,1,1,14,323176,Leo Walta,Center Midfielder,4,0,0,-1,,,,0,0,-1,,,,2025-04-20 15:46:12
13086,725830,8547,away,0,4-3-3,1,1,5,25076,Tobias Carlsson,Center Right Defender,5,0,0,-1,,,,0,0,-1,,,,2025-04-20 15:46:12
13086,725830,8547,away,0,4-3-3,1,1,4,366597,Tobias Anker,Center Left Defender,6,0,0,-1,,,,0,0,-1,,,,2025-04-20 15:46:12
13086,725830,8547,away,0,4-3-3,1,1,10,358564,Melker Heier,Right Midfielder,7,0,0,-1,,,,1,401059,24,401059.0,5400.0,90',2025-04-20 15:46:12
13086,725830,8547,away,0,4-3-3,1,1,8,311741,Andreas Anderson,Left Midfielder,8,0,0,-1,,,,1,315677,18,,,,2025-04-20 15:46:12
13086,725830,8547,away,0,4-3-3,1,1,9,322993,Robbie Ure,Forward,9,0,0,-1,,,,0,0,-1,,,,2025-04-20 15:46:12
13086,725830,8547,away,0,4-3-3,1,1,7,22706,Joakim Persson,Right Forward,10,0,0,-1,,,,0,0,-1,,,,2025-04-20 15:46:12
13086,725830,8547,away,0,4-3-3,1,1,29,344867,Isak Bjerkebo,Left Forward,11,0,0,-1,,,,1,15527,17,15527.0,4440.0,74',2025-04-20 15:46:12
13086,725830,8547,away,0,4-3-3,1,0,12,399630,Isaac Yawe Höök,Substitute,0,0,0,-1,,,,0,0,-1,,,,2025-04-20 15:46:12
13086,725830,8547,away,0,4-3-3,1,0,24,401059,Victor Svensson,Substitute,0,1,358564,10,358564.0,5400.0,90',0,0,-1,,,,2025-04-20 15:46:12
13086,725830,8547,away,0,4-3-3,1,0,36,359495,August Ljungberg,Substitute,0,0,0,-1,,,,0,0,-1,,,,2025-04-20 15:46:12
13086,725830,8547,away,0,4-3-3,1,0,20,382138,Victor Ekström,Substitute,0,0,0,-1,,,,0,0,-1,,,,2025-04-20 15:46:12
13086,725830,8547,away,0,4-3-3,1,0,18,315677,Adam Vikman,Substitute,0,1,311741,8,,,,0,0,-1,,,,2025-04-20 15:46:12
13086,725830,8547,away,0,4-3-3,1,0,17,15527,Marcus Lindberg,Substitute,0,1,344867,29,344867.0,4440.0,74',0,0,-1,,,,2025-04-20 15:46:12
13086,725830,8547,away,0,4-3-3,1,0,3,299250,Bogdan Milovanov,Substitute,0,1,298341,13,298341.0,3840.0,64',0,0,-1,,,,2025-04-20 15:46:12
13086,725830,8547,away,0,4-3-3,1,0,15,186504,Simon Sandberg,Substitute,0,1,342596,33,342596.0,3780.0,63',0,0,-1,,,,2025-04-20 15:46:12
13086,725830,8547,away,0,4-3-3,1,0,34,325348,David Celic,Substitute,0,0,0,-1,,,,0,0,-1,,,,2025-04-20 15:46:12
13086,725831,20301,home,1,3-4-3,1,1,1,301377,Noel Tornqvist,Goalkeeper,1,0,0,-1,,,,0,0,-1,,,,2025-04-20 15:46:12
13086,725831,20301,home,1,3-4-3,1,1,14,312876,Herman Johansson,Right Midfielder,2,0,0,-1,,,,1,330245,9,330245.0,4860.0,81',2025-04-20 15:46:12
13086,725831,20301,home,1,3-4-3,1,1,17,357145,Elliot Stroud,Left Midfielder,3,0,0,-1,,,,0,0,-1,,,,2025-04-20 15:46:12
13086,725831,20301,home,1,3-4-3,1,1,5,356281,Abdullah Iqbal,Center Left Defender,4,0,0,-1,,,,0,0,-1,,,,2025-04-20 15:46:12
13086,725831,20301,home,1,3-4-3,1,1,13,259548,Jakob Kiilerich,Center Defender,5,0,0,-1,,,,0,0,-1,,,,2025-04-20 15:46:12
13086,725831,20301,home,1,3-4-3,1,1,4,306289,Axel Norén,Center Right Defender,6,0,0,-1,,,,0,0,-1,,,,2025-04-20 15:46:12
13086,725831,20301,home,1,3-4-3,1,1,10,249171,Nicklas Rojkjaer,Center Right Midfielder,7,0,0,-1,,,,1,389637,39,389637.0,5340.0,89',2025-04-20 15:46:12
13086,725831,20301,home,1,3-4-3,1,1,22,192793,Jesper Gustavsson,Center Left Midfielder,8,0,0,-1,,,,0,0,-1,,,,2025-04-20 15:46:12
13086,725831,20301,home,1,3-4-3,1,1,18,293925,Jacob Bergstrom,Forward,9,0,0,-1,,,,1,301382,16,301382.0,3900.0,65',2025-04-20 15:46:12
13086,725831,20301,home,1,3-4-3,1,1,6,356408,Ludwig Thorell,Center Right Forward,10,0,0,-1,,,,1,303651,7,303651.0,3900.0,65',2025-04-20 15:46:12
13086,725831,20301,home,1,3-4-3,1,1,19,380320,Abdoulie Manneh,Center Left Forward,11,0,0,-1,,,,1,361860,15,361860.0,4860.0,81',2025-04-20 15:46:12
13086,725831,20301,home,1,3-4-3,1,0,27,346501,Ludvig Tidstrand,Substitute,0,0,0,-1,,,,0,0,-1,,,,2025-04-20 15:46:12
13086,725831,20301,home,1,3-4-3,1,0,35,151931,Alexander Lundin,Substitute,0,0,0,-1,,,,0,0,-1,,,,2025-04-20 15:46:12
13086,725831,20301,home,1,3-4-3,1,0,7,303651,Viktor Gustafson,Substitute,0,1,356408,6,,,,0,0,-1,,,,2025-04-20 15:46:12
13086,725831,20301,home,1,3-4-3,1,0,9,330245,Calvin Kabuye,Substitute,0,1,312876,14,312876.0,4860.0,81',0,0,-1,,,,2025-04-20 15:46:12
13086,725831,20301,home,1,3-4-3,1,0,25,346502,Argjend Miftari,Substitute,0,0,0,-1,,,,0,0,-1,,,,2025-04-20 15:46:12
13086,725831,20301,home,1,3-4-3,1,0,26,357118,Uba Charles,Substitute,0,0,0,-1,,,,0,0,-1,,,,2025-04-20 15:46:12
13086,725831,20301,home,1,3-4-3,1,0,15,361860,Bork Bang-Kittilsen,Substitute,0,1,380320,19,380320.0,4860.0,81',0,0,-1,,,,2025-04-20 15:46:12
13086,725831,20301,home,1,3-4-3,1,0,39,389637,Romeo Leandersson,Substitute,0,1,249171,10,249171.0,5340.0,89',0,0,-1,,,,2025-04-20 15:46:12
13086,725831,20301,home,1,3-4-3,1,0,16,301382,Alexander Johansson,Substitute,0,1,293925,18,293925.0,3900.0,65',0,0,-1,,,,2025-04-20 15:46:12
13086,725831,2495,away,0,4-3-3,1,1,1,170727,Warner Hahn,Goalkeeper,1,0,0,-1,,,,0,0,-1,,,,2025-04-20 15:46:12
13086,725831,2495,away,0,4-3-3,1,1,17,313464,Ibrahim Fofana,Right Back,2,0,0,-1,,,,0,0,-1,,,,2025-05-18 04:51:43
13086,725831,2495,away,0,4-3-3,1,1,19,251758,Shaquille Pinas,Left Back,3,0,0,-1,,,,0,0,-1,,,,2025-04-20 15:46:12
13086,725831,2495,away,0,4-3-3,1,1,5,218436,Tesfaldet Tekie,Center Midfielder,4,0,0,-1,,,,0,0,-1,,,,2025-04-20 15:46:12
13086,725831,2495,away,0,4-3-3,1,1,4,334038,Victor Eriksson,Center Right Defender,5,0,0,-1,,,,0,0,-1,,,,2025-04-20 15:46:12
13086,725831,2495,away,0,4-3-3,1,1,6,249160,Pavle Vagic,Center Left Defender,6,0,0,-1,,,,1,269195,21,269195.0,2700.0,45',2025-04-20 15:46:12
13086,725831,2495,away,0,4-3-3,1,1,8,22967,Markus Karlsson,Right Midfielder,7,0,0,-1,,,,0,0,-1,,,,2025-04-20 15:46:12
13086,725831,2495,away,0,4-3-3,1,1,20,143585,Nahir Besara,Left Midfielder,8,0,0,-1,,,,1,303670,7,303670.0,3660.0,61',2025-04-20 15:46:12
13086,725831,2495,away,0,4-3-3,1,1,9,315675,Jusef Erabi,Forward,9,0,0,-1,,,,1,313974,23,,,,2025-04-20 15:46:12
13086,725831,2495,away,0,4-3-3,1,1,26,312880,Montader Madjed,Right Forward,10,0,0,-1,,,,1,399509,13,399509.0,3660.0,61',2025-04-20 15:46:12
13086,725831,2495,away,0,4-3-3,1,1,18,303702,Sebastian Tounekti,Left Forward,11,0,0,-1,,,,1,396022,34,,,,2025-04-20 15:46:12
13086,725831,2495,away,0,4-3-3,1,0,13,399509,Jonathan Karlsson,Substitute,0,1,312880,26,312880.0,3660.0,61',0,0,-1,,,,2025-04-20 15:46:12
13086,725831,2495,away,0,4-3-3,1,0,21,269195,Simon Strand,Substitute,0,1,249160,6,249160.0,2700.0,45',0,0,-1,,,,2025-04-20 15:46:12
13086,725831,2495,away,0,4-3-3,1,0,27,301372,Felix Jakobsson,Substitute,0,0,0,-1,,,,0,0,-1,,,,2025-04-20 15:46:12
13086,725831,2495,away,0,4-3-3,1,0,7,303670,Paulos Abraham,Substitute,0,1,143585,20,143585.0,3660.0,61',0,0,-1,,,,2025-04-20 15:46:12
13086,725831,2495,away,0,4-3-3,1,0,22,210020,Jacob Ortmark,Substitute,0,0,0,-1,,,,0,0,-1,,,,2025-04-20 15:46:12
13086,725831,2495,away,0,4-3-3,1,0,23,313974,Abdelrahman Saidi,Substitute,0,1,315675,9,315675.0,4800.0,80',0,0,-1,,,,2025-04-20 15:46:12
13086,725831,2495,away,0,4-3-3,1,0,29,359099,Moi&#776;Se Kaboré,Substitute,0,0,0,-1,,,,0,0,-1,,,,2025-04-20 15:46:12
13086,725831,2495,away,0,4-3-3,1,0,2,382504,Erik Skoglund,Substitute,0,0,0,-1,,,,0,0,-1,,,,2025-04-20 15:46:12
13086,725831,2495,away,0,4-3-3,1,0,34,396022,Wilson Uhrström,Substitute,0,1,303702,18,303702.0,4800.0,80',0,0,-1,,,,2025-04-20 15:46:12
13086,725832,8544,home,1,4-3-3,1,1,40,19242,David Andersson,Goalkeeper,1,0,0,-1,,,,0,0,-1,,,,2025-04-20 15:46:12
13086,725832,8544,home,1,4-3-3,1,1,37,345975,Moutaz Neffati,Right Back,2,0,0,-1,,,,0,0,-1,,,,2025-04-20 15:46:12
13086,725832,8544,home,1,4-3-3,1,1,14,306290,Yahya Kalley,Left Back,3,0,0,-1,,,,1,286930,11,286930.0,4500.0,75',2025-04-20 15:46:12
13086,725832,8544,home,1,4-3-3,1,1,21,334003,Jesper Ceesay,Center Midfielder,4,0,0,-1,,,,0,0,-1,,,,2025-04-20 15:46:12
13086,725832,8544,home,1,4-3-3,1,1,19,238431,Max Watson,Center Right Defender,5,0,0,-1,,,,0,0,-1,,,,2025-04-20 15:46:12
13086,725832,8544,home,1,4-3-3,1,1,2,357205,Kojo Peprah,Center Left Defender,6,0,0,-1,,,,1,356374,4,356374.0,1620.0,27',2025-04-20 15:46:12
13086,725832,8544,home,1,4-3-3,1,1,15,290034,Sebastian Jorgensen,Right Midfielder,7,0,0,-1,,,,1,287215,22,287215.0,5340.0,89',2025-04-20 15:46:12
13086,725832,8544,home,1,4-3-3,1,1,9,230353,Arnór Traustason,Left Midfielder,8,0,0,-1,,,,0,0,-1,,,,2025-04-20 15:46:12
13086,725832,8544,home,1,4-3-3,1,1,5,158978,Christoffer Nyman,Forward,9,0,0,-1,,,,0,0,-1,,,,2025-04-20 15:46:12
13086,725832,8544,home,1,4-3-3,1,1,10,188022,David Moberg-Karlsson,Right Forward,10,0,0,-1,,,,1,334015,24,334015.0,5400.0,90',2025-04-20 15:46:12
13086,725832,8544,home,1,4-3-3,1,1,8,321404,Ísak Andri Sigurgeirsson,Left Forward,11,0,0,-1,,,,0,0,-1,,,,2025-04-20 15:46:12
13086,725832,8544,home,1,4-3-3,1,0,30,380189,Theo Krantz,Substitute,0,0,0,-1,,,,0,0,-1,,,,2025-04-20 15:46:12
13086,725832,8544,home,1,4-3-3,1,0,22,287215,Tim Prica,Substitute,0,1,290034,15,290034.0,5340.0,89',0,0,-1,,,,2025-04-20 15:46:12
13086,725832,8544,home,1,4-3-3,1,0,11,286930,Ismet Lushaku,Substitute,0,1,306290,14,306290.0,4500.0,75',0,0,-1,,,,2025-04-20 15:46:12
13086,725832,8544,home,1,4-3-3,1,0,7,232279,Alexander Fransson,Substitute,0,0,0,-1,,,,0,0,-1,,,,2025-04-20 15:46:12
13086,725832,8544,home,1,4-3-3,1,0,24,334015,Anton Eriksson,Substitute,0,1,188022,10,188022.0,5400.0,90',0,0,-1,,,,2025-04-20 15:46:12
13086,725832,8544,home,1,4-3-3,1,0,20,400367,Axel Brönner,Substitute,0,0,0,-1,,,,0,0,-1,,,,2025-04-20 15:46:12
13086,725832,8544,home,1,4-3-3,1,0,28,389749,Åke Andersson,Substitute,0,0,0,-1,,,,0,0,-1,,,,2025-04-20 15:46:12
13086,725832,8544,home,1,4-3-3,1,0,4,356374,Amadeus Sögaard,Substitute,0,1,357205,2,,,,0,0,-1,,,,2025-04-20 15:46:12
13086,725832,8544,home,1,4-3-3,1,0,3,359167,Marcus Baggesen,Substitute,0,0,0,-1,,,,0,0,-1,,,,2025-04-20 15:46:12
13086,725832,3017,away,0,3-4-2-1,1,1,1,264481,Tim Rönning,Goalkeeper,1,0,0,-1,,,,0,0,-1,,,,2025-04-20 15:46:12
13086,725832,3017,away,0,3-4-2-1,1,1,11,357140,Villiam Granath,Right Midfielder,2,0,0,-1,,,,1,289218,7,289218.0,4440.0,74',2025-04-20 15:46:12
13086,725832,3017,away,0,3-4-2-1,1,1,15,357505,Gustav Friberg,Left Midfielder,3,0,0,-1,,,,0,0,-1,,,,2025-04-20 15:46:12
13086,725832,3017,away,0,3-4-2-1,1,1,3,357142,Gabriel Wallentin,Center Left Defender,4,0,0,-1,,,,0,0,-1,,,,2025-04-20 15:46:12
13086,725832,3017,away,0,3-4-2-1,1,1,5,178687,Pascal Gregor,Center Defender,5,0,0,-1,,,,0,0,-1,,,,2025-04-20 15:46:12
13086,725832,3017,away,0,3-4-2-1,1,1,2,381647,Bleon Kurtulus,Center Right Defender,6,0,0,-1,,,,0,0,-1,,,,2025-04-20 15:46:12
13086,725832,3017,away,0,3-4-2-1,1,1,6,147211,Joel Allansson,Center Right Midfielder,7,0,0,-1,,,,0,0,-1,,,,2025-04-20 15:46:12
13086,725832,3017,away,0,3-4-2-1,1,1,13,237843,Gisli Eyjolfsson,Center Left Midfielder,8,0,0,-1,,,,0,0,-1,,,,2025-04-20 15:46:12
13086,725832,3017,away,0,3-4-2-1,1,1,9,329971,Yannick Agnero,Forward,9,0,0,-1,,,,1,159454,14,159454.0,4440.0,74',2025-04-20 15:46:12
13086,725832,3017,away,0,3-4-2-1,1,1,18,357130,Naeem Mohammed,Center Right Forward,10,0,0,-1,,,,1,399508,29,399508.0,4440.0,74',2025-04-20 15:46:12
13086,725832,3017,away,0,3-4-2-1,1,1,8,289719,Niilo Maenpaa,Center Left Forward,11,0,0,-1,,,,1,303666,17,303666.0,3720.0,62',2025-04-20 15:46:12
13086,725832,3017,away,0,3-4-2-1,1,0,25,321176,Aleksander Nilsson,Substitute,0,0,0,-1,,,,0,0,-1,,,,2025-04-20 15:46:12
13086,725832,3017,away,0,3-4-2-1,1,0,20,317094,Pawel Chrupalla,Substitute,0,0,0,-1,,,,0,0,-1,,,,2025-04-20 15:46:12
13086,725832,3017,away,0,3-4-2-1,1,0,17,303666,Andre Boman,Substitute,0,1,289719,8,289719.0,3720.0,62',0,0,-1,,,,2025-04-20 15:46:12
13086,725832,3017,away,0,3-4-2-1,1,0,4,289329,Filip Schyberg,Substitute,0,0,0,-1,,,,0,0,-1,,,,2025-04-20 15:46:12
13086,725832,3017,away,0,3-4-2-1,1,0,7,289218,Birnir Snær Ingason,Substitute,0,1,357140,11,357140.0,4440.0,74',0,0,-1,,,,2025-04-20 15:46:12
13086,725832,3017,away,0,3-4-2-1,1,0,12,195094,Tim Erlandsson,Substitute,0,0,0,-1,,,,0,0,-1,,,,2025-04-20 15:46:12
13086,725832,3017,away,0,3-4-2-1,1,0,14,159454,Blair Turgott,Substitute,0,1,329971,9,329971.0,4440.0,74',0,0,-1,,,,2025-04-20 15:46:12
13086,725832,3017,away,0,3-4-2-1,1,0,21,121282,Markus Olsson,Substitute,0,0,0,-1,,,,0,0,-1,,,,2025-04-20 15:46:12
13086,725832,3017,away,0,3-4-2-1,1,0,29,399508,Erik Arvidsson,Substitute,0,1,357130,18,357130.0,4440.0,74',0,0,-1,,,,2025-04-20 15:46:12
13086,725833,2936,home,0,4-2-3-1,1,1,13,400366,Robin Wallinder,Goalkeeper,1,0,0,-1,,,,0,0,-1,,,,2025-04-21 02:18:28
13086,725833,2936,home,0,4-2-3-1,1,1,33,354345,Tatu Varmanen,Right Back,2,0,0,-1,,,,0,0,-1,,,,2025-04-21 02:18:28
13086,725833,2936,home,0,4-2-3-1,1,1,21,400371,Lars Bergquist,Left Back,3,0,0,-1,,,,1,173508,14,173508.0,5280.0,88',2025-04-21 02:18:28
13086,725833,2936,home,0,4-2-3-1,1,1,8,385181,Daniel Ask,Left Midfielder,4,0,0,-1,,,,0,0,-1,,,,2025-04-21 02:18:28
13086,725833,2936,home,0,4-2-3-1,1,1,5,354352,Mattis Adolfsson,Center Right Defender,5,0,0,-1,,,,0,0,-1,,,,2025-04-21 02:18:28
13086,725833,2936,home,0,4-2-3-1,1,1,15,316395,Ivan Kricak,Center Left Defender,6,0,0,-1,,,,0,0,-1,,,,2025-04-21 02:18:28
13086,725833,2936,home,0,4-2-3-1,1,1,19,289844,Matias Tamminen,Attacking Midfielder Right,7,0,0,-1,,,,0,0,-1,,,,2025-04-21 02:18:28
13086,725833,2936,home,0,4-2-3-1,1,1,7,302001,David Seger,Right Midfielder,8,0,0,-1,,,,1,312878,10,312878.0,5400.0,90',2025-04-21 02:18:28
13086,725833,2936,home,0,4-2-3-1,1,1,20,217300,Alibek Aliev,Forward,9,0,0,-1,,,,0,0,-1,,,,2025-04-21 02:18:28
13086,725833,2936,home,0,4-2-3-1,1,1,9,398188,Niklas Soderberg,Attacking Midfielder,10,0,0,-1,,,,1,307747,6,307747.0,4560.0,76',2025-04-21 02:18:28
13086,725833,2936,home,0,4-2-3-1,1,1,25,392578,Youssoupha Sanyang,Attacking Midfielder Left,11,0,0,-1,,,,1,311161,18,311161.0,4560.0,76',2025-04-21 02:18:28
13086,725833,2936,home,0,4-2-3-1,1,0,18,311161,Daniel Ljung,Substitute,0,1,392578,25,392578.0,4560.0,76',0,0,-1,,,,2025-04-21 02:18:28
13086,725833,2936,home,0,4-2-3-1,1,0,26,238868,Magnus Christensen,Substitute,0,0,0,-1,,,,0,0,-1,,,,2025-04-21 02:18:28
13086,725833,2936,home,0,4-2-3-1,1,0,4,238435,Sebastian Starke Hedlund,Substitute,0,0,0,-1,,,,0,0,-1,,,,2025-04-21 02:18:28
13086,725833,2936,home,0,4-2-3-1,1,0,23,222639,Vladimir Rodic,Substitute,0,0,0,-1,,,,0,0,-1,,,,2025-04-21 02:18:28
13086,725833,2936,home,0,4-2-3-1,1,0,14,173508,Dennis Olsson,Substitute,0,1,400371,21,400371.0,5280.0,88',0,0,-1,,,,2025-04-21 02:18:28
13086,725833,2936,home,0,4-2-3-1,1,0,10,312878,Albin Morfelt,Substitute,0,1,302001,7,302001.0,5400.0,90',0,0,-1,,,,2025-04-21 02:18:28
13086,725833,2936,home,0,4-2-3-1,1,0,6,307747,Noah Soderberg,Substitute,0,1,398188,9,398188.0,4560.0,76',0,0,-1,,,,2025-04-21 02:18:28
13086,725833,2936,home,0,4-2-3-1,1,0,32,400368,Carl Lundahl Persson,Substitute,0,0,0,-1,,,,0,0,-1,,,,2025-04-21 02:18:28
13086,725833,2936,home,0,4-2-3-1,1,0,22,400372,Oskar Gabrielsson,Substitute,0,0,0,-1,,,,0,0,-1,,,,2025-04-21 02:18:28
13086,725833,994,away,1,3-5-2,1,1,15,133993,Kristoffer Nordfeldt,Goalkeeper,1,0,0,-1,,,,0,0,-1,,,,2025-04-21 02:18:28
13086,725833,994,away,1,3-5-2,1,1,17,229692,Mads Thychosen,Right Midfielder,2,0,0,-1,,,,0,0,-1,,,,2025-04-21 02:18:28
13086,725833,994,away,1,3-5-2,1,1,19,237759,Dino Besirovic,Left Midfielder,3,0,0,-1,,,,0,0,-1,,,,2025-04-21 02:18:28
13086,725833,994,away,1,3-5-2,1,1,3,258904,Thomas Poppler Isherwood,Center Left Defender,4,0,0,-1,,,,0,0,-1,,,,2025-04-21 02:18:28
13086,725833,994,away,1,3-5-2,1,1,4,223140,Sotiris Papagiannopoulos,Center Defender,5,0,0,-1,,,,0,0,-1,,,,2025-04-21 02:18:28
13086,725833,994,away,1,3-5-2,1,1,32,222606,Filip Benkovic,Center Right Defender,6,0,0,-1,,,,0,0,-1,,,,2025-04-21 02:18:28
13086,725833,994,away,1,3-5-2,1,1,8,236162,Johan Hove,Center Right Midfielder,7,0,0,-1,,,,1,346655,47,,,,2025-04-21 02:18:28
13086,725833,994,away,1,3-5-2,1,1,33,322466,Aron Csongvai,Center Left Midfielder,8,0,0,-1,,,,0,0,-1,,,,2025-04-21 02:18:28
13086,725833,994,away,1,3-5-2,1,1,10,215152,Bersant Celina,Center Left Forward,9,0,0,-1,,,,1,325409,5,325409.0,5400.0,90'+2',2025-04-21 02:18:28
13086,725833,994,away,1,3-5-2,1,1,11,146893,John Guidetti,Center Right Forward,10,0,0,-1,,,,1,305500,9,305500.0,4980.0,83',2025-04-21 02:18:28
13086,725833,994,away,1,3-5-2,1,1,7,193105,Anton Saletros,Attacking Midfielder,11,0,0,-1,,,,0,0,-1,,,,2025-04-21 02:18:28
13086,725833,994,away,1,3-5-2,1,0,21,369996,Stanley Wilson,Substitute,0,0,0,-1,,,,0,0,-1,,,,2025-04-21 02:18:28
13086,725833,994,away,1,3-5-2,1,0,26,400799,Elvis Laan,Substitute,0,0,0,-1,,,,0,0,-1,,,,2025-04-21 02:18:28
13086,725833,994,away,1,3-5-2,1,0,22,172923,Jere Uronen,Substitute,0,0,0,-1,,,,0,0,-1,,,,2025-04-21 02:18:28
13086,725833,994,away,1,3-5-2,1,0,30,218410,Kalle Joelsson,Substitute,0,0,0,-1,,,,0,0,-1,,,,2025-04-21 02:18:28
13086,725833,994,away,1,3-5-2,1,0,9,305500,Andronikos Kakoulis,Substitute,0,1,146893,11,146893.0,4980.0,83',0,0,-1,,,,2025-04-21 02:18:28
13086,725833,994,away,1,3-5-2,1,0,5,325409,Kazper Karlsson,Substitute,0,1,215152,10,215152.0,5400.0,90'+2',0,0,-1,,,,2025-04-21 02:18:28
13086,725833,994,away,1,3-5-2,1,0,20,334005,Oscar Uddenas,Substitute,0,0,0,-1,,,,0,0,-1,,,,2025-04-21 02:18:28
13086,725833,994,away,1,3-5-2,1,0,43,334029,Victor Andersson,Substitute,0,0,0,-1,,,,0,0,-1,,,,2025-04-21 02:18:28
13086,725833,994,away,1,3-5-2,1,0,47,346655,Alexander Beraki,Substitute,0,1,236162,8,236162.0,3840.0,64',0,0,-1,,,,2025-04-21 02:18:28
13086,725834,2339,home,1,4-2-3-1,1,1,45,219533,Filip Manojlovic,Goalkeeper,1,0,0,-1,,,,0,0,-1,,,,2025-04-26 04:54:19
13086,725834,2339,home,1,4-2-3-1,1,1,18,269457,Adam Stahl,Right Back,2,0,0,-1,,,,0,0,-1,,,,2025-04-26 04:54:19
13086,725834,2339,home,1,4-2-3-1,1,1,27,371596,Keita Kosugi,Left Back,3,0,0,-1,,,,0,0,-1,,,,2025-04-26 04:54:19
13086,725834,2339,home,1,4-2-3-1,1,1,13,334021,Daniel Stensson,Left Midfielder,4,0,0,-1,,,,0,0,-1,,,,2025-04-26 04:54:19
13086,725834,2339,home,1,4-2-3-1,1,1,5,289721,Miro Tenho,Center Right Defender,5,0,0,-1,,,,0,0,-1,,,,2025-04-26 04:54:19
13086,725834,2339,home,1,4-2-3-1,1,1,3,172855,Marcus Danielsson,Center Left Defender,6,0,0,-1,,,,0,0,-1,,,,2025-04-26 04:54:19
13086,725834,2339,home,1,4-2-3-1,1,1,29,275575,Santeri Haarala,Attacking Midfielder Right,7,0,0,-1,,,,1,350206,32,350206.0,4860.0,81',2025-04-26 04:54:19
13086,725834,2339,home,1,4-2-3-1,1,1,20,364226,Matias Siltanen,Right Midfielder,8,0,0,-1,,,,1,237053,4,,,,2025-04-26 04:54:19
13086,725834,2339,home,1,4-2-3-1,1,1,11,372767,Zakaria Sawo,Forward,9,0,0,-1,,,,1,164556,10,164556.0,3960.0,66',2025-04-26 04:54:19
13086,725834,2339,home,1,4-2-3-1,1,1,9,330460,August Priske,Attacking Midfielder,10,0,0,-1,,,,0,0,-1,,,,2025-04-26 04:54:19
13086,725834,2339,home,1,4-2-3-1,1,1,7,295863,Tobias Fjeld Gulliksen,Attacking Midfielder Left,11,0,0,-1,,,,1,357136,12,357136.0,4860.0,81',2025-04-26 04:54:19
13086,725834,2339,home,1,4-2-3-1,1,0,32,350206,Isak Alemayehu,Substitute,0,1,275575,29,275575.0,4860.0,81',0,0,-1,,,,2025-04-26 04:54:19
13086,725834,2339,home,1,4-2-3-1,1,0,10,164556,Tokmac Nguen,Substitute,0,1,372767,11,372767.0,3960.0,66',0,0,-1,,,,2025-04-26 04:54:19
13086,725834,2339,home,1,4-2-3-1,1,0,31,403140,Ahmed Saeed,Substitute,0,0,0,-1,,,,0,0,-1,,,,2025-04-26 04:54:19
13086,725834,2339,home,1,4-2-3-1,1,0,36,380775,Alieu Atlee Manneh,Substitute,0,0,0,-1,,,,0,0,-1,,,,2025-04-26 04:54:19
13086,725834,2339,home,1,4-2-3-1,1,0,4,237053,Jacob Larsson,Substitute,0,1,364226,20,364226.0,5400.0,90'+2',0,0,-1,,,,2025-04-26 04:54:19
13086,725834,2339,home,1,4-2-3-1,1,0,14,272148,Hampus Finndell,Substitute,0,0,0,-1,,,,0,0,-1,,,,2025-04-26 04:54:19
13086,725834,2339,home,1,4-2-3-1,1,0,40,360151,Max Croon,Substitute,0,0,0,-1,,,,0,0,-1,,,,2025-04-26 04:54:19
13086,725834,2339,home,1,4-2-3-1,1,0,19,357204,Viktor Bergh,Substitute,0,0,0,-1,,,,0,0,-1,,,,2025-04-26 04:54:19
13086,725834,2339,home,1,4-2-3-1,1,0,12,357136,Theo Bergvall,Substitute,0,1,295863,7,,,,0,0,-1,,,,2025-04-26 04:54:19
13086,725834,2936,away,0,4-3-3,1,1,13,400366,Robin Wallinder,Goalkeeper,1,0,0,-1,,,,0,0,-1,,,,2025-04-26 04:54:19
13086,725834,2936,away,0,4-3-3,1,1,33,354345,Tatu Varmanen,Right Back,2,0,0,-1,,,,1,349204,16,349204.0,5280.0,88',2025-04-26 04:54:19
13086,725834,2936,away,0,4-3-3,1,1,21,400371,Lars Bergquist,Left Back,3,0,0,-1,,,,0,0,-1,,,,2025-04-26 04:54:19
13086,725834,2936,away,0,4-3-3,1,1,26,238868,Magnus Christensen,Center Midfielder,4,0,0,-1,,,,1,398188,9,398188.0,4500.0,75',2025-04-26 04:54:19
13086,725834,2936,away,0,4-3-3,1,1,5,354352,Mattis Adolfsson,Center Right Defender,5,0,0,-1,,,,0,0,-1,,,,2025-04-26 04:54:19
13086,725834,2936,away,0,4-3-3,1,1,3,380190,Kingsley Gyamfi,Center Left Defender,6,0,0,-1,,,,0,0,-1,,,,2025-04-26 04:54:19
13086,725834,2936,away,0,4-3-3,1,1,6,307747,Noah Soderberg,Right Midfielder,7,0,0,-1,,,,0,0,-1,,,,2025-04-26 04:54:19
13086,725834,2936,away,0,4-3-3,1,1,8,385181,Daniel Ask,Left Midfielder,8,0,0,-1,,,,0,0,-1,,,,2025-04-26 04:54:19
13086,725834,2936,away,0,4-3-3,1,1,20,217300,Alibek Aliev,Forward,9,0,0,-1,,,,1,399628,17,399628.0,4920.0,82',2025-04-26 04:54:19
13086,725834,2936,away,0,4-3-3,1,1,10,312878,Albin Morfelt,Right Forward,10,0,0,-1,,,,1,222639,23,222639.0,4920.0,82',2025-04-26 04:54:19
13086,725834,2936,away,0,4-3-3,1,1,18,311161,Daniel Ljung,Left Forward,11,0,0,-1,,,,0,0,-1,,,,2025-04-26 04:54:19
13086,725834,2936,away,0,4-3-3,1,0,4,238435,Sebastian Starke Hedlund,Substitute,0,0,0,-1,,,,0,0,-1,,,,2025-04-26 04:54:19
13086,725834,2936,away,0,4-3-3,1,0,9,398188,Niklas Soderberg,Substitute,0,1,238868,26,238868.0,4500.0,75',0,0,-1,,,,2025-04-26 04:54:19
13086,725834,2936,away,0,4-3-3,1,0,17,399628,Vincent Poppler,Substitute,0,1,217300,20,217300.0,4920.0,82',0,0,-1,,,,2025-04-26 04:54:19
13086,725834,2936,away,0,4-3-3,1,0,23,222639,Vladimir Rodic,Substitute,0,1,312878,10,312878.0,4920.0,82',0,0,-1,,,,2025-04-26 04:54:19
13086,725834,2936,away,0,4-3-3,1,0,32,400368,Carl Lundahl Persson,Substitute,0,0,0,-1,,,,0,0,-1,,,,2025-04-26 04:54:19
13086,725834,2936,away,0,4-3-3,1,0,22,400372,Oskar Gabrielsson,Substitute,0,0,0,-1,,,,0,0,-1,,,,2025-04-26 04:54:19
13086,725834,2936,away,0,4-3-3,1,0,16,349204,Raymond Adjei,Substitute,0,1,354345,33,354345.0,5280.0,88',0,0,-1,,,,2025-04-26 04:54:19
13086,725834,2936,away,0,4-3-3,1,0,14,173508,Dennis Olsson,Substitute,0,0,0,-1,,,,0,0,-1,,,,2025-04-26 04:54:19
13086,725835,529,home,1,3-4-3,1,1,31,250169,Isak Pettersson,Goalkeeper,1,0,0,-1,,,,0,0,-1,,,,2025-04-24 12:04:55
13086,725835,529,home,1,3-4-3,1,1,15,173040,Simon Hedlund,Right Midfielder,2,0,0,-1,,,,0,0,-1,,,,2025-04-24 12:04:55
13086,725835,529,home,1,3-4-3,1,1,23,134644,Niklas Hult,Left Midfielder,3,0,0,-1,,,,0,0,-1,,,,2025-04-24 12:04:55
13086,725835,529,home,1,3-4-3,1,1,2,380023,Terry Yegbe,Center Left Defender,4,0,0,-1,,,,0,0,-1,,,,2025-04-24 12:04:55
13086,725835,529,home,1,3-4-3,1,1,6,286729,Rasmus Wikstrom,Center Defender,5,0,0,-1,,,,0,0,-1,,,,2025-04-24 12:04:55
13086,725835,529,home,1,3-4-3,1,1,4,202682,Daniel Granli,Center Right Defender,6,0,0,-1,,,,0,0,-1,,,,2025-04-24 12:04:55
13086,725835,529,home,1,3-4-3,1,1,27,334024,Besfort Zeneli,Center Right Midfielder,7,0,0,-1,,,,0,0,-1,,,,2025-04-24 12:04:55
13086,725835,529,home,1,3-4-3,1,1,10,245883,Simon Olsson,Center Left Midfielder,8,0,0,-1,,,,0,0,-1,,,,2025-04-24 12:04:55
13086,725835,529,home,1,3-4-3,1,1,11,303614,Taylor Silverholt,Forward,9,0,0,-1,,,,1,240486,19,240486.0,4740.0,79',2025-04-24 12:04:55
13086,725835,529,home,1,3-4-3,1,1,20,362584,Gottfrid Rapp,Center Right Forward,10,0,0,-1,,,,1,304180,24,304180.0,3960.0,66',2025-04-24 12:04:55
13086,725835,529,home,1,3-4-3,1,1,25,342093,Ari Sigurpálsson,Center Left Forward,11,0,0,-1,,,,1,380321,26,380321.0,3960.0,66',2025-04-24 12:04:55
13086,725835,529,home,1,3-4-3,1,0,16,402326,Altti Hellemaa,Substitute,0,0,0,-1,,,,0,0,-1,,,,2025-04-24 12:04:55
13086,725835,529,home,1,3-4-3,1,0,28,389426,Frode Aronsson,Substitute,0,0,0,-1,,,,0,0,-1,,,,2025-04-24 12:04:55
13086,725835,529,home,1,3-4-3,1,0,26,380321,Ludvig Richtnér,Substitute,0,1,342093,25,342093.0,3960.0,66',0,0,-1,,,,2025-04-24 12:04:55
13086,725835,529,home,1,3-4-3,1,0,19,240486,Rami Kaib,Substitute,0,1,303614,11,303614.0,4740.0,79',0,0,-1,,,,2025-04-24 12:04:55
13086,725835,529,home,1,3-4-3,1,0,24,304180,Frederik Ihler,Substitute,0,1,362584,20,362584.0,3960.0,66',0,0,-1,,,,2025-04-24 12:04:55
13086,725835,529,home,1,3-4-3,1,0,13,146012,Johan Larsson,Substitute,0,0,0,-1,,,,0,0,-1,,,,2025-04-24 12:04:55
13086,725835,529,home,1,3-4-3,1,0,30,176191,Lucas Hagg Johansson,Substitute,0,0,0,-1,,,,0,0,-1,,,,2025-04-24 12:04:55
13086,725835,529,home,1,3-4-3,1,0,17,174501,Per Frick,Substitute,0,0,0,-1,,,,0,0,-1,,,,2025-04-24 12:04:55
13086,725835,529,home,1,3-4-3,1,0,29,341452,Ibrahim Buhari,Substitute,0,0,0,-1,,,,0,0,-1,,,,2025-04-24 12:04:55
13086,725835,8547,away,0,4-2-3-1,1,1,1,313973,Ismael Diarra Diawara,Goalkeeper,1,0,0,-1,,,,0,0,-1,,,,2025-04-24 12:04:55
13086,725835,8547,away,0,4-2-3-1,1,1,13,298341,Jakob Voelkerling Persson,Right Back,2,0,0,-1,,,,1,186504,15,186504.0,3540.0,59',2025-04-24 12:04:55
13086,725835,8547,away,0,4-2-3-1,1,1,33,342596,Saba Mamatsashvili,Left Back,3,0,0,-1,,,,1,299250,3,299250.0,5160.0,86',2025-04-24 12:04:55
13086,725835,8547,away,0,4-2-3-1,1,1,18,315677,Adam Vikman,Left Midfielder,4,0,0,-1,,,,1,15527,17,15527.0,4500.0,75',2025-04-24 12:04:55
13086,725835,8547,away,0,4-2-3-1,1,1,5,25076,Tobias Carlsson,Center Right Defender,5,0,0,-1,,,,0,0,-1,,,,2025-04-24 12:04:55
13086,725835,8547,away,0,4-2-3-1,1,1,4,366597,Tobias Anker,Center Left Defender,6,0,0,-1,,,,0,0,-1,,,,2025-04-24 12:04:55
13086,725835,8547,away,0,4-2-3-1,1,1,7,22706,Joakim Persson,Attacking Midfielder Right,7,0,0,-1,,,,0,0,-1,,,,2025-04-24 12:04:55
13086,725835,8547,away,0,4-2-3-1,1,1,14,323176,Leo Walta,Right Midfielder,8,0,0,-1,,,,0,0,-1,,,,2025-04-24 12:04:55
13086,725835,8547,away,0,4-2-3-1,1,1,9,322993,Robbie Ure,Forward,9,0,0,-1,,,,0,0,-1,,,,2025-04-24 12:04:55
13086,725835,8547,away,0,4-2-3-1,1,1,10,358564,Melker Heier,Attacking Midfielder,10,0,0,-1,,,,0,0,-1,,,,2025-04-24 12:04:55
13086,725835,8547,away,0,4-2-3-1,1,1,29,344867,Isak Bjerkebo,Attacking Midfielder Left,11,0,0,-1,,,,1,359495,36,359495.0,3540.0,59',2025-04-24 12:04:55
13086,725835,8547,away,0,4-2-3-1,1,0,36,359495,August Ljungberg,Substitute,0,1,344867,29,344867.0,3540.0,59',0,0,-1,,,,2025-04-24 12:04:55
13086,725835,8547,away,0,4-2-3-1,1,0,24,401059,Victor Svensson,Substitute,0,0,0,-1,,,,0,0,-1,,,,2025-04-24 12:04:55
13086,725835,8547,away,0,4-2-3-1,1,0,26,380689,Hugo Mella,Substitute,0,0,0,-1,,,,0,0,-1,,,,2025-04-24 12:04:55
13086,725835,8547,away,0,4-2-3-1,1,0,8,311741,Andreas Anderson,Substitute,0,0,0,-1,,,,0,0,-1,,,,2025-04-24 12:04:55
13086,725835,8547,away,0,4-2-3-1,1,0,3,299250,Bogdan Milovanov,Substitute,0,1,342596,33,342596.0,5160.0,86',0,0,-1,,,,2025-04-24 12:04:55
13086,725835,8547,away,0,4-2-3-1,1,0,21,235518,Dennis Widgren,Substitute,0,0,0,-1,,,,0,0,-1,,,,2025-04-24 12:04:55
13086,725835,8547,away,0,4-2-3-1,1,0,15,186504,Simon Sandberg,Substitute,0,1,298341,13,298341.0,3540.0,59',0,0,-1,,,,2025-04-24 12:04:55
13086,725835,8547,away,0,4-2-3-1,1,0,17,15527,Marcus Lindberg,Substitute,0,1,315677,18,,,,0,0,-1,,,,2025-04-24 12:04:55
13086,725835,8547,away,0,4-2-3-1,1,0,34,325348,David Celic,Substitute,0,0,0,-1,,,,0,0,-1,,,,2025-04-24 12:04:55
13086,725836,8222,home,0,4-3-3,1,1,1,312877,Mergim Krasniqi,Goalkeeper,1,0,0,-1,,,,0,0,-1,,,,2025-04-26 04:54:19
13086,725836,8222,home,0,4-3-3,1,1,6,378806,August Wängberg,Right Back,2,0,0,-1,,,,0,0,-1,,,,2025-04-26 04:54:19
13086,725836,8222,home,0,4-3-3,1,1,5,379958,Robin Thomasson,Left Back,3,0,0,-1,,,,0,0,-1,,,,2025-04-26 04:54:19
13086,725836,8222,home,0,4-3-3,1,1,32,359795,Harun Ibrahim,Center Midfielder,4,0,0,-1,,,,0,0,-1,,,,2025-04-26 04:54:19
13086,725836,8222,home,0,4-3-3,1,1,12,356377,Robin Frej,Center Right Defender,5,0,0,-1,,,,0,0,-1,,,,2025-04-26 04:54:19
13086,725836,8222,home,0,4-3-3,1,1,24,378826,Filip Beckman,Center Left Defender,6,0,0,-1,,,,0,0,-1,,,,2025-04-26 04:54:19
13086,725836,8222,home,0,4-3-3,1,1,21,315674,Axel Henriksson,Right Midfielder,7,0,0,-1,,,,1,312852,8,312852.0,4440.0,74',2025-04-26 04:54:19
13086,725836,8222,home,0,4-3-3,1,1,18,313931,Kevin Holmen,Left Midfielder,8,0,0,-1,,,,1,347031,10,347031.0,2700.0,45',2025-04-26 04:54:19
13086,725836,8222,home,0,4-3-3,1,1,19,308726,Ibrahim Diabate,Forward,9,0,0,-1,,,,1,235766,28,235766.0,4440.0,74',2025-04-26 04:54:19
13086,725836,8222,home,0,4-3-3,1,1,9,378816,Gustav Lundgren,Right Forward,10,0,0,-1,,,,1,149765,25,149765.0,5160.0,86',2025-04-26 04:54:19
13086,725836,8222,home,0,4-3-3,1,1,26,241105,Chovanie Amatkarijo,Left Forward,11,0,0,-1,,,,1,400221,16,400221.0,2700.0,45',2025-04-26 04:54:19
13086,725836,8222,home,0,4-3-3,1,0,10,347031,Amin Boudri,Substitute,0,1,313931,18,313931.0,2700.0,45',0,0,-1,,,,2025-04-26 04:54:19
13086,725836,8222,home,0,4-3-3,1,0,28,235766,Lucas Hedlund,Substitute,0,1,308726,19,308726.0,4440.0,74',0,0,-1,,,,2025-04-26 04:54:19
13086,725836,8222,home,0,4-3-3,1,0,25,149765,Jonas Lindberg,Substitute,0,1,378816,9,378816.0,5160.0,86',0,0,-1,,,,2025-04-26 04:54:19
13086,725836,8222,home,0,4-3-3,1,0,8,312852,William Milovanovic,Substitute,0,1,315674,21,315674.0,4440.0,74',0,0,-1,,,,2025-04-26 04:54:19
13086,725836,8222,home,0,4-3-3,1,0,11,334033,Edvin Becirovic,Substitute,0,0,0,-1,,,,0,0,-1,,,,2025-04-26 04:54:19
13086,725836,8222,home,0,4-3-3,1,0,16,400221,Rasmus Niklasson Petrovic,Substitute,0,1,241105,26,241105.0,2700.0,45',0,0,-1,,,,2025-04-26 04:54:19
13086,725836,8222,home,0,4-3-3,1,0,13,360878,Kees Sims,Substitute,0,0,0,-1,,,,0,0,-1,,,,2025-04-26 04:54:19
13086,725836,8222,home,0,4-3-3,1,0,22,378820,Anes Cardaklija,Substitute,0,0,0,-1,,,,0,0,-1,,,,2025-04-26 04:54:19
13086,725836,8222,home,0,4-3-3,1,0,2,400217,Matteo De Brienne,Substitute,0,0,0,-1,,,,0,0,-1,,,,2025-04-26 04:54:19
13086,725836,8221,away,0,4-2-3-1,1,1,25,146116,Davor Blazevic,Goalkeeper,1,0,0,-1,,,,0,0,-1,,,,2025-04-26 04:54:19
13086,725836,8221,away,0,4-2-3-1,1,1,21,302691,Alex Timossi Andersson,Right Back,2,0,0,-1,,,,0,0,-1,,,,2025-04-26 04:54:19
13086,725836,8221,away,0,4-2-3-1,1,1,6,313932,Oliver Zanden,Left Back,3,0,0,-1,,,,0,0,-1,,,,2025-04-26 04:54:19
13086,725836,8221,away,0,4-2-3-1,1,1,5,251486,Serge-Junior Ngouali,Left Midfielder,4,0,0,-1,,,,0,0,-1,,,,2025-04-26 04:54:19
13086,725836,8221,away,0,4-2-3-1,1,1,2,306206,Hlynur Freyr Karlsson,Center Right Defender,5,0,0,-1,,,,0,0,-1,,,,2025-04-26 04:54:19
13086,725836,8221,away,0,4-2-3-1,1,1,3,162464,Even Hovland,Center Left Defender,6,0,0,-1,,,,0,0,-1,,,,2025-04-26 04:54:19
13086,725836,8221,away,0,4-2-3-1,1,1,19,243322,Daleho Irandust,Attacking Midfielder Right,7,0,0,-1,,,,0,0,-1,,,,2025-04-26 04:54:19
13086,725836,8221,away,0,4-2-3-1,1,1,10,356378,Wilmer Odefalk,Right Midfielder,8,0,0,-1,,,,0,0,-1,,,,2025-04-26 04:54:19
13086,725836,8221,away,0,4-2-3-1,1,1,23,399426,Ezekiel Alladoh,Forward,9,0,0,-1,,,,1,274984,16,274984.0,4440.0,74',2025-04-26 04:54:19
13086,725836,8221,away,0,4-2-3-1,1,1,31,399423,Love Arrhov,Attacking Midfielder,10,0,0,-1,,,,1,357143,17,357143.0,3780.0,63',2025-04-26 04:54:19
13086,725836,8221,away,0,4-2-3-1,1,1,7,320883,Victor Lind,Attacking Midfielder Left,11,0,0,-1,,,,1,134643,39,134643.0,5400.0,90'+2',2025-04-26 04:54:19
13086,725836,8221,away,0,4-2-3-1,1,0,16,274984,Adam Jakobsen,Substitute,0,1,399426,23,399426.0,4440.0,74',0,0,-1,,,,2025-04-26 04:54:19
13086,725836,8221,away,0,4-2-3-1,1,0,32,399427,Oskar Cotton,Substitute,0,0,0,-1,,,,0,0,-1,,,,2025-04-26 04:54:19
13086,725836,8221,away,0,4-2-3-1,1,0,4,208616,Eric Bjorkander,Substitute,0,0,0,-1,,,,0,0,-1,,,,2025-04-26 04:54:19
13086,725836,8221,away,0,4-2-3-1,1,0,39,134643,Nabil Bahoui,Substitute,0,1,320883,7,320883.0,5400.0,90'+2',0,0,-1,,,,2025-04-26 04:54:19
13086,725836,8221,away,0,4-2-3-1,1,0,77,321070,Frederik Orsoe Christensen,Substitute,0,0,0,-1,,,,0,0,-1,,,,2025-04-26 04:54:19
13086,725836,8221,away,0,4-2-3-1,1,0,27,347458,Kaare Barslund,Substitute,0,0,0,-1,,,,0,0,-1,,,,2025-04-26 04:54:19
13086,725836,8221,away,0,4-2-3-1,1,0,20,354886,Martin Vetkal,Substitute,0,0,0,-1,,,,0,0,-1,,,,2025-04-26 04:54:19
13086,725836,8221,away,0,4-2-3-1,1,0,17,357143,Anton Kurochkin,Substitute,0,1,399423,31,399423.0,3780.0,63',0,0,-1,,,,2025-04-26 04:54:19
13086,725836,8221,away,0,4-2-3-1,1,0,40,390019,Leo Cavallius,Substitute,0,0,0,-1,,,,0,0,-1,,,,2025-04-26 04:54:19
13086,725837,3017,home,0,3-4-3,1,1,1,264481,Tim Rönning,Goalkeeper,1,0,0,-1,,,,0,0,-1,,,,2025-04-24 12:04:55
13086,725837,3017,home,0,3-4-3,1,1,17,303666,Andre Boman,Right Midfielder,2,0,0,-1,,,,1,399508,29,399508.0,5280.0,88',2025-04-24 12:04:55
13086,725837,3017,home,0,3-4-3,1,1,15,357505,Gustav Friberg,Left Midfielder,3,0,0,-1,,,,0,0,-1,,,,2025-04-24 12:04:55
13086,725837,3017,home,0,3-4-3,1,1,2,381647,Bleon Kurtulus,Center Left Defender,4,0,0,-1,,,,0,0,-1,,,,2025-04-24 12:04:55
13086,725837,3017,home,0,3-4-3,1,1,4,289329,Filip Schyberg,Center Defender,5,0,0,-1,,,,0,0,-1,,,,2025-04-24 12:04:55
13086,725837,3017,home,0,3-4-3,1,1,3,357142,Gabriel Wallentin,Center Right Defender,6,0,0,-1,,,,0,0,-1,,,,2025-04-24 12:04:55
13086,725837,3017,home,0,3-4-3,1,1,6,147211,Joel Allansson,Center Right Midfielder,7,0,0,-1,,,,1,321176,25,,,,2025-04-24 12:04:55
13086,725837,3017,home,0,3-4-3,1,1,13,237843,Gisli Eyjolfsson,Center Left Midfielder,8,0,0,-1,,,,1,359293,26,359293.0,5220.0,87',2025-04-24 12:04:55
13086,725837,3017,home,0,3-4-3,1,1,9,329971,Yannick Agnero,Forward,9,0,0,-1,,,,1,159454,14,159454.0,3480.0,58',2025-04-24 12:04:55
13086,725837,3017,home,0,3-4-3,1,1,11,357140,Villiam Granath,Center Right Forward,10,0,0,-1,,,,0,0,-1,,,,2025-04-24 12:04:55
13086,725837,3017,home,0,3-4-3,1,1,8,289719,Niilo Maenpaa,Center Left Forward,11,0,0,-1,,,,1,357130,18,357130.0,1500.0,25',2025-04-24 12:04:55
13086,725837,3017,home,0,3-4-3,1,0,20,317094,Pawel Chrupalla,Substitute,0,0,0,-1,,,,0,0,-1,,,,2025-04-24 12:04:55
13086,725837,3017,home,0,3-4-3,1,0,25,321176,Aleksander Nilsson,Substitute,0,1,147211,6,147211.0,5280.0,88',0,0,-1,,,,2025-04-24 12:04:55
13086,725837,3017,home,0,3-4-3,1,0,10,356384,Albin Ahlstrand,Substitute,0,0,0,-1,,,,0,0,-1,,,,2025-04-24 12:04:55
13086,725837,3017,home,0,3-4-3,1,0,18,357130,Naeem Mohammed,Substitute,0,1,289719,8,289719.0,1500.0,25',0,0,-1,,,,2025-04-24 12:04:55
13086,725837,3017,home,0,3-4-3,1,0,7,289218,Birnir Snær Ingason,Substitute,0,0,0,-1,,,,0,0,-1,,,,2025-04-24 12:04:55
13086,725837,3017,home,0,3-4-3,1,0,26,359293,Mans Andersson,Substitute,0,1,237843,13,,,,0,0,-1,,,,2025-04-24 12:04:55
13086,725837,3017,home,0,3-4-3,1,0,12,195094,Tim Erlandsson,Substitute,0,0,0,-1,,,,0,0,-1,,,,2025-04-24 12:04:55
13086,725837,3017,home,0,3-4-3,1,0,29,399508,Erik Arvidsson,Substitute,0,1,303666,17,303666.0,5280.0,88',0,0,-1,,,,2025-04-24 12:04:55
13086,725837,3017,home,0,3-4-3,1,0,14,159454,Blair Turgott,Substitute,0,1,329971,9,329971.0,3480.0,58',0,0,-1,,,,2025-04-24 12:04:55
13086,725837,20301,away,1,3-4-3,1,1,1,301377,Noel Tornqvist,Goalkeeper,1,0,0,-1,,,,0,0,-1,,,,2025-04-24 12:04:55
13086,725837,20301,away,1,3-4-3,1,1,14,312876,Herman Johansson,Right Midfielder,2,0,0,-1,,,,1,330245,9,330245.0,4740.0,79',2025-04-24 12:04:55
13086,725837,20301,away,1,3-4-3,1,1,17,357145,Elliot Stroud,Left Midfielder,3,0,0,-1,,,,0,0,-1,,,,2025-04-24 12:04:55
13086,725837,20301,away,1,3-4-3,1,1,5,356281,Abdullah Iqbal,Center Left Defender,4,0,0,-1,,,,0,0,-1,,,,2025-04-24 12:04:55
13086,725837,20301,away,1,3-4-3,1,1,13,259548,Jakob Kiilerich,Center Defender,5,0,0,-1,,,,0,0,-1,,,,2025-04-24 12:04:55
13086,725837,20301,away,1,3-4-3,1,1,4,306289,Axel Norén,Center Right Defender,6,0,0,-1,,,,0,0,-1,,,,2025-04-24 12:04:55
13086,725837,20301,away,1,3-4-3,1,1,10,249171,Nicklas Rojkjaer,Center Right Midfielder,7,0,0,-1,,,,1,303651,7,303651.0,2700.0,45',2025-04-24 12:04:55
13086,725837,20301,away,1,3-4-3,1,1,22,192793,Jesper Gustavsson,Center Left Midfielder,8,0,0,-1,,,,0,0,-1,,,,2025-04-24 12:04:55
13086,725837,20301,away,1,3-4-3,1,1,18,293925,Jacob Bergstrom,Forward,9,0,0,-1,,,,1,346501,27,346501.0,5400.0,90',2025-04-24 12:04:55
13086,725837,20301,away,1,3-4-3,1,1,6,356408,Ludwig Thorell,Center Right Forward,10,0,0,-1,,,,1,389637,39,389637.0,4740.0,79',2025-04-24 12:04:55
13086,725837,20301,away,1,3-4-3,1,1,19,380320,Abdoulie Manneh,Center Left Forward,11,0,0,-1,,,,1,361860,15,361860.0,4200.0,70',2025-04-24 12:04:55
13086,725837,20301,away,1,3-4-3,1,0,7,303651,Viktor Gustafson,Substitute,0,1,249171,10,249171.0,2700.0,45',0,0,-1,,,,2025-04-24 12:04:55
13086,725837,20301,away,1,3-4-3,1,0,28,403153,Olle Lindberg,Substitute,0,0,0,-1,,,,0,0,-1,,,,2025-04-24 12:04:55
13086,725837,20301,away,1,3-4-3,1,0,23,402887,Olle Nilsson,Substitute,0,0,0,-1,,,,0,0,-1,,,,2025-04-24 12:04:55
13086,725837,20301,away,1,3-4-3,1,0,39,389637,Romeo Leandersson,Substitute,0,1,356408,6,,,,0,0,-1,,,,2025-04-24 12:04:55
13086,725837,20301,away,1,3-4-3,1,0,15,361860,Bork Bang-Kittilsen,Substitute,0,1,380320,19,380320.0,4200.0,70',0,0,-1,,,,2025-04-24 12:04:55
13086,725837,20301,away,1,3-4-3,1,0,35,151931,Alexander Lundin,Substitute,0,0,0,-1,,,,0,0,-1,,,,2025-04-24 12:04:55
13086,725837,20301,away,1,3-4-3,1,0,25,346502,Argjend Miftari,Substitute,0,0,0,-1,,,,0,0,-1,,,,2025-04-24 12:04:55
13086,725837,20301,away,1,3-4-3,1,0,27,346501,Ludvig Tidstrand,Substitute,0,1,293925,18,293925.0,5400.0,90',0,0,-1,,,,2025-04-24 12:04:55
13086,725837,20301,away,1,3-4-3,1,0,9,330245,Calvin Kabuye,Substitute,0,1,312876,14,312876.0,4740.0,79',0,0,-1,,,,2025-04-24 12:04:55
13086,725838,2495,home,1,4-3-3,1,1,1,170727,Warner Hahn,Goalkeeper,1,0,0,-1,,,,0,0,-1,,,,2025-04-24 12:04:55
13086,725838,2495,home,1,4-3-3,1,1,2,382504,Erik Skoglund,Right Back,2,0,0,-1,,,,0,0,-1,,,,2025-04-24 12:04:55
13086,725838,2495,home,1,4-3-3,1,1,19,251758,Shaquille Pinas,Left Back,3,0,0,-1,,,,0,0,-1,,,,2025-04-24 12:04:55
13086,725838,2495,home,1,4-3-3,1,1,5,218436,Tesfaldet Tekie,Center Midfielder,4,0,0,-1,,,,1,313464,17,,,,2025-04-24 12:04:55
13086,725838,2495,home,1,4-3-3,1,1,4,334038,Victor Eriksson,Center Right Defender,5,0,0,-1,,,,0,0,-1,,,,2025-04-24 12:04:55
13086,725838,2495,home,1,4-3-3,1,1,6,249160,Pavle Vagic,Center Left Defender,6,0,0,-1,,,,0,0,-1,,,,2025-04-24 12:04:55
13086,725838,2495,home,1,4-3-3,1,1,8,22967,Markus Karlsson,Right Midfielder,7,0,0,-1,,,,0,0,-1,,,,2025-04-24 12:04:55
13086,725838,2495,home,1,4-3-3,1,1,20,143585,Nahir Besara,Left Midfielder,8,0,0,-1,,,,0,0,-1,,,,2025-04-24 12:04:55
13086,725838,2495,home,1,4-3-3,1,1,9,315675,Jusef Erabi,Forward,9,0,0,-1,,,,0,0,-1,,,,2025-04-24 12:04:55
13086,725838,2495,home,1,4-3-3,1,1,7,303670,Paulos Abraham,Right Forward,10,0,0,-1,,,,1,313974,23,,,,2025-04-24 12:04:55
13086,725838,2495,home,1,4-3-3,1,1,18,303702,Sebastian Tounekti,Left Forward,11,0,0,-1,,,,1,269195,21,269195.0,4980.0,83',2025-04-24 12:04:55
13086,725838,2495,home,1,4-3-3,1,0,27,301372,Felix Jakobsson,Substitute,0,0,0,-1,,,,0,0,-1,,,,2025-04-24 12:04:55
13086,725838,2495,home,1,4-3-3,1,0,13,399509,Jonathan Karlsson,Substitute,0,0,0,-1,,,,0,0,-1,,,,2025-04-24 12:04:55
13086,725838,2495,home,1,4-3-3,1,0,34,396022,Wilson Uhrström,Substitute,0,0,0,-1,,,,0,0,-1,,,,2025-04-24 12:04:55
13086,725838,2495,home,1,4-3-3,1,0,16,380971,Gent Elezaj,Substitute,0,0,0,-1,,,,0,0,-1,,,,2025-04-24 12:04:55
13086,725838,2495,home,1,4-3-3,1,0,29,359099,Moïse Kaboré,Substitute,0,0,0,-1,,,,0,0,-1,,,,2025-05-23 04:55:04
13086,725838,2495,home,1,4-3-3,1,0,23,313974,Abdelrahman Saidi,Substitute,0,1,303670,7,303670.0,4500.0,75',0,0,-1,,,,2025-04-24 12:04:55
13086,725838,2495,home,1,4-3-3,1,0,17,313464,Ibrahima Fofana,Substitute,0,1,218436,5,218436.0,5400.0,90'+4',0,0,-1,,,,2025-05-23 04:55:04
13086,725838,2495,home,1,4-3-3,1,0,26,312880,Montader Madjed,Substitute,0,0,0,-1,,,,0,0,-1,,,,2025-04-24 12:04:55
13086,725838,2495,home,1,4-3-3,1,0,21,269195,Simon Strand,Substitute,0,1,303702,18,303702.0,4980.0,83',0,0,-1,,,,2025-04-24 12:04:55
13086,725838,2720,away,0,4-3-3,1,1,1,198227,Ricardo Henrique Schuck Friedrich,Goalkeeper,1,0,0,-1,,,,0,0,-1,,,,2025-04-24 12:04:55
13086,725838,2720,away,0,4-3-3,1,1,17,193186,Jens Stryger Larsen,Right Back,2,0,0,-1,,,,0,0,-1,,,,2025-04-24 12:04:55
13086,725838,2720,away,0,4-3-3,1,1,25,301219,Busanello,Left Back,3,0,0,-1,,,,0,0,-1,,,,2025-05-14 04:51:09
13086,725838,2720,away,0,4-3-3,1,1,23,286434,Lasser Berg Johnsen,Center Midfielder,4,0,0,-1,,,,0,0,-1,,,,2025-04-24 12:04:55
13086,725838,2720,away,0,4-3-3,1,1,19,279135,Colin Rösler,Center Right Defender,5,0,0,-1,,,,0,0,-1,,,,2025-04-24 12:04:55
13086,725838,2720,away,0,4-3-3,1,1,35,380679,Nils Zätterström,Center Left Defender,6,0,0,-1,,,,1,360023,32,360023.0,5220.0,87',2025-04-24 12:04:55
13086,725838,2720,away,0,4-3-3,1,1,37,364698,Adrian Skogmar,Right Midfielder,7,0,0,-1,,,,1,149538,10,149538.0,4920.0,82',2025-04-24 12:04:55
13086,725838,2720,away,0,4-3-3,1,1,7,315679,Otto Rosengren,Left Midfielder,8,0,0,-1,,,,1,138055,16,138055.0,4920.0,82',2025-04-24 12:04:55
13086,725838,2720,away,0,4-3-3,1,1,20,239925,Erik Botheim,Forward,9,0,0,-1,,,,1,166657,9,166657.0,5220.0,87',2025-04-24 12:04:55
13086,725838,2720,away,0,4-3-3,1,1,38,330239,Hugo Bolin,Right Forward,10,0,0,-1,,,,0,0,-1,,,,2025-04-24 12:04:55
13086,725838,2720,away,0,4-3-3,1,1,22,314164,Taha Abdi Ali,Left Forward,11,0,0,-1,,,,1,218450,29,218450.0,4140.0,69',2025-04-24 12:04:55
13086,725838,2720,away,0,4-3-3,1,0,29,218450,Sead Haksabanovic,Substitute,0,1,314164,22,,,,0,0,-1,,,,2025-04-24 12:04:55
13086,725838,2720,away,0,4-3-3,1,0,9,166657,Isaac Kiese Thelin,Substitute,0,1,239925,20,239925.0,5220.0,87',0,0,-1,,,,2025-04-24 12:04:55
13086,725838,2720,away,0,4-3-3,1,0,40,381395,Kenan Busuladzic,Substitute,0,0,0,-1,,,,0,0,-1,,,,2025-04-24 12:04:55
13086,725838,2720,away,0,4-3-3,1,0,32,360023,Daniel Gudjohnsen,Substitute,0,1,380679,35,380679.0,5220.0,87',0,0,-1,,,,2025-04-24 12:04:55
13086,725838,2720,away,0,4-3-3,1,0,11,308880,Emmanuel Ekong,Substitute,0,0,0,-1,,,,0,0,-1,,,,2025-04-24 12:04:55
13086,725838,2720,away,0,4-3-3,1,0,33,307800,Melker Ellborg,Substitute,0,0,0,-1,,,,0,0,-1,,,,2025-04-24 12:04:55
13086,725838,2720,away,0,4-3-3,1,0,2,9101,Johan Karlsson,Substitute,0,0,0,-1,,,,0,0,-1,,,,2025-04-24 12:04:55
13086,725838,2720,away,0,4-3-3,1,0,16,138055,Oliver Berg,Substitute,0,1,315679,7,315679.0,4920.0,82',0,0,-1,,,,2025-04-24 12:04:55
13086,725838,2720,away,0,4-3-3,1,0,10,149538,Anders Christiansen,Substitute,0,1,364698,37,364698.0,4920.0,82',0,0,-1,,,,2025-04-24 12:04:55
13086,725839,7834,home,0,4-3-3,1,1,32,121827,Oscar Jansson,Goalkeeper,1,0,0,-1,,,,0,0,-1,,,,2025-04-24 12:04:55
13086,725839,7834,home,0,4-3-3,1,1,28,394448,Filip Öhman,Right Back,2,0,0,-1,,,,1,361537,13,361537.0,4440.0,74',2025-04-24 12:04:55
13086,725839,7834,home,0,4-3-3,1,1,21,194293,Adam Lundqvist,Left Back,3,0,0,-1,,,,0,0,-1,,,,2025-04-24 12:04:55
13086,725839,7834,home,0,4-3-3,1,1,8,355408,Silas Andersen,Center Midfielder,4,0,0,-1,,,,0,0,-1,,,,2025-04-24 12:04:55
13086,725839,7834,home,0,4-3-3,1,1,4,271086,Marius Lode,Center Right Defender,5,0,0,-1,,,,0,0,-1,,,,2025-04-24 12:04:55
13086,725839,7834,home,0,4-3-3,1,1,25,21990,Abdoulaye Faye,Center Left Defender,6,0,0,-1,,,,1,366143,19,366143.0,4920.0,82',2025-04-24 12:04:55
13086,725839,7834,home,0,4-3-3,1,1,15,356369,Samuel Holm,Right Midfielder,7,0,0,-1,,,,1,357139,16,357139.0,4440.0,74',2025-04-24 12:04:55
13086,725839,7834,home,0,4-3-3,1,1,14,185916,Simon Gustafson,Left Midfielder,8,0,0,-1,,,,0,0,-1,,,,2025-04-24 12:04:55
13086,725839,7834,home,0,4-3-3,1,1,9,360958,Srdan Hrstic,Forward,9,0,0,-1,,,,0,0,-1,,,,2025-04-24 12:04:55
13086,725839,7834,home,0,4-3-3,1,1,10,239184,Mikkel Rygaard Jensen,Right Forward,10,0,0,-1,,,,0,0,-1,,,,2025-04-24 12:04:55
13086,725839,7834,home,0,4-3-3,1,1,29,366829,Severin Nioule,Left Forward,11,0,0,-1,,,,1,271087,24,271087.0,3840.0,64',2025-04-24 12:04:55
13086,725839,7834,home,0,4-3-3,1,0,42,146579,Nikola Mitrovic,Substitute,0,0,0,-1,,,,0,0,-1,,,,2025-04-24 12:04:55
13086,725839,7834,home,0,4-3-3,1,0,99,125312,Etrit Berisha,Substitute,0,0,0,-1,,,,0,0,-1,,,,2025-04-24 12:04:55
13086,725839,7834,home,0,4-3-3,1,0,22,380234,Nikola Zecevic,Substitute,0,0,0,-1,,,,0,0,-1,,,,2025-04-24 12:04:55
13086,725839,7834,home,0,4-3-3,1,0,19,366143,John Paul Dembe,Substitute,0,1,21990,25,21990.0,4920.0,82',0,0,-1,,,,2025-04-24 12:04:55
13086,725839,7834,home,0,4-3-3,1,0,13,361537,Sigge Jansson,Substitute,0,1,394448,28,394448.0,4440.0,74',0,0,-1,,,,2025-04-24 12:04:55
13086,725839,7834,home,0,4-3-3,1,0,16,357139,Pontus Dahbo,Substitute,0,1,356369,15,,,,0,0,-1,,,,2025-04-24 12:04:55
13086,725839,7834,home,0,4-3-3,1,0,39,364749,Isak Brusberg,Substitute,0,0,0,-1,,,,0,0,-1,,,,2025-04-24 12:04:55
13086,725839,7834,home,0,4-3-3,1,0,17,330551,Ben Engdahl,Substitute,0,0,0,-1,,,,0,0,-1,,,,2025-04-24 12:04:55
13086,725839,7834,home,0,4-3-3,1,0,24,271087,Amor Layouni,Substitute,0,1,366829,29,366829.0,3840.0,64',0,0,-1,,,,2025-04-24 12:04:55
13086,725839,20856,away,1,3-4-3,1,1,25,400140,Rasmus Forsell,Goalkeeper,1,0,0,-1,,,,0,0,-1,,,,2025-04-24 12:04:55
13086,725839,20856,away,1,3-4-3,1,1,16,205158,Sebastian Ohlsson,Right Midfielder,2,0,0,-1,,,,1,324395,15,324395.0,5400.0,90'+2',2025-04-24 12:04:55
13086,725839,20856,away,1,3-4-3,1,1,16,205158,Sebastian Ohlsson,Right Midfielder,2,0,0,-1,,,,1,324395,15,324395.0,5400.0,90'+2',2025-04-24 12:04:55
13086,725839,20856,away,1,3-4-3,1,1,16,205158,Sebastian Ohlsson,Right Midfielder,2,0,0,-1,,,,1,324395,15,324395.0,5400.0,90'+2',2025-04-24 12:04:55
13086,725839,20856,away,1,3-4-3,1,1,2,256567,Mamadouba Diaby,Left Midfielder,3,0,0,-1,,,,0,0,-1,,,,2025-04-24 12:04:55
13086,725839,20856,away,1,3-4-3,1,1,5,385769,Juhani Pikkarainen,Center Defender,5,0,0,-1,,,,0,0,-1,,,,2025-04-24 12:04:55
13086,725839,20856,away,1,3-4-3,1,1,4,301367,Leon Hien,Center Right Defender,6,0,0,-1,,,,0,0,-1,,,,2025-04-24 12:04:55
13086,725839,20856,away,1,3-4-3,1,1,11,218520,Christos Gravius,Center Right Midfielder,7,0,0,-1,,,,0,0,-1,,,,2025-04-24 12:04:55
13086,725839,20856,away,1,3-4-3,1,1,8,301374,Nahom Girmai,Center Left Midfielder,8,0,0,-1,,,,0,0,-1,,,,2025-04-24 12:04:55
13086,725839,20856,away,1,3-4-3,1,1,10,364830,Marcus Rafferty,Forward,9,0,0,-1,,,,1,398190,9,398190.0,3600.0,60',2025-04-24 12:04:55
13086,725839,20856,away,1,3-4-3,1,1,20,400141,Elias Barsoum,Center Right Forward,10,0,0,-1,,,,1,398189,18,398189.0,4200.0,70',2025-04-24 12:04:55
13086,725839,20856,away,1,3-4-3,1,1,27,400375,Ziyad Salifu,Center Left Forward,11,0,0,-1,,,,1,398192,21,398192.0,2700.0,45',2025-04-24 12:04:55
13086,725839,20856,away,1,3-4-3,1,0,24,402327,Hjalmar Smedberg,Substitute,0,0,0,-1,,,,0,0,-1,,,,2025-04-24 12:04:55
13086,725839,20856,away,1,3-4-3,1,0,21,398192,Elias Pihlström,Substitute,0,1,400375,27,400375.0,2700.0,45',0,0,-1,,,,2025-04-24 12:04:55
13086,725839,20856,away,1,3-4-3,1,0,9,398190,Adi Fisic,Substitute,0,1,364830,10,364830.0,3600.0,60',0,0,-1,,,,2025-04-24 12:04:55
13086,725839,20856,away,1,3-4-3,1,0,1,286770,Willie Jakobsson,Substitute,0,0,0,-1,,,,0,0,-1,,,,2025-04-24 12:04:55
13086,725839,20856,away,1,3-4-3,1,0,23,357137,Alexander Lindskog,Substitute,0,0,0,-1,,,,0,0,-1,,,,2025-04-24 12:04:55
13086,725839,20856,away,1,3-4-3,1,0,15,324395,Nasiru Moro,Substitute,0,1,205158,16,205158.0,5400.0,90'+2',0,0,-1,,,,2025-04-24 12:04:55
13086,725839,20856,away,1,3-4-3,1,0,15,324395,Nasiru Moro,Substitute,0,1,205158,16,205158.0,5400.0,90'+2',0,0,-1,,,,2025-04-24 12:04:55
13086,725839,20856,away,1,3-4-3,1,0,15,324395,Nasiru Moro,Substitute,0,1,205158,16,205158.0,5400.0,90'+2',0,0,-1,,,,2025-04-24 12:04:55
13086,725839,20856,away,1,3-4-3,1,0,18,398189,Teo Grönborg,Substitute,0,1,400141,20,400141.0,4200.0,70',0,0,-1,,,,2025-04-24 12:04:55
13086,725839,20856,away,1,3-4-3,1,0,30,255257,Bernardo Morgado,Substitute,0,0,0,-1,,,,0,0,-1,,,,2025-04-24 12:04:55
13086,725839,20856,away,1,3-4-3,1,0,17,178387,Luc Kassi,Substitute,0,0,0,-1,,,,0,0,-1,,,,2025-04-24 12:04:55
13086,725840,8544,home,0,4-4-2,1,1,40,19242,David Andersson,Goalkeeper,1,0,0,-1,,,,0,0,-1,,,,2025-04-26 04:54:19
13086,725840,8544,home,0,4-4-2,1,1,37,345975,Moutaz Neffati,Right Back,2,0,0,-1,,,,0,0,-1,,,,2025-04-26 04:54:19
13086,725840,8544,home,0,4-4-2,1,1,14,306290,Yahya Kalley,Left Back,3,0,0,-1,,,,1,357205,2,,,,2025-04-26 04:54:19
13086,725840,8544,home,0,4-4-2,1,1,9,230353,Arnór Traustason,Center Right Midfielder,4,0,0,-1,,,,0,0,-1,,,,2025-04-26 04:54:19
13086,725840,8544,home,0,4-4-2,1,1,4,356374,Amadeus Sögaard,Center Right Defender,5,0,0,-1,,,,0,0,-1,,,,2025-04-26 04:54:19
13086,725840,8544,home,0,4-4-2,1,1,19,238431,Max Watson,Center Left Defender,6,0,0,-1,,,,0,0,-1,,,,2025-04-26 04:54:19
13086,725840,8544,home,0,4-4-2,1,1,10,188022,David Moberg-Karlsson,Right Midfielder,7,0,0,-1,,,,1,287215,22,287215.0,4560.0,76',2025-04-26 04:54:19
13086,725840,8544,home,0,4-4-2,1,1,21,334003,Jesper Ceesay,Center Left Midfielder,8,0,0,-1,,,,0,0,-1,,,,2025-04-26 04:54:19
13086,725840,8544,home,0,4-4-2,1,1,5,158978,Christoffer Nyman,Center Left Forward,9,0,0,-1,,,,0,0,-1,,,,2025-04-26 04:54:19
13086,725840,8544,home,0,4-4-2,1,1,20,400367,Axel Brönner,Center Right Forward,10,0,0,-1,,,,1,290034,15,290034.0,4020.0,67',2025-04-26 04:54:19
13086,725840,8544,home,0,4-4-2,1,1,8,321404,Ísak Andri Sigurgeirsson,Left Midfielder,11,0,0,-1,,,,0,0,-1,,,,2025-04-26 04:54:19
13086,725840,8544,home,0,4-4-2,1,0,30,380189,Theo Krantz,Substitute,0,0,0,-1,,,,0,0,-1,,,,2025-04-26 04:54:19
13086,725840,8544,home,0,4-4-2,1,0,7,232279,Alexander Fransson,Substitute,0,0,0,-1,,,,0,0,-1,,,,2025-04-26 04:54:19
13086,725840,8544,home,0,4-4-2,1,0,36,402438,Manaf Rawufu,Substitute,0,0,0,-1,,,,0,0,-1,,,,2025-04-26 04:54:19
13086,725840,8544,home,0,4-4-2,1,0,22,287215,Tim Prica,Substitute,0,1,188022,10,188022.0,4560.0,76',0,0,-1,,,,2025-04-26 04:54:19
13086,725840,8544,home,0,4-4-2,1,0,15,290034,Sebastian Jorgensen,Substitute,0,1,400367,20,400367.0,4020.0,67',0,0,-1,,,,2025-04-26 04:54:19
13086,725840,8544,home,0,4-4-2,1,0,18,400219,Jónatan Arnarsson,Substitute,0,0,0,-1,,,,0,0,-1,,,,2025-04-26 04:54:19
13086,725840,8544,home,0,4-4-2,1,0,2,357205,Kojo Peprah,Substitute,0,1,306290,14,306290.0,4020.0,67',0,0,-1,,,,2025-04-26 04:54:19
13086,725840,8544,home,0,4-4-2,1,0,3,359167,Marcus Baggesen,Substitute,0,0,0,-1,,,,0,0,-1,,,,2025-04-26 04:54:19
13086,725840,8544,home,0,4-4-2,1,0,28,389749,Åke Andersson,Substitute,0,0,0,-1,,,,0,0,-1,,,,2025-04-26 04:54:19
13086,725840,2556,away,1,4-3-3,1,1,1,235504,Pontus Dahlberg,Goalkeeper,1,0,0,-1,,,,0,0,-1,,,,2025-04-26 04:54:19
13086,725840,2556,away,1,4-3-3,1,1,18,349811,Felix Eriksson,Right Back,2,0,0,-1,,,,0,0,-1,,,,2025-04-26 04:54:19
13086,725840,2556,away,1,4-3-3,1,1,22,383948,Noah Tolf,Left Back,3,0,0,-1,,,,0,0,-1,,,,2025-04-26 04:54:19
13086,725840,2556,away,1,4-3-3,1,1,15,307947,David Kruse,Center Midfielder,4,0,0,-1,,,,0,0,-1,,,,2025-04-26 04:54:19
13086,725840,2556,away,1,4-3-3,1,1,13,83736,Gustav Svensson,Center Right Defender,5,0,0,-1,,,,0,0,-1,,,,2025-04-26 04:54:19
13086,725840,2556,away,1,4-3-3,1,1,3,241163,August Erlingmark,Center Left Defender,6,0,0,-1,,,,0,0,-1,,,,2025-04-26 04:54:19
13086,725840,2556,away,1,4-3-3,1,1,23,289882,Kolbeinn Thordarson,Right Midfielder,7,0,0,-1,,,,1,313971,21,313971.0,5220.0,87',2025-04-26 04:54:19
13086,725840,2556,away,1,4-3-3,1,1,8,297985,Seedy Jagne,Left Midfielder,8,0,0,-1,,,,1,390390,7,390390.0,3600.0,60',2025-04-26 04:54:19
13086,725840,2556,away,1,4-3-3,1,1,9,303768,Max Fenger,Forward,9,0,0,-1,,,,0,0,-1,,,,2025-04-26 04:54:19
13086,725840,2556,away,1,4-3-3,1,1,17,252746,Eman Markovic,Right Forward,10,0,0,-1,,,,1,343958,29,343958.0,5220.0,87',2025-04-26 04:54:19
13086,725840,2556,away,1,4-3-3,1,1,14,219163,Tobias Heintz,Left Forward,11,0,0,-1,,,,1,179771,6,179771.0,5400.0,90'+6',2025-04-26 04:54:19
13086,725840,2556,away,1,4-3-3,1,0,26,380238,Benjamin Brantlind,Substitute,0,0,0,-1,,,,0,0,-1,,,,2025-04-26 04:54:19
13086,725840,2556,away,1,4-3-3,1,0,25,359784,Elis Bishesari,Substitute,0,0,0,-1,,,,0,0,-1,,,,2025-04-26 04:54:19
13086,725840,2556,away,1,4-3-3,1,0,29,343958,Thomas Santos,Substitute,0,1,252746,17,252746.0,5220.0,87',0,0,-1,,,,2025-04-26 04:54:19
13086,725840,2556,away,1,4-3-3,1,0,16,343826,Linus Carlstrand,Substitute,0,0,0,-1,,,,0,0,-1,,,,2025-04-26 04:54:19
13086,725840,2556,away,1,4-3-3,1,0,10,336395,Hussein Carneil,Substitute,0,0,0,-1,,,,0,0,-1,,,,2025-04-26 04:54:19
13086,725840,2556,away,1,4-3-3,1,0,21,313971,Adam Carlén,Substitute,0,1,289882,23,289882.0,5220.0,87',0,0,-1,,,,2025-04-26 04:54:19
13086,725840,2556,away,1,4-3-3,1,0,7,390390,Sebastian Clemmensen,Substitute,0,1,297985,8,,,,0,0,-1,,,,2025-04-26 04:54:19
13086,725840,2556,away,1,4-3-3,1,0,5,220974,Jonas Bager,Substitute,0,0,0,-1,,,,0,0,-1,,,,2025-04-26 04:54:19
13086,725840,2556,away,1,4-3-3,1,0,6,179771,Anders Trondsen,Substitute,0,1,219163,14,219163.0,5400.0,90'+6',0,0,-1,,,,2025-04-26 04:54:19
13086,725841,21382,home,0,4-3-3,1,1,1,277177,Hugo Keto,Goalkeeper,1,0,0,-1,,,,0,0,-1,,,,2025-04-26 04:54:19
13086,725841,21382,home,0,4-3-3,1,1,2,380552,Johan Rapp,Right Back,2,0,0,-1,,,,0,0,-1,,,,2025-04-26 04:54:19
13086,725841,21382,home,0,4-3-3,1,1,3,272272,Axel Bjornstrom,Left Back,3,0,0,-1,,,,1,239346,16,239346.0,4980.0,83',2025-04-26 04:54:19
13086,725841,21382,home,0,4-3-3,1,1,8,272404,Luke Le Roux,Center Midfielder,4,0,0,-1,,,,1,303480,11,303480.0,4140.0,69',2025-04-26 04:54:19
13086,725841,21382,home,0,4-3-3,1,1,6,267616,Hugo Andersson,Center Right Defender,5,0,0,-1,,,,0,0,-1,,,,2025-04-26 04:54:19
13086,725841,21382,home,0,4-3-3,1,1,24,357202,Emin Grozdanic,Center Left Defender,6,0,0,-1,,,,0,0,-1,,,,2025-04-26 04:54:19
13086,725841,21382,home,0,4-3-3,1,1,28,344869,Frank Adjei,Right Midfielder,7,0,0,-1,,,,0,0,-1,,,,2025-04-26 04:54:19
13086,725841,21382,home,0,4-3-3,1,1,22,158993,Simon Thern,Left Midfielder,8,0,0,-1,,,,0,0,-1,,,,2025-04-26 04:54:19
13086,725841,21382,home,0,4-3-3,1,1,18,381397,Mohammad Alsalkhadi,Forward,9,0,0,-1,,,,1,334035,5,334035.0,4980.0,83',2025-04-26 04:54:19
13086,725841,21382,home,0,4-3-3,1,1,7,193351,Carl Johansson,Right Forward,10,0,0,-1,,,,1,345479,10,345479.0,4920.0,82',2025-04-26 04:54:19
13086,725841,21382,home,0,4-3-3,1,1,9,337564,Johnbosco Samuel Kalu,Left Forward,11,0,0,-1,,,,1,353250,32,353250.0,4140.0,69',2025-04-26 04:54:19
13086,725841,21382,home,0,4-3-3,1,0,11,303480,Wenderson,Substitute,0,1,272404,8,272404.0,4140.0,69',0,0,-1,,,,2025-04-26 04:54:19
13086,725841,21382,home,0,4-3-3,1,0,16,239346,Albin Lohikangas,Substitute,0,1,272272,3,272272.0,4980.0,83',0,0,-1,,,,2025-04-26 04:54:19
13086,725841,21382,home,0,4-3-3,1,0,20,334028,Freddy Roland Winsth,Substitute,0,0,0,-1,,,,0,0,-1,,,,2025-04-26 04:54:19
13086,725841,21382,home,0,4-3-3,1,0,5,334035,Victor Larsson,Substitute,0,1,381397,18,381397.0,4980.0,83',0,0,-1,,,,2025-04-26 04:54:19
13086,725841,21382,home,0,4-3-3,1,0,39,341335,Viktor Andersson,Substitute,0,0,0,-1,,,,0,0,-1,,,,2025-04-26 04:54:19
13086,725841,21382,home,0,4-3-3,1,0,10,345479,Ajdin Zeljkovic,Substitute,0,1,193351,7,193351.0,4920.0,82',0,0,-1,,,,2025-04-26 04:54:19
13086,725841,21382,home,0,4-3-3,1,0,32,353250,Kenan Bilalovic,Substitute,0,1,337564,9,337564.0,4140.0,69',0,0,-1,,,,2025-04-26 04:54:19
13086,725841,21382,home,0,4-3-3,1,0,17,365517,Fred Bozicevic,Substitute,0,0,0,-1,,,,0,0,-1,,,,2025-04-26 04:54:19
13086,725841,21382,home,0,4-3-3,1,0,4,383897,Rufai Mohammmed,Substitute,0,0,0,-1,,,,0,0,-1,,,,2025-04-26 04:54:19
13086,725841,994,away,1,3-4-3,1,1,15,133993,Kristoffer Nordfeldt,Goalkeeper,1,0,0,-1,,,,0,0,-1,,,,2025-04-30 04:53:58
13086,725841,994,away,1,3-4-3,1,1,17,229692,Mads Thychosen,Right Midfielder,2,0,0,-1,,,,0,0,-1,,,,2025-04-30 04:53:58
13086,725841,994,away,1,3-4-3,1,1,19,237759,Dino Besirovic,Left Midfielder,3,0,0,-1,,,,1,172923,22,172923.0,3660.0,61',2025-04-30 04:53:58
13086,725841,994,away,1,3-4-3,1,1,26,400799,Elvis Laan,Center Left Defender,4,0,0,-1,,,,0,0,-1,,,,2025-04-30 04:53:58
13086,725841,994,away,1,3-4-3,1,1,4,223140,Sotiris Papagiannopoulos,Center Defender,5,0,0,-1,,,,0,0,-1,,,,2025-04-30 04:53:58
13086,725841,994,away,1,3-4-3,1,1,32,222606,Filip Benkovic,Center Right Defender,6,0,0,-1,,,,0,0,-1,,,,2025-04-30 04:53:58
13086,725841,994,away,1,3-4-3,1,1,33,322466,Aron Csongvai,Center Right Midfielder,7,0,0,-1,,,,1,325409,5,325409.0,5100.0,85',2025-04-30 04:53:58
13086,725841,994,away,1,3-4-3,1,1,7,193105,Anton Saletros,Center Left Midfielder,8,0,0,-1,,,,0,0,-1,,,,2025-04-30 04:53:58
13086,725841,994,away,1,3-4-3,1,1,10,215152,Bersant Celina,Forward,9,0,0,-1,,,,1,346655,47,,,,2025-04-30 04:53:58
13086,725841,994,away,1,3-4-3,1,1,9,305500,Andronikos Kakoulis,Center Right Forward,10,0,0,-1,,,,1,146893,11,146893.0,3660.0,61',2025-04-30 04:53:58
13086,725841,994,away,1,3-4-3,1,1,43,334029,Victor Andersson,Center Left Forward,11,0,0,-1,,,,1,236162,8,236162.0,3660.0,61',2025-04-30 04:53:58
13086,725841,994,away,1,3-4-3,1,0,12,353460,Charlie Pavey,Substitute,0,0,0,-1,,,,0,0,-1,,,,2025-04-30 04:53:58
13086,725841,994,away,1,3-4-3,1,0,21,369996,Stanley Wilson,Substitute,0,0,0,-1,,,,0,0,-1,,,,2025-04-30 04:53:58
13086,725841,994,away,1,3-4-3,1,0,11,146893,John Guidetti,Substitute,0,1,305500,9,305500.0,3660.0,61',0,0,-1,,,,2025-04-30 04:53:58
13086,725841,994,away,1,3-4-3,1,0,22,172923,Jere Uronen,Substitute,0,1,237759,19,237759.0,3660.0,61',0,0,-1,,,,2025-04-30 04:53:58
13086,725841,994,away,1,3-4-3,1,0,30,218410,Kalle Joelsson,Substitute,0,0,0,-1,,,,0,0,-1,,,,2025-04-30 04:53:58
13086,725841,994,away,1,3-4-3,1,0,8,236162,Johan Hove,Substitute,0,1,334029,43,334029.0,3660.0,61',0,0,-1,,,,2025-04-30 04:53:58
13086,725841,994,away,1,3-4-3,1,0,5,325409,Kazper Karlsson,Substitute,0,1,322466,33,322466.0,5100.0,85',0,0,-1,,,,2025-04-30 04:53:58
13086,725841,994,away,1,3-4-3,1,0,20,334005,Oscar Uddenas,Substitute,0,0,0,-1,,,,0,0,-1,,,,2025-04-30 04:53:58
13086,725841,994,away,1,3-4-3,1,0,47,346655,Alexander Beraki,Substitute,0,1,215152,10,215152.0,5160.0,86',0,0,-1,,,,2025-04-30 04:53:58
13086,725842,994,home,1,4-1-2-1-2,1,1,15,133993,Kristoffer Nordfeldt,Goalkeeper,1,0,0,-1,,,,0,0,-1,,,,2025-04-29 04:57:48
13086,725842,994,home,1,4-1-2-1-2,1,1,17,229692,Mads Thychosen,Right Back,2,0,0,-1,,,,0,0,-1,,,,2025-04-29 04:57:48
13086,725842,994,home,1,4-1-2-1-2,1,1,3,258904,Thomas Poppler Isherwood,Left Back,3,0,0,-1,,,,0,0,-1,,,,2025-04-29 04:57:48
13086,725842,994,home,1,4-1-2-1-2,1,1,33,322466,Aron Csongvai,Defensive Midfielder,4,0,0,-1,,,,0,0,-1,,,,2025-04-29 04:57:48
13086,725842,994,home,1,4-1-2-1-2,1,1,32,222606,Filip Benkovic,Center Right Defender,5,0,0,-1,,,,0,0,-1,,,,2025-04-29 04:57:48
13086,725842,994,home,1,4-1-2-1-2,1,1,4,223140,Sotiris Papagiannopoulos,Center Left Defender,6,0,0,-1,,,,0,0,-1,,,,2025-04-29 04:57:48
13086,725842,994,home,1,4-1-2-1-2,1,1,8,236162,Johan Hove,Right Midfielder,7,0,0,-1,,,,1,334029,43,334029.0,4740.0,79',2025-04-29 04:57:48
13086,725842,994,home,1,4-1-2-1-2,1,1,7,193105,Anton Saletros,Attacking Midfielder,8,0,0,-1,,,,0,0,-1,,,,2025-04-29 04:57:48
13086,725842,994,home,1,4-1-2-1-2,1,1,10,215152,Bersant Celina,Center Left Forward,9,0,0,-1,,,,1,325409,5,325409.0,5400.0,90'+4',2025-04-29 04:57:48
13086,725842,994,home,1,4-1-2-1-2,1,1,11,146893,John Guidetti,Center Right Forward,10,0,0,-1,,,,1,346655,47,,,,2025-04-29 04:57:48
13086,725842,994,home,1,4-1-2-1-2,1,1,19,237759,Dino Besirovic,Left Midfielder,11,0,0,-1,,,,0,0,-1,,,,2025-04-29 04:57:48
13086,725842,994,home,1,4-1-2-1-2,1,0,43,334029,Victor Andersson,Substitute,0,1,236162,8,236162.0,4740.0,79',0,0,-1,,,,2025-04-29 04:57:48
13086,725842,994,home,1,4-1-2-1-2,1,0,16,261614,Benjamin Hansen,Substitute,0,0,0,-1,,,,0,0,-1,,,,2025-04-29 04:57:48
13086,725842,994,home,1,4-1-2-1-2,1,0,9,305500,Andronikos Kakoulis,Substitute,0,0,0,-1,,,,0,0,-1,,,,2025-04-29 04:57:48
13086,725842,994,home,1,4-1-2-1-2,1,0,30,218410,Kalle Joelsson,Substitute,0,0,0,-1,,,,0,0,-1,,,,2025-04-29 04:57:48
13086,725842,994,home,1,4-1-2-1-2,1,0,22,172923,Jere Uronen,Substitute,0,0,0,-1,,,,0,0,-1,,,,2025-04-29 04:57:48
13086,725842,994,home,1,4-1-2-1-2,1,0,5,325409,Kazper Karlsson,Substitute,0,1,215152,10,215152.0,5400.0,90'+4',0,0,-1,,,,2025-04-29 04:57:48
13086,725842,994,home,1,4-1-2-1-2,1,0,47,346655,Alexander Beraki,Substitute,0,1,146893,11,146893.0,4080.0,68',0,0,-1,,,,2025-04-29 04:57:48
13086,725842,994,home,1,4-1-2-1-2,1,0,21,369996,Stanley Wilson,Substitute,0,0,0,-1,,,,0,0,-1,,,,2025-04-29 04:57:48
13086,725842,994,home,1,4-1-2-1-2,1,0,26,400799,Elvis Laan,Substitute,0,0,0,-1,,,,0,0,-1,,,,2025-04-29 04:57:48
13086,725842,529,away,0,3-4-3,1,1,31,250169,Isak Pettersson,Goalkeeper,1,0,0,-1,,,,1,176191,30,176191.0,5040.0,84',2025-04-29 04:57:48
13086,725842,529,away,0,3-4-3,1,1,15,173040,Simon Hedlund,Right Midfielder,2,0,0,-1,,,,0,0,-1,,,,2025-04-29 04:57:48
13086,725842,529,away,0,3-4-3,1,1,23,134644,Niklas Hult,Left Midfielder,3,0,0,-1,,,,1,240486,19,240486.0,4680.0,78',2025-04-29 04:57:48
13086,725842,529,away,0,3-4-3,1,1,2,380023,Terry Yegbe,Center Left Defender,4,0,0,-1,,,,0,0,-1,,,,2025-04-29 04:57:48
13086,725842,529,away,0,3-4-3,1,1,6,286729,Rasmus Wikstrom,Center Defender,5,0,0,-1,,,,0,0,-1,,,,2025-04-29 04:57:48
13086,725842,529,away,0,3-4-3,1,1,4,202682,Daniel Granli,Center Right Defender,6,0,0,-1,,,,0,0,-1,,,,2025-04-29 04:57:48
13086,725842,529,away,0,3-4-3,1,1,27,334024,Besfort Zeneli,Center Right Midfielder,7,0,0,-1,,,,0,0,-1,,,,2025-04-29 04:57:48
13086,725842,529,away,0,3-4-3,1,1,10,245883,Simon Olsson,Center Left Midfielder,8,0,0,-1,,,,0,0,-1,,,,2025-04-29 04:57:48
13086,725842,529,away,0,3-4-3,1,1,24,304180,Frederik Ihler,Forward,9,0,0,-1,,,,1,174501,17,174501.0,4680.0,78',2025-04-29 04:57:48
13086,725842,529,away,0,3-4-3,1,1,11,303614,Taylor Silverholt,Center Right Forward,10,0,0,-1,,,,0,0,-1,,,,2025-04-29 04:57:48
13086,725842,529,away,0,3-4-3,1,1,20,362584,Gottfrid Rapp,Center Left Forward,11,0,0,-1,,,,1,342093,25,342093.0,3780.0,63',2025-04-29 04:57:48
13086,725842,529,away,0,3-4-3,1,0,19,240486,Rami Kaib,Substitute,0,1,134644,23,134644.0,4680.0,78',0,0,-1,,,,2025-04-29 04:57:48
13086,725842,529,away,0,3-4-3,1,0,17,174501,Per Frick,Substitute,0,1,304180,24,304180.0,4680.0,78',0,0,-1,,,,2025-04-29 04:57:48
13086,725842,529,away,0,3-4-3,1,0,30,176191,Lucas Hagg Johansson,Substitute,0,1,250169,31,250169.0,5040.0,84',0,0,-1,,,,2025-04-29 04:57:48
13086,725842,529,away,0,3-4-3,1,0,16,402326,Altti Hellemaa,Substitute,0,0,0,-1,,,,0,0,-1,,,,2025-04-29 04:57:48
13086,725842,529,away,0,3-4-3,1,0,28,389426,Frode Aronsson,Substitute,0,0,0,-1,,,,0,0,-1,,,,2025-04-29 04:57:48
13086,725842,529,away,0,3-4-3,1,0,26,380321,Ludvig Richtnér,Substitute,0,0,0,-1,,,,0,0,-1,,,,2025-04-29 04:57:48
13086,725842,529,away,0,3-4-3,1,0,25,342093,Ari Sigurpálsson,Substitute,0,1,362584,20,362584.0,3780.0,63',0,0,-1,,,,2025-04-29 04:57:48
13086,725842,529,away,0,3-4-3,1,0,29,341452,Ibrahim Buhari,Substitute,0,0,0,-1,,,,0,0,-1,,,,2025-04-29 04:57:48
13086,725842,529,away,0,3-4-3,1,0,13,146012,Johan Larsson,Substitute,0,0,0,-1,,,,0,0,-1,,,,2025-04-29 04:57:48
13086,725843,20301,home,1,3-4-2-1,1,1,1,301377,Noel Tornqvist,Goalkeeper,1,0,0,-1,,,,0,0,-1,,,,2025-04-29 04:57:48
13086,725843,20301,home,1,3-4-2-1,1,1,14,312876,Herman Johansson,Right Midfielder,2,0,0,-1,,,,1,330245,9,330245.0,3780.0,63',2025-04-29 04:57:48
13086,725843,20301,home,1,3-4-2-1,1,1,17,357145,Elliot Stroud,Left Midfielder,3,0,0,-1,,,,1,357118,26,357118.0,4740.0,79',2025-04-29 04:57:48
13086,725843,20301,home,1,3-4-2-1,1,1,5,356281,Abdullah Iqbal,Center Left Defender,4,0,0,-1,,,,0,0,-1,,,,2025-04-29 04:57:48
13086,725843,20301,home,1,3-4-2-1,1,1,13,259548,Jakob Kiilerich,Center Defender,5,0,0,-1,,,,0,0,-1,,,,2025-04-29 04:57:48
13086,725843,20301,home,1,3-4-2-1,1,1,4,306289,Axel Norén,Center Right Defender,6,0,0,-1,,,,0,0,-1,,,,2025-04-29 04:57:48
13086,725843,20301,home,1,3-4-2-1,1,1,7,303651,Viktor Gustafson,Center Right Midfielder,7,0,0,-1,,,,0,0,-1,,,,2025-04-29 04:57:48
13086,725843,20301,home,1,3-4-2-1,1,1,22,192793,Jesper Gustavsson,Center Left Midfielder,8,0,0,-1,,,,0,0,-1,,,,2025-04-29 04:57:48
13086,725843,20301,home,1,3-4-2-1,1,1,18,293925,Jacob Bergstrom,Forward,9,0,0,-1,,,,1,301382,16,301382.0,4740.0,79',2025-04-29 04:57:48
13086,725843,20301,home,1,3-4-2-1,1,1,15,361860,Bork Bang-Kittilsen,Center Right Forward,10,0,0,-1,,,,1,346501,27,346501.0,5100.0,85',2025-04-29 04:57:48
13086,725843,20301,home,1,3-4-2-1,1,1,19,380320,Abdoulie Manneh,Center Left Forward,11,0,0,-1,,,,1,389637,39,389637.0,3780.0,63',2025-04-29 04:57:48
13086,725843,20301,home,1,3-4-2-1,1,0,35,151931,Alexander Lundin,Substitute,0,0,0,-1,,,,0,0,-1,,,,2025-04-29 04:57:48
13086,725843,20301,home,1,3-4-2-1,1,0,39,389637,Romeo Leandersson,Substitute,0,1,380320,19,380320.0,3780.0,63',0,0,-1,,,,2025-04-29 04:57:48
13086,725843,20301,home,1,3-4-2-1,1,0,16,301382,Alexander Johansson,Substitute,0,1,293925,18,293925.0,4740.0,79',0,0,-1,,,,2025-04-29 04:57:48
13086,725843,20301,home,1,3-4-2-1,1,0,26,357118,Uba Charles,Substitute,0,1,357145,17,357145.0,4740.0,79',0,0,-1,,,,2025-04-29 04:57:48
13086,725843,20301,home,1,3-4-2-1,1,0,24,172917,Tom Pettersson,Substitute,0,0,0,-1,,,,0,0,-1,,,,2025-04-29 04:57:48
13086,725843,20301,home,1,3-4-2-1,1,0,25,346502,Argjend Miftari,Substitute,0,0,0,-1,,,,0,0,-1,,,,2025-04-29 04:57:48
13086,725843,20301,home,1,3-4-2-1,1,0,27,346501,Ludvig Tidstrand,Substitute,0,1,361860,15,361860.0,5100.0,85',0,0,-1,,,,2025-04-29 04:57:48
13086,725843,20301,home,1,3-4-2-1,1,0,9,330245,Calvin Kabuye,Substitute,0,1,312876,14,312876.0,3780.0,63',0,0,-1,,,,2025-04-29 04:57:48
13086,725843,20856,away,0,3-4-2-1,1,1,25,400140,Rasmus Forsell,Goalkeeper,1,0,0,-1,,,,0,0,-1,,,,2025-04-29 04:57:48
13086,725843,20856,away,0,3-4-2-1,1,1,12,236415,Erik Lindell,Right Midfielder,2,0,0,-1,,,,0,0,-1,,,,2025-04-29 04:57:48
13086,725843,20856,away,0,3-4-2-1,1,1,2,256567,Mamadouba Diaby,Left Midfielder,3,0,0,-1,,,,1,357137,23,,,,2025-04-29 04:57:48
13086,725843,20856,away,0,3-4-2-1,1,1,5,385769,Juhani Pikkarainen,Center Left Defender,4,0,0,-1,,,,1,205158,16,205158.0,2160.0,36',2025-04-29 04:57:48
13086,725843,20856,away,0,3-4-2-1,1,1,30,255257,Bernardo Morgado,Center Defender,5,0,0,-1,,,,0,0,-1,,,,2025-04-29 04:57:48
13086,725843,20856,away,0,3-4-2-1,1,1,4,301367,Leon Hien,Center Right Defender,6,0,0,-1,,,,0,0,-1,,,,2025-04-29 04:57:48
13086,725843,20856,away,0,3-4-2-1,1,1,11,218520,Christos Gravius,Center Right Midfielder,7,0,0,-1,,,,0,0,-1,,,,2025-04-29 04:57:48
13086,725843,20856,away,0,3-4-2-1,1,1,8,301374,Nahom Girmai,Center Left Midfielder,8,0,0,-1,,,,0,0,-1,,,,2025-04-29 04:57:48
13086,725843,20856,away,0,3-4-2-1,1,1,27,400375,Ziyad Salifu,Forward,9,0,0,-1,,,,1,398190,9,398190.0,2160.0,36',2025-04-29 04:57:48
13086,725843,20856,away,0,3-4-2-1,1,1,16,205158,Sebastian Ohlsson,Center Right Forward,10,1,385769,5,385769.0,2160.0,36',0,0,-1,,,,2025-04-29 04:57:48
13086,725843,20856,away,0,3-4-2-1,1,1,21,398192,Elias Pihlström,Center Left Forward,11,0,0,-1,,,,1,400141,20,400141.0,4620.0,77',2025-04-29 04:57:48
13086,725843,20856,away,0,3-4-2-1,1,1,21,398192,Elias Pihlström,Center Left Forward,11,0,0,-1,,,,1,400141,20,400141.0,2160.0,36',2025-04-29 04:57:48
13086,725843,20856,away,0,3-4-2-1,1,0,1,286770,Willie Jakobsson,Substitute,0,0,0,-1,,,,0,0,-1,,,,2025-04-29 04:57:48
13086,725843,20856,away,0,3-4-2-1,1,0,20,400141,Elias Barsoum,Substitute,0,1,398192,21,398192.0,2160.0,36',1,398189,18,398189.0,4620.0,77',2025-04-29 04:57:48
13086,725843,20856,away,0,3-4-2-1,1,0,18,398189,Teo Grönborg,Substitute,0,1,400141,20,400141.0,4620.0,77',0,0,-1,,,,2025-04-29 04:57:48
13086,725843,20856,away,0,3-4-2-1,1,0,18,398189,Teo Grönborg,Substitute,0,1,400141,20,400141.0,2160.0,36',0,0,-1,,,,2025-04-29 04:57:48
13086,725843,20856,away,0,3-4-2-1,1,0,10,364830,Marcus Rafferty,Substitute,0,0,0,-1,,,,0,0,-1,,,,2025-04-29 04:57:48
13086,725843,20856,away,0,3-4-2-1,1,0,23,357137,Alexander Lindskog,Substitute,0,1,256567,2,256567.0,4140.0,69',0,0,-1,,,,2025-04-29 04:57:48
13086,725843,20856,away,0,3-4-2-1,1,0,15,324395,Nasiru Moro,Substitute,0,0,0,-1,,,,0,0,-1,,,,2025-04-29 04:57:48
13086,725843,20856,away,0,3-4-2-1,1,0,9,398190,Adi Fisic,Substitute,0,1,400375,27,400375.0,2160.0,36',0,0,-1,,,,2025-04-29 04:57:48
13086,725843,20856,away,0,3-4-2-1,1,0,17,178387,Luc Kassi,Substitute,0,0,0,-1,,,,0,0,-1,,,,2025-04-29 04:57:48
13086,725844,8547,home,0,4-2-3-1,1,1,1,313973,Ismael Diarra Diawara,Goalkeeper,1,0,0,-1,,,,0,0,-1,,,,2025-04-29 04:57:48
13086,725844,8547,home,0,4-2-3-1,1,1,13,298341,Jakob Voelkerling Persson,Right Back,2,0,0,-1,,,,0,0,-1,,,,2025-04-29 04:57:48
13086,725844,8547,home,0,4-2-3-1,1,1,33,342596,Saba Mamatsashvili,Left Back,3,0,0,-1,,,,0,0,-1,,,,2025-04-29 04:57:48
13086,725844,8547,home,0,4-2-3-1,1,1,18,315677,Adam Vikman,Left Midfielder,4,0,0,-1,,,,1,359495,36,359495.0,4620.0,77',2025-04-29 04:57:48
13086,725844,8547,home,0,4-2-3-1,1,1,15,186504,Simon Sandberg,Center Right Defender,5,0,0,-1,,,,1,299250,3,299250.0,3360.0,56',2025-04-29 04:57:48
13086,725844,8547,home,0,4-2-3-1,1,1,4,366597,Tobias Anker,Center Left Defender,6,0,0,-1,,,,0,0,-1,,,,2025-04-29 04:57:48
13086,725844,8547,home,0,4-2-3-1,1,1,7,22706,Joakim Persson,Attacking Midfielder Right,7,0,0,-1,,,,0,0,-1,,,,2025-04-29 04:57:48
13086,725844,8547,home,0,4-2-3-1,1,1,14,323176,Leo Walta,Right Midfielder,8,0,0,-1,,,,0,0,-1,,,,2025-04-29 04:57:48
13086,725844,8547,home,0,4-2-3-1,1,1,9,322993,Robbie Ure,Forward,9,0,0,-1,,,,0,0,-1,,,,2025-04-29 04:57:48
13086,725844,8547,home,0,4-2-3-1,1,1,10,358564,Melker Heier,Attacking Midfielder,10,0,0,-1,,,,1,309271,19,309271.0,3360.0,56',2025-04-29 04:57:48
13086,725844,8547,home,0,4-2-3-1,1,1,29,344867,Isak Bjerkebo,Attacking Midfielder Left,11,0,0,-1,,,,1,15527,17,15527.0,3360.0,56',2025-04-29 04:57:48
13086,725844,8547,home,0,4-2-3-1,1,0,8,311741,Andreas Anderson,Substitute,0,0,0,-1,,,,0,0,-1,,,,2025-04-29 04:57:48
13086,725844,8547,home,0,4-2-3-1,1,0,21,235518,Dennis Widgren,Substitute,0,0,0,-1,,,,0,0,-1,,,,2025-04-29 04:57:48
13086,725844,8547,home,0,4-2-3-1,1,0,17,15527,Marcus Lindberg,Substitute,0,1,344867,29,344867.0,3360.0,56',0,0,-1,,,,2025-04-29 04:57:48
13086,725844,8547,home,0,4-2-3-1,1,0,3,299250,Bogdan Milovanov,Substitute,0,1,186504,15,186504.0,3360.0,56',0,0,-1,,,,2025-04-29 04:57:48
13086,725844,8547,home,0,4-2-3-1,1,0,19,309271,Noel Milleskog,Substitute,0,1,358564,10,358564.0,3360.0,56',0,0,-1,,,,2025-04-29 04:57:48
13086,725844,8547,home,0,4-2-3-1,1,0,34,325348,David Celic,Substitute,0,0,0,-1,,,,0,0,-1,,,,2025-04-29 04:57:48
13086,725844,8547,home,0,4-2-3-1,1,0,36,359495,August Ljungberg,Substitute,0,1,315677,18,,,,0,0,-1,,,,2025-04-29 04:57:48
13086,725844,8547,home,0,4-2-3-1,1,0,12,399630,Isaac Yawe Höök,Substitute,0,0,0,-1,,,,0,0,-1,,,,2025-04-29 04:57:48
13086,725844,3017,away,0,3-4-2-1,1,1,1,264481,Tim Rönning,Goalkeeper,1,0,0,-1,,,,0,0,-1,,,,2025-04-29 04:57:48
13086,725844,3017,away,0,3-4-2-1,1,1,11,357140,Villiam Granath,Right Midfielder,2,0,0,-1,,,,0,0,-1,,,,2025-04-29 04:57:48
13086,725844,3017,away,0,3-4-2-1,1,1,15,357505,Gustav Friberg,Left Midfielder,3,0,0,-1,,,,0,0,-1,,,,2025-04-29 04:57:48
13086,725844,3017,away,0,3-4-2-1,1,1,2,381647,Bleon Kurtulus,Center Left Defender,4,0,0,-1,,,,0,0,-1,,,,2025-04-29 04:57:48
13086,725844,3017,away,0,3-4-2-1,1,1,5,178687,Pascal Gregor,Center Defender,5,0,0,-1,,,,0,0,-1,,,,2025-04-29 04:57:48
13086,725844,3017,away,0,3-4-2-1,1,1,3,357142,Gabriel Wallentin,Center Right Defender,6,0,0,-1,,,,1,289329,4,289329.0,5340.0,89',2025-04-29 04:57:48
13086,725844,3017,away,0,3-4-2-1,1,1,6,147211,Joel Allansson,Center Right Midfielder,7,0,0,-1,,,,0,0,-1,,,,2025-04-29 04:57:48
13086,725844,3017,away,0,3-4-2-1,1,1,25,321176,Aleksander Nilsson,Center Left Midfielder,8,0,0,-1,,,,1,237843,13,,,,2025-04-29 04:57:48
13086,725844,3017,away,0,3-4-2-1,1,1,9,329971,Yannick Agnero,Forward,9,0,0,-1,,,,0,0,-1,,,,2025-04-29 04:57:48
13086,725844,3017,away,0,3-4-2-1,1,1,18,357130,Naeem Mohammed,Center Right Forward,10,0,0,-1,,,,1,317094,20,317094.0,4860.0,81',2025-04-29 04:57:48
13086,725844,3017,away,0,3-4-2-1,1,1,29,399508,Erik Arvidsson,Center Left Forward,11,0,0,-1,,,,1,289218,7,289218.0,3780.0,63',2025-04-29 04:57:48
13086,725844,3017,away,0,3-4-2-1,1,0,14,159454,Blair Turgott,Substitute,0,0,0,-1,,,,0,0,-1,,,,2025-04-29 04:57:48
13086,725844,3017,away,0,3-4-2-1,1,0,21,121282,Markus Olsson,Substitute,0,0,0,-1,,,,0,0,-1,,,,2025-04-29 04:57:48
13086,725844,3017,away,0,3-4-2-1,1,0,12,195094,Tim Erlandsson,Substitute,0,0,0,-1,,,,0,0,-1,,,,2025-04-29 04:57:48
13086,725844,3017,away,0,3-4-2-1,1,0,13,237843,Gisli Eyjolfsson,Substitute,0,1,321176,25,,,,0,0,-1,,,,2025-04-29 04:57:48
13086,725844,3017,away,0,3-4-2-1,1,0,4,289329,Filip Schyberg,Substitute,0,1,357142,3,357142.0,5340.0,89',0,0,-1,,,,2025-04-29 04:57:48
13086,725844,3017,away,0,3-4-2-1,1,0,20,317094,Pawel Chrupalla,Substitute,0,1,357130,18,357130.0,4860.0,81',0,0,-1,,,,2025-04-29 04:57:48
13086,725844,3017,away,0,3-4-2-1,1,0,10,356384,Albin Ahlstrand,Substitute,0,0,0,-1,,,,0,0,-1,,,,2025-04-29 04:57:48
13086,725844,3017,away,0,3-4-2-1,1,0,26,359293,Mans Andersson,Substitute,0,0,0,-1,,,,0,0,-1,,,,2025-04-29 04:57:48
13086,725844,3017,away,0,3-4-2-1,1,0,7,289218,Birnir Snær Ingason,Substitute,0,1,399508,29,399508.0,3780.0,63',0,0,-1,,,,2025-04-29 04:57:48
13086,725845,7834,home,0,4-4-2,1,1,99,125312,Etrit Berisha,Goalkeeper,1,0,0,-1,,,,0,0,-1,,,,2025-04-29 04:57:48
13086,725845,7834,home,0,4-4-2,1,1,28,394448,Filip Öhman,Right Back,2,0,0,-1,,,,1,361537,13,361537.0,4320.0,72',2025-04-29 04:57:48
13086,725845,7834,home,0,4-4-2,1,1,21,194293,Adam Lundqvist,Left Back,3,0,0,-1,,,,0,0,-1,,,,2025-04-29 04:57:48
13086,725845,7834,home,0,4-4-2,1,1,8,355408,Silas Andersen,Center Right Midfielder,4,0,0,-1,,,,0,0,-1,,,,2025-04-29 04:57:48
13086,725845,7834,home,0,4-4-2,1,1,4,271086,Marius Lode,Center Right Defender,5,0,0,-1,,,,0,0,-1,,,,2025-04-29 04:57:48
13086,725845,7834,home,0,4-4-2,1,1,25,21990,Abdoulaye Faye,Center Left Defender,6,0,0,-1,,,,1,356369,15,,,,2025-04-29 04:57:48
13086,725845,7834,home,0,4-4-2,1,1,24,271087,Amor Layouni,Right Midfielder,7,0,0,-1,,,,0,0,-1,,,,2025-04-29 04:57:48
13086,725845,7834,home,0,4-4-2,1,1,14,185916,Simon Gustafson,Center Left Midfielder,8,0,0,-1,,,,0,0,-1,,,,2025-04-29 04:57:48
13086,725845,7834,home,0,4-4-2,1,1,9,360958,Srdan Hrstic,Center Left Forward,9,0,0,-1,,,,1,366143,19,366143.0,3780.0,63',2025-04-29 04:57:48
13086,725845,7834,home,0,4-4-2,1,1,10,239184,Mikkel Rygaard Jensen,Center Right Forward,10,0,0,-1,,,,0,0,-1,,,,2025-04-29 04:57:48
13086,725845,7834,home,0,4-4-2,1,1,11,378812,Julius Lindberg,Left Midfielder,11,0,0,-1,,,,1,357139,16,357139.0,3780.0,63',2025-04-29 04:57:48
13086,725845,7834,home,0,4-4-2,1,0,17,330551,Ben Engdahl,Substitute,0,0,0,-1,,,,0,0,-1,,,,2025-04-29 04:57:48
13086,725845,7834,home,0,4-4-2,1,0,15,356369,Samuel Holm,Substitute,0,1,21990,25,21990.0,1260.0,21',0,0,-1,,,,2025-04-29 04:57:48
13086,725845,7834,home,0,4-4-2,1,0,32,121827,Oscar Jansson,Substitute,0,0,0,-1,,,,0,0,-1,,,,2025-04-29 04:57:48
13086,725845,7834,home,0,4-4-2,1,0,16,357139,Pontus Dahbo,Substitute,0,1,378812,11,378812.0,3780.0,63',0,0,-1,,,,2025-04-29 04:57:48
13086,725845,7834,home,0,4-4-2,1,0,13,361537,Sigge Jansson,Substitute,0,1,394448,28,394448.0,4320.0,72',0,0,-1,,,,2025-04-29 04:57:48
13086,725845,7834,home,0,4-4-2,1,0,39,364749,Isak Brusberg,Substitute,0,0,0,-1,,,,0,0,-1,,,,2025-04-29 04:57:48
13086,725845,7834,home,0,4-4-2,1,0,19,366143,John Paul Dembe,Substitute,0,1,360958,9,,,,0,0,-1,,,,2025-04-29 04:57:48
13086,725845,7834,home,0,4-4-2,1,0,29,366829,Severin Nioule,Substitute,0,0,0,-1,,,,0,0,-1,,,,2025-04-29 04:57:48
13086,725845,7834,home,0,4-4-2,1,0,22,380234,Nikola Zecevic,Substitute,0,0,0,-1,,,,0,0,-1,,,,2025-04-29 04:57:48
13086,725845,2495,away,0,4-2-3-1,1,1,1,170727,Warner Hahn,Goalkeeper,1,0,0,-1,,,,0,0,-1,,,,2025-04-29 04:57:48
13086,725845,2495,away,0,4-2-3-1,1,1,2,382504,Erik Skoglund,Right Back,2,0,0,-1,,,,0,0,-1,,,,2025-04-29 04:57:48
13086,725845,2495,away,0,4-2-3-1,1,1,19,251758,Shaquille Pinas,Left Back,3,0,0,-1,,,,0,0,-1,,,,2025-04-29 04:57:48
13086,725845,2495,away,0,4-2-3-1,1,1,8,22967,Markus Karlsson,Left Midfielder,4,0,0,-1,,,,0,0,-1,,,,2025-04-29 04:57:48
13086,725845,2495,away,0,4-2-3-1,1,1,4,334038,Victor Eriksson,Center Right Defender,5,0,0,-1,,,,0,0,-1,,,,2025-04-29 04:57:48
13086,725845,2495,away,0,4-2-3-1,1,1,6,249160,Pavle Vagic,Center Left Defender,6,0,0,-1,,,,1,269195,21,269195.0,5340.0,89',2025-04-29 04:57:48
13086,725845,2495,away,0,4-2-3-1,1,1,7,303670,Paulos Abraham,Attacking Midfielder Right,7,0,0,-1,,,,1,143585,20,143585.0,3780.0,63',2025-04-29 04:57:48
13086,725845,2495,away,0,4-2-3-1,1,1,5,218436,Tesfaldet Tekie,Right Midfielder,8,0,0,-1,,,,0,0,-1,,,,2025-04-29 04:57:48
13086,725845,2495,away,0,4-2-3-1,1,1,9,315675,Jusef Erabi,Forward,9,0,0,-1,,,,1,312880,26,312880.0,4320.0,72',2025-04-29 04:57:48
13086,725845,2495,away,0,4-2-3-1,1,1,23,313974,Abdelrahman Saidi,Attacking Midfielder,10,0,0,-1,,,,1,359099,29,,,,2025-04-29 04:57:48
13086,725845,2495,away,0,4-2-3-1,1,1,18,303702,Sebastian Tounekti,Attacking Midfielder Left,11,0,0,-1,,,,0,0,-1,,,,2025-04-29 04:57:48
13086,725845,2495,away,0,4-2-3-1,1,0,21,269195,Simon Strand,Substitute,0,1,249160,6,249160.0,5340.0,89',0,0,-1,,,,2025-04-29 04:57:48
13086,725845,2495,away,0,4-2-3-1,1,0,34,396022,Wilson Uhrström,Substitute,0,0,0,-1,,,,0,0,-1,,,,2025-04-29 04:57:48
13086,725845,2495,away,0,4-2-3-1,1,0,29,359099,Moïse Kaboré,Substitute,0,1,313974,23,,,,0,0,-1,,,,2025-05-23 04:55:04
13086,725845,2495,away,0,4-2-3-1,1,0,17,313464,Ibrahima Fofana,Substitute,0,0,0,-1,,,,0,0,-1,,,,2025-05-26 04:52:38
13086,725845,2495,away,0,4-2-3-1,1,0,26,312880,Montader Madjed,Substitute,0,1,315675,9,315675.0,4320.0,72',0,0,-1,,,,2025-04-29 04:57:48
13086,725845,2495,away,0,4-2-3-1,1,0,27,301372,Felix Jakobsson,Substitute,0,0,0,-1,,,,0,0,-1,,,,2025-04-29 04:57:48
13086,725845,2495,away,0,4-2-3-1,1,0,13,399509,Jonathan Karlsson,Substitute,0,0,0,-1,,,,0,0,-1,,,,2025-04-29 04:57:48
13086,725845,2495,away,0,4-2-3-1,1,0,22,210020,Jacob Ortmark,Substitute,0,0,0,-1,,,,0,0,-1,,,,2025-04-29 04:57:48
13086,725845,2495,away,0,4-2-3-1,1,0,20,143585,Nahir Besara,Substitute,0,1,303670,7,303670.0,3780.0,63',0,0,-1,,,,2025-04-29 04:57:48
13086,725846,8221,home,0,4-2-3-1,1,1,25,146116,Davor Blazevic,Goalkeeper,1,0,0,-1,,,,0,0,-1,,,,2025-05-30 04:52:04
13086,725846,8221,home,0,4-2-3-1,1,1,21,302691,Alex Timossi Andersson,Right Back,2,0,0,-1,,,,0,0,-1,,,,2025-05-30 04:52:04
13086,725846,8221,home,0,4-2-3-1,1,1,77,321070,Frederik Christensen,Left Back,3,0,0,-1,,,,0,0,-1,,,,2025-06-03 04:50:27
13086,725846,8221,home,0,4-2-3-1,1,1,24,257624,Kevin Ackermann,Left Midfielder,4,0,0,-1,,,,0,0,-1,,,,2025-06-02 04:53:23
13086,725846,8221,home,0,4-2-3-1,1,1,2,306206,Hlynur Freyr Karlsson,Center Right Defender,5,0,0,-1,,,,1,384107,14,384107.0,4980.0,83',2025-05-30 04:52:04
13086,725846,8221,home,0,4-2-3-1,1,1,3,162464,Even Hovland,Center Left Defender,6,0,0,-1,,,,0,0,-1,,,,2025-05-30 04:52:04
13086,725846,8221,home,0,4-2-3-1,1,1,19,243322,Daleho Irandust,Attacking Midfielder Right,7,0,0,-1,,,,1,134643,39,134643.0,4500.0,75',2025-05-30 04:52:04
13086,725846,8221,home,0,4-2-3-1,1,1,5,251486,Serge-Junior Martinsson Ngouali,Right Midfielder,8,0,0,-1,,,,0,0,-1,,,,2025-06-02 04:53:23
13086,725846,8221,home,0,4-2-3-1,1,1,23,399426,Ezekiel Alladoh,Forward,9,0,0,-1,,,,1,357143,17,357143.0,4140.0,69',2025-05-30 04:52:04
13086,725846,8221,home,0,4-2-3-1,1,1,16,274984,Adam Jakobsen,Attacking Midfielder,10,0,0,-1,,,,0,0,-1,,,,2025-05-30 04:52:04
13086,725846,8221,home,0,4-2-3-1,1,1,7,320883,Victor Lind,Attacking Midfielder Left,11,0,0,-1,,,,1,356378,10,356378.0,4140.0,69',2025-05-30 04:52:04
13086,725846,8221,home,0,4-2-3-1,1,0,14,384107,Kamilcan Sever,Substitute,0,1,306206,2,306206.0,4980.0,83',0,0,-1,,,,2025-05-30 04:52:04
13086,725846,8221,home,0,4-2-3-1,1,0,17,357143,Anton Kurochkin,Substitute,0,1,399426,23,399426.0,4140.0,69',0,0,-1,,,,2025-05-30 04:52:04
13086,725846,8221,home,0,4-2-3-1,1,0,33,399428,Sion Oppong,Substitute,0,0,0,-1,,,,0,0,-1,,,,2025-05-30 04:52:04
13086,725846,8221,home,0,4-2-3-1,1,0,10,356378,Wilmer Odefalk,Substitute,0,1,320883,7,320883.0,4140.0,69',0,0,-1,,,,2025-05-30 04:52:04
13086,725846,8221,home,0,4-2-3-1,1,0,40,390019,Leo Cavallius,Substitute,0,0,0,-1,,,,0,0,-1,,,,2025-05-30 04:52:04
13086,725846,8221,home,0,4-2-3-1,1,0,27,347458,Kaare Barslund,Substitute,0,0,0,-1,,,,0,0,-1,,,,2025-05-30 04:52:04
13086,725846,8221,home,0,4-2-3-1,1,0,4,208616,Eric Bjorkander,Substitute,0,0,0,-1,,,,0,0,-1,,,,2025-05-30 04:52:04
13086,725846,8221,home,0,4-2-3-1,1,0,39,134643,Nabil Bahoui,Substitute,0,1,243322,19,243322.0,4500.0,75',0,0,-1,,,,2025-05-30 04:52:04
13086,725846,8221,home,0,4-2-3-1,1,0,32,399427,Oskar Cotton,Substitute,0,0,0,-1,,,,0,0,-1,,,,2025-05-30 04:52:04
13086,725846,2339,away,1,4-2-3-1,1,1,45,219533,Filip Manojlovic,Goalkeeper,1,0,0,-1,,,,0,0,-1,,,,2025-05-30 04:52:04
13086,725846,2339,away,1,4-2-3-1,1,1,12,357136,Theo Bergvall,Right Back,2,0,0,-1,,,,0,0,-1,,,,2025-05-30 04:52:04
13086,725846,2339,away,1,4-2-3-1,1,1,27,371596,Keita Kosugi,Left Back,3,0,0,-1,,,,0,0,-1,,,,2025-05-30 04:52:04
13086,725846,2339,away,1,4-2-3-1,1,1,20,364226,Matias Siltanen,Left Midfielder,4,0,0,-1,,,,0,0,-1,,,,2025-05-30 04:52:04
13086,725846,2339,away,1,4-2-3-1,1,1,5,289721,Miro Tenho,Center Right Defender,5,0,0,-1,,,,1,172855,3,172855.0,4380.0,73',2025-05-30 04:52:04
13086,725846,2339,away,1,4-2-3-1,1,1,4,237053,Jacob Une,Center Left Defender,6,0,0,-1,,,,0,0,-1,,,,2025-06-02 04:53:23
13086,725846,2339,away,1,4-2-3-1,1,1,29,275575,Santeri Haarala,Attacking Midfielder Right,7,0,0,-1,,,,1,357204,19,357204.0,3780.0,63',2025-05-30 04:52:04
13086,725846,2339,away,1,4-2-3-1,1,1,32,350206,Isak Alemayehu,Right Midfielder,8,0,0,-1,,,,0,0,-1,,,,2025-05-30 04:52:04
13086,725846,2339,away,1,4-2-3-1,1,1,10,164556,Tokmac Nguen,Forward,9,0,0,-1,,,,1,269457,18,269457.0,4380.0,73',2025-05-30 04:52:04
13086,725846,2339,away,1,4-2-3-1,1,1,7,295863,Tobias Gulliksen,Attacking Midfielder,10,0,0,-1,,,,1,120652,8,120652.0,4800.0,80',2025-06-02 04:53:23
13086,725846,2339,away,1,4-2-3-1,1,1,9,330460,August Priske,Attacking Midfielder Left,11,0,0,-1,,,,1,372767,11,372767.0,4860.0,81',2025-05-30 04:52:04
13086,725846,2339,away,1,4-2-3-1,1,0,11,372767,Zakaria Sawo,Substitute,0,1,330460,9,330460.0,4860.0,81',0,0,-1,,,,2025-05-30 04:52:04
13086,725846,2339,away,1,4-2-3-1,1,0,25,368579,Kalipha Jawla,Substitute,0,0,0,-1,,,,0,0,-1,,,,2025-05-30 04:52:04
13086,725846,2339,away,1,4-2-3-1,1,0,19,357204,Viktor Bergh,Substitute,0,1,275575,29,275575.0,3780.0,63',0,0,-1,,,,2025-05-30 04:52:04
13086,725846,2339,away,1,4-2-3-1,1,0,8,120652,Albin Ekdal,Substitute,0,1,295863,7,295863.0,4800.0,80',0,0,-1,,,,2025-05-30 04:52:04
13086,725846,2339,away,1,4-2-3-1,1,0,18,269457,Adam Stahl,Substitute,0,1,164556,10,164556.0,4380.0,73',0,0,-1,,,,2025-05-30 04:52:04
13086,725846,2339,away,1,4-2-3-1,1,0,34,236989,Alexander Anderson,Substitute,0,0,0,-1,,,,0,0,-1,,,,2025-05-30 04:52:04
13086,725846,2339,away,1,4-2-3-1,1,0,35,203266,Jacob Rinne,Substitute,0,0,0,-1,,,,0,0,-1,,,,2025-05-30 04:52:04
13086,725846,2339,away,1,4-2-3-1,1,0,3,172855,Marcus Danielson,Substitute,0,1,289721,5,289721.0,4380.0,73',0,0,-1,,,,2025-06-02 04:53:23
13086,725846,2339,away,1,4-2-3-1,1,0,36,380775,Alieu Atlee Manneh,Substitute,0,0,0,-1,,,,0,0,-1,,,,2025-05-30 04:52:04
13086,725847,2720,home,1,4-2-3-1,1,1,1,198227,Ricardo Henrique Schuck Friedrich,Goalkeeper,1,0,0,-1,,,,0,0,-1,,,,2025-05-01 04:53:43
13086,725847,2720,home,1,4-2-3-1,1,1,17,193186,Jens Stryger Larsen,Right Back,2,0,0,-1,,,,0,0,-1,,,,2025-05-01 04:53:43
13086,725847,2720,home,1,4-2-3-1,1,1,25,301219,Busanello,Left Back,3,0,0,-1,,,,0,0,-1,,,,2025-05-13 04:52:45
13086,725847,2720,home,1,4-2-3-1,1,1,7,315679,Otto Rosengren,Left Midfielder,4,0,0,-1,,,,1,364698,37,364698.0,5040.0,84',2025-05-01 04:53:43
13086,725847,2720,home,1,4-2-3-1,1,1,19,279135,Colin Rösler,Center Right Defender,5,0,0,-1,,,,0,0,-1,,,,2025-05-01 04:53:43
13086,725847,2720,home,1,4-2-3-1,1,1,35,380679,Nils Zätterström,Center Left Defender,6,0,0,-1,,,,0,0,-1,,,,2025-05-01 04:53:43
13086,725847,2720,home,1,4-2-3-1,1,1,11,308880,Emmanuel Ekong,Attacking Midfielder Right,7,0,0,-1,,,,1,314164,22,,,,2025-05-01 04:53:43
13086,725847,2720,home,1,4-2-3-1,1,1,23,286434,Lasser Berg Johnsen,Right Midfielder,8,0,0,-1,,,,0,0,-1,,,,2025-05-01 04:53:43
13086,725847,2720,home,1,4-2-3-1,1,1,9,166657,Isaac Kiese Thelin,Forward,9,0,0,-1,,,,1,239925,20,239925.0,4080.0,68',2025-05-01 04:53:43
13086,725847,2720,home,1,4-2-3-1,1,1,16,138055,Oliver Berg,Attacking Midfielder,10,0,0,-1,,,,1,360023,32,360023.0,5340.0,89',2025-05-01 04:53:43
13086,725847,2720,home,1,4-2-3-1,1,1,38,330239,Hugo Bolin,Attacking Midfielder Left,11,0,0,-1,,,,0,0,-1,,,,2025-05-01 04:53:43
13086,725847,2720,home,1,4-2-3-1,1,0,34,368582,Zakaria Loukili,Substitute,0,0,0,-1,,,,0,0,-1,,,,2025-05-01 04:53:43
13086,725847,2720,home,1,4-2-3-1,1,0,37,364698,Adrian Skogmar,Substitute,0,1,315679,7,315679.0,5040.0,84',0,0,-1,,,,2025-05-01 04:53:43
13086,725847,2720,home,1,4-2-3-1,1,0,32,360023,Daniel Gudjohnsen,Substitute,0,1,138055,16,138055.0,5340.0,89',0,0,-1,,,,2025-05-01 04:53:43
13086,725847,2720,home,1,4-2-3-1,1,0,20,239925,Erik Botheim,Substitute,0,1,166657,9,166657.0,4080.0,68',0,0,-1,,,,2025-05-01 04:53:43
13086,725847,2720,home,1,4-2-3-1,1,0,22,314164,Taha Abdi Ali,Substitute,0,1,308880,11,308880.0,4020.0,67',0,0,-1,,,,2025-05-01 04:53:43
13086,725847,2720,home,1,4-2-3-1,1,0,33,307800,Melker Ellborg,Substitute,0,0,0,-1,,,,0,0,-1,,,,2025-05-01 04:53:43
13086,725847,2720,home,1,4-2-3-1,1,0,6,162738,Oscar Lewicki,Substitute,0,0,0,-1,,,,0,0,-1,,,,2025-05-01 04:53:43
13086,725847,2720,home,1,4-2-3-1,1,0,13,75987,Martin Olsson,Substitute,0,0,0,-1,,,,0,0,-1,,,,2025-05-01 04:53:43
13086,725847,2720,home,1,4-2-3-1,1,0,2,9101,Johan Karlsson,Substitute,0,0,0,-1,,,,0,0,-1,,,,2025-05-01 04:53:43
13086,725847,2936,away,0,4-3-3,1,1,13,400366,Robin Wallinder,Goalkeeper,1,0,0,-1,,,,0,0,-1,,,,2025-05-01 04:53:43
13086,725847,2936,away,0,4-3-3,1,1,33,354345,Tatu Varmanen,Right Back,2,0,0,-1,,,,1,349204,16,349204.0,3480.0,58',2025-05-01 04:53:43
13086,725847,2936,away,0,4-3-3,1,1,21,400371,Lars Bergquist,Left Back,3,0,0,-1,,,,1,173508,14,173508.0,4620.0,77',2025-05-01 04:53:43
13086,725847,2936,away,0,4-3-3,1,1,3,380190,Kingsley Gyamfi,Center Midfielder,4,0,0,-1,,,,0,0,-1,,,,2025-05-01 04:53:43
13086,725847,2936,away,0,4-3-3,1,1,5,354352,Mattis Adolfsson,Center Right Defender,5,0,0,-1,,,,0,0,-1,,,,2025-05-01 04:53:43
13086,725847,2936,away,0,4-3-3,1,1,15,316395,Ivan Kricak,Center Left Defender,6,0,0,-1,,,,1,307747,6,307747.0,4620.0,77',2025-05-01 04:53:43
13086,725847,2936,away,0,4-3-3,1,1,18,311161,Daniel Ljung,Right Midfielder,7,0,0,-1,,,,0,0,-1,,,,2025-05-01 04:53:43
13086,725847,2936,away,0,4-3-3,1,1,8,385181,Daniel Ask,Left Midfielder,8,0,0,-1,,,,0,0,-1,,,,2025-05-01 04:53:43
13086,725847,2936,away,0,4-3-3,1,1,20,217300,Alibek Aliev,Forward,9,0,0,-1,,,,0,0,-1,,,,2025-05-01 04:53:43
13086,725847,2936,away,0,4-3-3,1,1,19,289844,Matias Tamminen,Right Forward,10,0,0,-1,,,,1,222639,23,222639.0,3360.0,56',2025-05-01 04:53:43
13086,725847,2936,away,0,4-3-3,1,1,25,392578,Youssoupha Sanyang,Left Forward,11,0,0,-1,,,,0,0,-1,,,,2025-05-01 04:53:43
13086,725847,2936,away,0,4-3-3,1,0,22,400372,Oskar Gabrielsson,Substitute,0,0,0,-1,,,,0,0,-1,,,,2025-05-01 04:53:43
13086,725847,2936,away,0,4-3-3,1,0,26,238868,Magnus Christensen,Substitute,0,0,0,-1,,,,0,0,-1,,,,2025-05-01 04:53:43
13086,725847,2936,away,0,4-3-3,1,0,4,238435,Sebastian Starke Hedlund,Substitute,0,0,0,-1,,,,0,0,-1,,,,2025-05-01 04:53:43
13086,725847,2936,away,0,4-3-3,1,0,14,173508,Dennis Olsson,Substitute,0,1,400371,21,400371.0,4620.0,77',0,0,-1,,,,2025-05-01 04:53:43
13086,725847,2936,away,0,4-3-3,1,0,32,400368,Carl Lundahl Persson,Substitute,0,0,0,-1,,,,0,0,-1,,,,2025-05-01 04:53:43
13086,725847,2936,away,0,4-3-3,1,0,9,398188,Niklas Soderberg,Substitute,0,0,0,-1,,,,0,0,-1,,,,2025-05-01 04:53:43
13086,725847,2936,away,0,4-3-3,1,0,6,307747,Noah Soderberg,Substitute,0,1,316395,15,316395.0,4620.0,77',0,0,-1,,,,2025-05-01 04:53:43
13086,725847,2936,away,0,4-3-3,1,0,23,222639,Vladimir Rodic,Substitute,0,1,289844,19,289844.0,3360.0,56',0,0,-1,,,,2025-05-01 04:53:43
13086,725847,2936,away,0,4-3-3,1,0,16,349204,Raymond Adjei,Substitute,0,1,354345,33,354345.0,3480.0,58',0,0,-1,,,,2025-05-01 04:53:43
13086,725848,2556,home,0,4-4-1-1,1,1,1,235504,Pontus Dahlberg,Goalkeeper,1,0,0,-1,,,,0,0,-1,,,,2025-04-30 04:53:58
13086,725848,2556,home,0,4-4-1-1,1,1,18,349811,Felix Eriksson,Right Back,2,0,0,-1,,,,0,0,-1,,,,2025-04-30 04:53:58
13086,725848,2556,home,0,4-4-1-1,1,1,22,383948,Noah Tolf,Left Back,3,0,0,-1,,,,1,179771,6,179771.0,3900.0,65',2025-04-30 04:53:58
13086,725848,2556,home,0,4-4-1-1,1,1,23,289882,Kolbeinn Thordarson,Center Right Midfielder,4,0,0,-1,,,,1,313971,21,313971.0,3900.0,65',2025-04-30 04:53:58
13086,725848,2556,home,0,4-4-1-1,1,1,13,83736,Gustav Svensson,Center Right Defender,5,0,0,-1,,,,0,0,-1,,,,2025-04-30 04:53:58
13086,725848,2556,home,0,4-4-1-1,1,1,3,241163,August Erlingmark,Center Left Defender,6,0,0,-1,,,,0,0,-1,,,,2025-04-30 04:53:58
13086,725848,2556,home,0,4-4-1-1,1,1,17,252746,Eman Markovic,Right Midfielder,7,0,0,-1,,,,0,0,-1,,,,2025-04-30 04:53:58
13086,725848,2556,home,0,4-4-1-1,1,1,15,307947,David Kruse,Center Left Midfielder,8,0,0,-1,,,,0,0,-1,,,,2025-04-30 04:53:58
13086,725848,2556,home,0,4-4-1-1,1,1,9,303768,Max Fenger,Forward,9,0,0,-1,,,,0,0,-1,,,,2025-04-30 04:53:58
13086,725848,2556,home,0,4-4-1-1,1,1,8,297985,Seedy Jagne,Rear Center Forward,10,0,0,-1,,,,1,390390,7,390390.0,3900.0,65',2025-04-30 04:53:58
13086,725848,2556,home,0,4-4-1-1,1,1,14,219163,Tobias Heintz,Left Midfielder,11,0,0,-1,,,,0,0,-1,,,,2025-04-30 04:53:58
13086,725848,2556,home,0,4-4-1-1,1,0,5,220974,Jonas Bager,Substitute,0,0,0,-1,,,,0,0,-1,,,,2025-04-30 04:53:58
13086,725848,2556,home,0,4-4-1-1,1,0,7,390390,Sebastian Clemmensen,Substitute,0,1,297985,8,,,,0,0,-1,,,,2025-04-30 04:53:58
13086,725848,2556,home,0,4-4-1-1,1,0,6,179771,Anders Trondsen,Substitute,0,1,383948,22,383948.0,3900.0,65',0,0,-1,,,,2025-04-30 04:53:58
13086,725848,2556,home,0,4-4-1-1,1,0,26,380238,Benjamin Brantlind,Substitute,0,0,0,-1,,,,0,0,-1,,,,2025-04-30 04:53:58
13086,725848,2556,home,0,4-4-1-1,1,0,25,359784,Elis Bishesari,Substitute,0,0,0,-1,,,,0,0,-1,,,,2025-04-30 04:53:58
13086,725848,2556,home,0,4-4-1-1,1,0,29,343958,Thomas Santos,Substitute,0,0,0,-1,,,,0,0,-1,,,,2025-04-30 04:53:58
13086,725848,2556,home,0,4-4-1-1,1,0,16,343826,Linus Carlstrand,Substitute,0,0,0,-1,,,,0,0,-1,,,,2025-04-30 04:53:58
13086,725848,2556,home,0,4-4-1-1,1,0,10,336395,Hussein Carneil,Substitute,0,0,0,-1,,,,0,0,-1,,,,2025-04-30 04:53:58
13086,725848,2556,home,0,4-4-1-1,1,0,21,313971,Adam Carlén,Substitute,0,1,289882,23,289882.0,3900.0,65',0,0,-1,,,,2025-04-30 04:53:58
13086,725848,8222,away,0,4-3-3,1,1,1,312877,Mergim Krasniqi,Goalkeeper,1,0,0,-1,,,,0,0,-1,,,,2025-04-30 04:53:58
13086,725848,8222,away,0,4-3-3,1,1,6,378806,August Wängberg,Right Back,2,0,0,-1,,,,0,0,-1,,,,2025-04-30 04:53:58
13086,725848,8222,away,0,4-3-3,1,1,2,400217,Matteo De Brienne,Left Back,3,0,0,-1,,,,1,378826,24,378826.0,4560.0,76',2025-04-30 04:53:58
13086,725848,8222,away,0,4-3-3,1,1,32,359795,Harun Ibrahim,Center Midfielder,4,0,0,-1,,,,0,0,-1,,,,2025-04-30 04:53:58
13086,725848,8222,away,0,4-3-3,1,1,12,356377,Robin Frej,Center Right Defender,5,0,0,-1,,,,0,0,-1,,,,2025-04-30 04:53:58
13086,725848,8222,away,0,4-3-3,1,1,4,333728,Oskar Agren,Center Left Defender,6,0,0,-1,,,,0,0,-1,,,,2025-04-30 04:53:58
13086,725848,8222,away,0,4-3-3,1,1,21,315674,Axel Henriksson,Right Midfielder,7,0,0,-1,,,,0,0,-1,,,,2025-04-30 04:53:58
13086,725848,8222,away,0,4-3-3,1,1,8,312852,William Milovanovic,Left Midfielder,8,0,0,-1,,,,1,400221,16,400221.0,4920.0,82',2025-04-30 04:53:58
13086,725848,8222,away,0,4-3-3,1,1,19,308726,Ibrahim Diabate,Forward,9,0,0,-1,,,,1,235766,28,235766.0,4560.0,76',2025-04-30 04:53:58
13086,725848,8222,away,0,4-3-3,1,1,9,378816,Gustav Lundgren,Right Forward,10,0,0,-1,,,,0,0,-1,,,,2025-04-30 04:53:58
13086,725848,8222,away,0,4-3-3,1,1,10,347031,Amin Boudri,Left Forward,11,0,0,-1,,,,1,149765,25,149765.0,5400.0,90'+1',2025-04-30 04:53:58
13086,725848,8222,away,0,4-3-3,1,0,24,378826,Filip Beckman,Substitute,0,1,400217,2,400217.0,4560.0,76',0,0,-1,,,,2025-04-30 04:53:58
13086,725848,8222,away,0,4-3-3,1,0,16,400221,Rasmus Niklasson Petrovic,Substitute,0,1,312852,8,312852.0,4920.0,82',0,0,-1,,,,2025-04-30 04:53:58
13086,725848,8222,away,0,4-3-3,1,0,22,378820,Anes Cardaklija,Substitute,0,0,0,-1,,,,0,0,-1,,,,2025-04-30 04:53:58
13086,725848,8222,away,0,4-3-3,1,0,7,378811,Joackim Åberg,Substitute,0,0,0,-1,,,,0,0,-1,,,,2025-04-30 04:53:58
13086,725848,8222,away,0,4-3-3,1,0,13,360878,Kees Sims,Substitute,0,0,0,-1,,,,0,0,-1,,,,2025-04-30 04:53:58
13086,725848,8222,away,0,4-3-3,1,0,11,334033,Edvin Becirovic,Substitute,0,0,0,-1,,,,0,0,-1,,,,2025-04-30 04:53:58
13086,725848,8222,away,0,4-3-3,1,0,18,313931,Kevin Holmen,Substitute,0,0,0,-1,,,,0,0,-1,,,,2025-04-30 04:53:58
13086,725848,8222,away,0,4-3-3,1,0,28,235766,Lucas Hedlund,Substitute,0,1,308726,19,308726.0,4560.0,76',0,0,-1,,,,2025-04-30 04:53:58
13086,725848,8222,away,0,4-3-3,1,0,25,149765,Jonas Lindberg,Substitute,0,1,347031,10,347031.0,5400.0,90'+1',0,0,-1,,,,2025-04-30 04:53:58
13086,725849,21382,home,0,4-3-3,1,1,1,277177,Hugo Keto,Goalkeeper,1,0,0,-1,,,,0,0,-1,,,,2025-04-29 04:57:48
13086,725849,21382,home,0,4-3-3,1,1,2,380552,Johan Rapp,Right Back,2,0,0,-1,,,,0,0,-1,,,,2025-04-29 04:57:48
13086,725849,21382,home,0,4-3-3,1,1,3,272272,Axel Bjornstrom,Left Back,3,0,0,-1,,,,1,239346,16,239346.0,2700.0,45',2025-04-29 04:57:48
13086,725849,21382,home,0,4-3-3,1,1,3,272272,Axel Bjornstrom,Left Back,3,0,0,-1,,,,1,239346,16,239346.0,4140.0,69',2025-04-29 04:57:48
13086,725849,21382,home,0,4-3-3,1,1,11,303480,Wenderson,Center Midfielder,4,0,0,-1,,,,0,0,-1,,,,2025-04-29 04:57:48
13086,725849,21382,home,0,4-3-3,1,1,6,267616,Hugo Andersson,Center Right Defender,5,0,0,-1,,,,0,0,-1,,,,2025-04-29 04:57:48
13086,725849,21382,home,0,4-3-3,1,1,24,357202,Emin Grozdanic,Center Left Defender,6,0,0,-1,,,,1,353250,32,353250.0,2700.0,45',2025-04-29 04:57:48
13086,725849,21382,home,0,4-3-3,1,1,5,334035,Victor Larsson,Right Midfielder,7,0,0,-1,,,,0,0,-1,,,,2025-04-29 04:57:48
13086,725849,21382,home,0,4-3-3,1,1,8,272404,Luke Le Roux,Left Midfielder,8,0,0,-1,,,,0,0,-1,,,,2025-04-29 04:57:48
13086,725849,21382,home,0,4-3-3,1,1,18,381397,Mohammad Alsalkhadi,Forward,9,0,0,-1,,,,0,0,-1,,,,2025-04-29 04:57:48
13086,725849,21382,home,0,4-3-3,1,1,7,193351,Carl Johansson,Right Forward,10,0,0,-1,,,,1,337564,9,337564.0,2700.0,45',2025-04-29 04:57:48
13086,725849,21382,home,0,4-3-3,1,1,28,344869,Frank Adjei,Left Forward,11,0,0,-1,,,,1,158993,22,158993.0,3780.0,63',2025-04-29 04:57:48
13086,725849,21382,home,0,4-3-3,1,0,4,383897,Rufai Mohammmed,Substitute,0,0,0,-1,,,,0,0,-1,,,,2025-04-29 04:57:48
13086,725849,21382,home,0,4-3-3,1,0,17,365517,Fred Bozicevic,Substitute,0,0,0,-1,,,,0,0,-1,,,,2025-04-29 04:57:48
13086,725849,21382,home,0,4-3-3,1,0,32,353250,Kenan Bilalovic,Substitute,0,1,357202,24,357202.0,2700.0,45',0,0,-1,,,,2025-04-29 04:57:48
13086,725849,21382,home,0,4-3-3,1,0,10,345479,Ajdin Zeljkovic,Substitute,0,1,239346,16,239346.0,4140.0,69',0,0,-1,,,,2025-04-29 04:57:48
13086,725849,21382,home,0,4-3-3,1,0,10,345479,Ajdin Zeljkovic,Substitute,0,1,239346,16,239346.0,2700.0,45',0,0,-1,,,,2025-04-29 04:57:48
13086,725849,21382,home,0,4-3-3,1,0,39,341335,Viktor Andersson,Substitute,0,0,0,-1,,,,0,0,-1,,,,2025-04-29 04:57:48
13086,725849,21382,home,0,4-3-3,1,0,22,158993,Simon Thern,Substitute,0,1,344869,28,,,,0,0,-1,,,,2025-04-29 04:57:48
13086,725849,21382,home,0,4-3-3,1,0,9,337564,Johnbosco Samuel Kalu,Substitute,0,1,193351,7,193351.0,2700.0,45',0,0,-1,,,,2025-04-29 04:57:48
13086,725849,21382,home,0,4-3-3,1,0,16,239346,Albin Lohikangas,Substitute,0,1,272272,3,272272.0,2700.0,45',1,345479,10,345479.0,4140.0,69',2025-04-29 04:57:48
13086,725849,21382,home,0,4-3-3,1,0,20,334028,Freddy Roland Winsth,Substitute,0,0,0,-1,,,,0,0,-1,,,,2025-04-29 04:57:48
13086,725849,8544,away,1,4-3-3,1,1,40,19242,David Andersson,Goalkeeper,1,0,0,-1,,,,0,0,-1,,,,2025-04-29 04:57:48
13086,725849,8544,away,1,4-3-3,1,1,37,345975,Moutaz Neffati,Right Back,2,0,0,-1,,,,0,0,-1,,,,2025-04-29 04:57:48
13086,725849,8544,away,1,4-3-3,1,1,3,359167,Marcus Baggesen,Left Back,3,0,0,-1,,,,0,0,-1,,,,2025-04-29 04:57:48
13086,725849,8544,away,1,4-3-3,1,1,7,232279,Alexander Fransson,Center Midfielder,4,0,0,-1,,,,1,286930,11,286930.0,4500.0,75',2025-05-02 04:51:39
13086,725849,8544,away,1,4-3-3,1,1,2,357205,Kojo Peprah,Center Right Defender,5,0,0,-1,,,,0,0,-1,,,,2025-04-29 04:57:48
13086,725849,8544,away,1,4-3-3,1,1,19,238431,Max Watson,Center Left Defender,6,0,0,-1,,,,0,0,-1,,,,2025-04-29 04:57:48
13086,725849,8544,away,1,4-3-3,1,1,15,290034,Sebastian Jorgensen,Right Midfielder,7,0,0,-1,,,,1,356374,4,356374.0,5400.0,90'+1',2025-05-02 04:51:39
13086,725849,8544,away,1,4-3-3,1,1,9,230353,Arnór Traustason,Left Midfielder,8,0,0,-1,,,,1,389749,28,389749.0,5280.0,88',2025-05-02 04:51:39
13086,725849,8544,away,1,4-3-3,1,1,5,158978,Christoffer Nyman,Forward,9,0,0,-1,,,,0,0,-1,,,,2025-04-29 04:57:48
13086,725849,8544,away,1,4-3-3,1,1,22,287215,Tim Prica,Right Forward,10,0,0,-1,,,,1,188022,10,188022.0,4500.0,75',2025-04-29 04:57:48
13086,725849,8544,away,1,4-3-3,1,1,8,321404,Ísak Andri Sigurgeirsson,Left Forward,11,0,0,-1,,,,0,0,-1,,,,2025-04-29 04:57:48
13086,725849,8544,away,1,4-3-3,1,0,11,286930,Ismet Lushaku,Substitute,0,1,232279,7,232279.0,4500.0,75',0,0,-1,,,,2025-04-29 04:57:48
13086,725849,8544,away,1,4-3-3,1,0,14,306290,Yahya Kalley,Substitute,0,0,0,-1,,,,0,0,-1,,,,2025-04-29 04:57:48
13086,725849,8544,away,1,4-3-3,1,0,24,334015,Anton Eriksson,Substitute,0,0,0,-1,,,,0,0,-1,,,,2025-04-29 04:57:48
13086,725849,8544,away,1,4-3-3,1,0,4,356374,Amadeus Sögaard,Substitute,0,1,290034,15,290034.0,5400.0,90'+1',0,0,-1,,,,2025-04-29 04:57:48
13086,725849,8544,away,1,4-3-3,1,0,10,188022,David Moberg-Karlsson,Substitute,0,1,287215,22,287215.0,4500.0,75',0,0,-1,,,,2025-04-29 04:57:48
13086,725849,8544,away,1,4-3-3,1,0,30,380189,Theo Krantz,Substitute,0,0,0,-1,,,,0,0,-1,,,,2025-04-29 04:57:48
13086,725849,8544,away,1,4-3-3,1,0,28,389749,Åke Andersson,Substitute,0,1,230353,9,230353.0,5280.0,88',0,0,-1,,,,2025-04-29 04:57:48
13086,725849,8544,away,1,4-3-3,1,0,20,400367,Axel Brönner,Substitute,0,0,0,-1,,,,0,0,-1,,,,2025-04-29 04:57:48
13086,725849,8544,away,1,4-3-3,1,0,21,334003,Jesper Ceesay,Substitute,0,0,0,-1,,,,0,0,-1,,,,2025-04-29 04:57:48
13086,725850,2339,home,0,4-3-3,1,1,45,219533,Filip Manojlovic,Goalkeeper,1,0,0,-1,,,,0,0,-1,,,,2025-05-05 05:00:05
13086,725850,2339,home,0,4-3-3,1,1,12,357136,Theo Bergvall,Right Back,2,0,0,-1,,,,1,357204,19,357204.0,4620.0,77',2025-05-05 05:00:05
13086,725850,2339,home,0,4-3-3,1,1,27,371596,Keita Kosugi,Left Back,3,0,0,-1,,,,0,0,-1,,,,2025-05-05 05:00:05
13086,725850,2339,home,0,4-3-3,1,1,8,120652,Albin Ekdal,Center Midfielder,4,0,0,-1,,,,1,350206,32,350206.0,1860.0,31',2025-05-05 05:00:05
13086,725850,2339,home,0,4-3-3,1,1,5,289721,Miro Tenho,Center Right Defender,5,0,0,-1,,,,0,0,-1,,,,2025-05-05 05:00:05
13086,725850,2339,home,0,4-3-3,1,1,3,172855,Marcus Danielson,Center Left Defender,6,0,0,-1,,,,0,0,-1,,,,2025-06-02 04:53:23
13086,725850,2339,home,0,4-3-3,1,1,20,364226,Matias Siltanen,Right Midfielder,7,0,0,-1,,,,0,0,-1,,,,2025-05-05 05:00:05
13086,725850,2339,home,0,4-3-3,1,1,13,334021,Daniel Stensson,Left Midfielder,8,0,0,-1,,,,0,0,-1,,,,2025-05-05 05:00:05
13086,725850,2339,home,0,4-3-3,1,1,11,372767,Zakaria Sawo,Forward,9,0,0,-1,,,,1,164556,10,164556.0,4560.0,76',2025-05-05 05:00:05
13086,725850,2339,home,0,4-3-3,1,1,18,269457,Adam Stahl,Right Forward,10,0,0,-1,,,,1,330460,9,330460.0,2280.0,38',2025-05-05 05:00:05
13086,725850,2339,home,0,4-3-3,1,1,7,295863,Tobias Gulliksen,Left Forward,11,0,0,-1,,,,1,237053,4,237053.0,4680.0,78',2025-06-02 04:53:23
13086,725850,2339,home,0,4-3-3,1,0,29,275575,Santeri Haarala,Substitute,0,0,0,-1,,,,0,0,-1,,,,2025-05-05 05:00:05
13086,725850,2339,home,0,4-3-3,1,0,14,272148,Hampus Finndell,Substitute,0,0,0,-1,,,,0,0,-1,,,,2025-05-05 05:00:05
13086,725850,2339,home,0,4-3-3,1,0,4,237053,Jacob Une,Substitute,0,1,295863,7,295863.0,4680.0,78',0,0,-1,,,,2025-06-02 04:53:23
13086,725850,2339,home,0,4-3-3,1,0,35,203266,Jacob Rinne,Substitute,0,0,0,-1,,,,0,0,-1,,,,2025-05-05 05:00:05
13086,725850,2339,home,0,4-3-3,1,0,10,164556,Tokmac Nguen,Substitute,0,1,372767,11,372767.0,4560.0,76',0,0,-1,,,,2025-05-05 05:00:05
13086,725850,2339,home,0,4-3-3,1,0,31,403140,Ahmed Saeed,Substitute,0,0,0,-1,,,,0,0,-1,,,,2025-05-05 05:00:05
13086,725850,2339,home,0,4-3-3,1,0,9,330460,August Priske,Substitute,0,1,269457,18,269457.0,2280.0,38',0,0,-1,,,,2025-05-05 05:00:05
13086,725850,2339,home,0,4-3-3,1,0,32,350206,Isak Alemayehu,Substitute,0,1,120652,8,120652.0,1860.0,31',0,0,-1,,,,2025-05-05 05:00:05
13086,725850,2339,home,0,4-3-3,1,0,19,357204,Viktor Bergh,Substitute,0,1,357136,12,357136.0,4620.0,77',0,0,-1,,,,2025-05-05 05:00:05
13086,725850,994,away,0,3-5-2,1,1,15,133993,Kristoffer Nordfeldt,Goalkeeper,1,0,0,-1,,,,0,0,-1,,,,2025-05-05 05:00:05
13086,725850,994,away,0,3-5-2,1,1,17,229692,Mads Thychosen,Right Midfielder,2,0,0,-1,,,,0,0,-1,,,,2025-05-05 05:00:05
13086,725850,994,away,0,3-5-2,1,1,19,237759,Dino Besirovic,Left Midfielder,3,0,0,-1,,,,1,325409,5,325409.0,5400.0,90'+8',2025-05-05 05:00:05
13086,725850,994,away,0,3-5-2,1,1,3,258904,Thomas Isherwood,Center Left Defender,4,0,0,-1,,,,0,0,-1,,,,2025-06-02 04:53:23
13086,725850,994,away,0,3-5-2,1,1,4,223140,Sotiris Papagiannopoulos,Center Defender,5,0,0,-1,,,,0,0,-1,,,,2025-05-05 05:00:05
13086,725850,994,away,0,3-5-2,1,1,16,261614,Benjamin Tiedemann Hansen,Center Right Defender,6,0,0,-1,,,,1,334029,43,334029.0,4200.0,70',2025-06-02 04:53:23
13086,725850,994,away,0,3-5-2,1,1,8,236162,Johan Hove,Center Right Midfielder,7,0,0,-1,,,,1,346655,47,346655.0,5280.0,88',2025-05-05 05:00:05
13086,725850,994,away,0,3-5-2,1,1,33,322466,Áron Csongvai,Center Left Midfielder,8,0,0,-1,,,,0,0,-1,,,,2025-06-02 04:53:23
13086,725850,994,away,0,3-5-2,1,1,10,215152,Bersant Celina,Center Left Forward,9,0,0,-1,,,,0,0,-1,,,,2025-05-08 04:53:39
13086,725850,994,away,0,3-5-2,1,1,11,146893,John Guidetti,Center Right Forward,10,0,0,-1,,,,1,305500,9,305500.0,5400.0,90'+8',2025-05-08 04:53:39
13086,725850,994,away,0,3-5-2,1,1,7,193105,Anton Saletros,Attacking Midfielder,11,0,0,-1,,,,0,0,-1,,,,2025-05-05 05:00:05
13086,725850,994,away,0,3-5-2,1,0,47,346655,Alexander Fesshaie,Substitute,0,1,236162,8,236162.0,5280.0,88',0,0,-1,,,,2025-06-02 04:53:23
13086,725850,994,away,0,3-5-2,1,0,43,334029,Victor Andersson,Substitute,0,1,261614,16,,,,0,0,-1,,,,2025-05-05 05:00:05
13086,725850,994,away,0,3-5-2,1,0,20,334005,Oscar Uddenas,Substitute,0,0,0,-1,,,,0,0,-1,,,,2025-05-05 05:00:05
13086,725850,994,away,0,3-5-2,1,0,5,325409,Kazper Karlsson,Substitute,0,1,237759,19,237759.0,5400.0,90'+8',0,0,-1,,,,2025-05-05 05:00:05
13086,725850,994,away,0,3-5-2,1,0,9,305500,Andronikos Kakoulis,Substitute,0,1,146893,11,146893.0,5400.0,90'+8',0,0,-1,,,,2025-05-05 05:00:05
13086,725850,994,away,0,3-5-2,1,0,32,222606,Filip Benkovic,Substitute,0,0,0,-1,,,,0,0,-1,,,,2025-05-05 05:00:05
13086,725850,994,away,0,3-5-2,1,0,30,218410,Kalle Joelsson,Substitute,0,0,0,-1,,,,0,0,-1,,,,2025-05-05 05:00:05
13086,725850,994,away,0,3-5-2,1,0,22,172923,Jere Uronen,Substitute,0,0,0,-1,,,,0,0,-1,,,,2025-05-05 05:00:05
13086,725850,994,away,0,3-5-2,1,0,26,400799,Elvis Laan,Substitute,0,0,0,-1,,,,0,0,-1,,,,2025-05-05 05:00:05
13086,725851,529,home,1,3-4-3,1,1,1,400222,Simon Eriksson,Goalkeeper,1,0,0,-1,,,,0,0,-1,,,,2025-05-07 04:53:55
13086,725851,529,home,1,3-4-3,1,1,15,173040,Simon Hedlund,Right Midfielder,2,0,0,-1,,,,0,0,-1,,,,2025-05-07 04:53:55
13086,725851,529,home,1,3-4-3,1,1,23,134644,Niklas Hult,Left Midfielder,3,0,0,-1,,,,0,0,-1,,,,2025-05-07 04:53:55
13086,725851,529,home,1,3-4-3,1,1,2,380023,Terry Yegbe,Center Left Defender,4,0,0,-1,,,,0,0,-1,,,,2025-05-07 04:53:55
13086,725851,529,home,1,3-4-3,1,1,29,341452,Ibrahim Buhari,Center Defender,5,0,0,-1,,,,0,0,-1,,,,2025-05-07 04:53:55
13086,725851,529,home,1,3-4-3,1,1,6,286729,Rasmus Wikstrom,Center Right Defender,6,0,0,-1,,,,0,0,-1,,,,2025-05-07 04:53:55
13086,725851,529,home,1,3-4-3,1,1,27,334024,Besfort Zeneli,Center Right Midfielder,7,0,0,-1,,,,0,0,-1,,,,2025-05-07 04:53:55
13086,725851,529,home,1,3-4-3,1,1,10,245883,Simon Olsson,Center Left Midfielder,8,0,0,-1,,,,0,0,-1,,,,2025-05-07 04:53:55
13086,725851,529,home,1,3-4-3,1,1,24,304180,Frederik Ihler,Forward,9,0,0,-1,,,,1,389426,28,389426.0,4920.0,82',2025-05-07 04:53:55
13086,725851,529,home,1,3-4-3,1,1,25,342093,Ari Sigurpálsson,Center Right Forward,10,0,0,-1,,,,1,380321,26,380321.0,3480.0,58',2025-05-07 04:53:55
13086,725851,529,home,1,3-4-3,1,1,11,303614,Taylor Silverholt,Center Left Forward,11,0,0,-1,,,,1,240486,19,240486.0,3720.0,62',2025-05-07 04:53:55
13086,725851,529,home,1,3-4-3,1,0,14,403340,Kasper Berndtsson,Substitute,0,0,0,-1,,,,0,0,-1,,,,2025-05-07 04:53:55
13086,725851,529,home,1,3-4-3,1,0,22,403339,Arvid Sodeliden,Substitute,0,0,0,-1,,,,0,0,-1,,,,2025-05-07 04:53:55
13086,725851,529,home,1,3-4-3,1,0,16,402326,Altti Hellemaa,Substitute,0,0,0,-1,,,,0,0,-1,,,,2025-05-07 04:53:55
13086,725851,529,home,1,3-4-3,1,0,28,389426,Frode Aronsson,Substitute,0,1,304180,24,304180.0,4920.0,82',0,0,-1,,,,2025-05-07 04:53:55
13086,725851,529,home,1,3-4-3,1,0,19,240486,Rami Kaib,Substitute,0,1,303614,11,303614.0,3720.0,62',0,0,-1,,,,2025-05-07 04:53:55
13086,725851,529,home,1,3-4-3,1,0,13,146012,Johan Larsson,Substitute,0,0,0,-1,,,,0,0,-1,,,,2025-05-07 04:53:55
13086,725851,529,home,1,3-4-3,1,0,30,176191,Lucas Hägg Johansson,Substitute,0,0,0,-1,,,,0,0,-1,,,,2025-06-02 04:53:23
13086,725851,529,home,1,3-4-3,1,0,17,174501,Per Frick,Substitute,0,0,0,-1,,,,0,0,-1,,,,2025-05-07 04:53:55
13086,725851,529,home,1,3-4-3,1,0,26,380321,Ludvig Richtnér,Substitute,0,1,342093,25,342093.0,3480.0,58',0,0,-1,,,,2025-05-07 04:53:55
13086,725851,8222,away,0,4-3-3,1,1,1,312877,Mergim Krasniqi,Goalkeeper,1,0,0,-1,,,,0,0,-1,,,,2025-05-07 04:53:55
13086,725851,8222,away,0,4-3-3,1,1,6,378806,August Wängberg,Right Back,2,0,0,-1,,,,0,0,-1,,,,2025-05-07 04:53:55
13086,725851,8222,away,0,4-3-3,1,1,12,356377,Robin Frej,Left Back,3,0,0,-1,,,,0,0,-1,,,,2025-05-07 04:53:55
13086,725851,8222,away,0,4-3-3,1,1,32,359795,Harun Ibrahim,Center Midfielder,4,0,0,-1,,,,0,0,-1,,,,2025-05-07 04:53:55
13086,725851,8222,away,0,4-3-3,1,1,4,333728,Oskar Ågren,Center Right Defender,5,0,0,-1,,,,0,0,-1,,,,2025-06-02 04:53:23
13086,725851,8222,away,0,4-3-3,1,1,24,378826,Filip Beckman,Center Left Defender,6,0,0,-1,,,,1,378811,7,378811.0,3480.0,58',2025-05-07 04:53:55
13086,725851,8222,away,0,4-3-3,1,1,9,378816,Gustav Lundgren,Right Midfielder,7,0,0,-1,,,,0,0,-1,,,,2025-05-07 04:53:55
13086,725851,8222,away,0,4-3-3,1,1,8,312852,William Milovanovic,Left Midfielder,8,0,0,-1,,,,1,313931,18,313931.0,4380.0,73',2025-05-07 04:53:55
13086,725851,8222,away,0,4-3-3,1,1,19,308726,Ibrahim Diabate,Forward,9,0,0,-1,,,,1,235766,28,235766.0,4920.0,82',2025-05-07 04:53:55
13086,725851,8222,away,0,4-3-3,1,1,16,400221,Rasmus Niklasson Petrovic,Right Forward,10,0,0,-1,,,,1,149765,25,149765.0,4380.0,73',2025-05-07 04:53:55
13086,725851,8222,away,0,4-3-3,1,1,10,347031,Amin Boudri,Left Forward,11,0,0,-1,,,,1,241105,26,241105.0,3480.0,58',2025-05-07 04:53:55
13086,725851,8222,away,0,4-3-3,1,0,26,241105,Chovanie Amatkarijo,Substitute,0,1,347031,10,347031.0,3480.0,58',0,0,-1,,,,2025-05-07 04:53:55
13086,725851,8222,away,0,4-3-3,1,0,25,149765,Jonas Lindberg,Substitute,0,1,400221,16,400221.0,4380.0,73',0,0,-1,,,,2025-05-07 04:53:55
13086,725851,8222,away,0,4-3-3,1,0,2,400217,Matteo de Brienne,Substitute,0,0,0,-1,,,,0,0,-1,,,,2025-06-02 04:53:23
13086,725851,8222,away,0,4-3-3,1,0,18,313931,Kevin Holmén,Substitute,0,1,312852,8,312852.0,4380.0,73',0,0,-1,,,,2025-06-02 04:53:23
13086,725851,8222,away,0,4-3-3,1,0,22,378820,Anes Cardaklija,Substitute,0,0,0,-1,,,,0,0,-1,,,,2025-05-07 04:53:55
13086,725851,8222,away,0,4-3-3,1,0,11,334033,Edvin Becirovic,Substitute,0,0,0,-1,,,,0,0,-1,,,,2025-05-07 04:53:55
13086,725851,8222,away,0,4-3-3,1,0,7,378811,Joackim Åberg,Substitute,0,1,378826,24,378826.0,3480.0,58',0,0,-1,,,,2025-05-07 04:53:55
13086,725851,8222,away,0,4-3-3,1,0,28,235766,Lucas Hedlund,Substitute,0,1,308726,19,308726.0,4920.0,82',0,0,-1,,,,2025-05-07 04:53:55
13086,725851,8222,away,0,4-3-3,1,0,13,360878,Kees Sims,Substitute,0,0,0,-1,,,,0,0,-1,,,,2025-05-07 04:53:55
13086,725852,20856,home,0,3-4-3,1,1,25,400140,Rasmus Forsell,Goalkeeper,1,0,0,-1,,,,0,0,-1,,,,2025-05-05 05:00:05
13086,725852,20856,home,0,3-4-3,1,1,12,236415,Erik Lindell,Right Midfielder,2,0,0,-1,,,,1,178387,17,178387.0,5220.0,87',2025-05-05 05:00:05
13086,725852,20856,home,0,3-4-3,1,1,2,256567,Mamadouba Diaby,Left Midfielder,3,0,0,-1,,,,1,357137,23,357137.0,5220.0,87',2025-05-05 05:00:05
13086,725852,20856,home,0,3-4-3,1,1,5,385769,Juhani Pikkarainen,Center Defender,5,0,0,-1,,,,0,0,-1,,,,2025-05-05 05:00:05
13086,725852,20856,home,0,3-4-3,1,1,4,301367,Leon Hien,Center Right Defender,6,0,0,-1,,,,1,255257,30,255257.0,4260.0,71',2025-05-05 05:00:05
13086,725852,20856,home,0,3-4-3,1,1,11,218520,Christos Gravius,Center Right Midfielder,7,0,0,-1,,,,0,0,-1,,,,2025-05-05 05:00:05
13086,725852,20856,home,0,3-4-3,1,1,8,301374,Nahom Netabay,Center Left Midfielder,8,0,0,-1,,,,0,0,-1,,,,2025-06-02 04:53:23
13086,725852,20856,home,0,3-4-3,1,1,9,398190,Adi Fisic,Forward,9,0,0,-1,,,,1,400375,27,400375.0,4680.0,78',2025-05-05 05:00:05
13086,725852,20856,home,0,3-4-3,1,1,7,205158,Sebastian Ohlsson,Center Left Defender,10,0,0,-1,,,,0,0,-1,,,,2025-05-05 05:00:05
13086,725852,20856,home,0,3-4-3,1,1,10,364830,Marcus Rafferty,Center Left Forward,11,0,0,-1,,,,1,398189,18,398189.0,4620.0,77',2025-05-05 05:00:05
13086,725852,20856,home,0,3-4-3,1,0,18,398189,Teo Grönborg,Substitute,0,1,364830,10,364830.0,4620.0,77',0,0,-1,,,,2025-05-05 05:00:05
13086,725852,20856,home,0,3-4-3,1,0,15,324395,Nasiru Moro,Substitute,0,0,0,-1,,,,0,0,-1,,,,2025-05-05 05:00:05
13086,725852,20856,home,0,3-4-3,1,0,23,357137,Alexander Hedén Lindskog,Substitute,0,1,256567,2,256567.0,5220.0,87',0,0,-1,,,,2025-06-02 04:53:23
13086,725852,20856,home,0,3-4-3,1,0,1,286770,Willie Jakobsson,Substitute,0,0,0,-1,,,,0,0,-1,,,,2025-05-05 05:00:05
13086,725852,20856,home,0,3-4-3,1,0,30,255257,Bernardo Morgado,Substitute,0,1,301367,4,301367.0,4260.0,71',0,0,-1,,,,2025-05-05 05:00:05
13086,725852,20856,home,0,3-4-3,1,0,17,178387,Luc Kassi,Substitute,0,1,236415,12,236415.0,5220.0,87',0,0,-1,,,,2025-05-05 05:00:05
13086,725852,20856,home,0,3-4-3,1,0,27,400375,Ziyad Salifu,Substitute,0,1,398190,9,398190.0,4680.0,78',0,0,-1,,,,2025-05-05 05:00:05
13086,725852,20856,home,0,3-4-3,1,0,24,402327,Hjalmar Smedberg,Substitute,0,0,0,-1,,,,0,0,-1,,,,2025-05-05 05:00:05
13086,725852,8547,away,0,4-3-3,1,1,1,313973,Ismael Diawara,Goalkeeper,1,0,0,-1,,,,0,0,-1,,,,2025-06-02 04:53:23
13086,725852,8547,away,0,4-3-3,1,1,3,299250,Bogdan Milovanov,Right Back,2,0,0,-1,,,,0,0,-1,,,,2025-05-05 05:00:05
13086,725852,8547,away,0,4-3-3,1,1,33,342596,Saba Mamatsashvili,Left Back,3,0,0,-1,,,,1,235518,21,235518.0,4200.0,70',2025-05-05 05:00:05
13086,725852,8547,away,0,4-3-3,1,1,10,358564,Melker Heier,Center Midfielder,4,0,0,-1,,,,1,315677,18,315677.0,4200.0,70',2025-05-05 05:00:05
13086,725852,8547,away,0,4-3-3,1,1,13,298341,Jakob Voelkerling Persson,Center Right Defender,5,0,0,-1,,,,0,0,-1,,,,2025-05-05 05:00:05
13086,725852,8547,away,0,4-3-3,1,1,15,186504,Simon Sandberg,Center Left Defender,6,0,0,-1,,,,0,0,-1,,,,2025-05-05 05:00:05
13086,725852,8547,away,0,4-3-3,1,1,17,15527,Marcus Lindberg,Right Midfielder,7,0,0,-1,,,,0,0,-1,,,,2025-05-05 05:00:05
13086,725852,8547,away,0,4-3-3,1,1,14,323176,Leo Walta,Left Midfielder,8,0,0,-1,,,,0,0,-1,,,,2025-05-05 05:00:05
13086,725852,8547,away,0,4-3-3,1,1,9,322993,Robbie Ure,Forward,9,0,0,-1,,,,0,0,-1,,,,2025-05-05 05:00:05
13086,725852,8547,away,0,4-3-3,1,1,7,22706,Joakim Persson,Right Forward,10,0,0,-1,,,,0,0,-1,,,,2025-05-05 05:00:05
13086,725852,8547,away,0,4-3-3,1,1,19,309271,Noel Milleskog,Left Forward,11,0,0,-1,,,,1,359495,36,359495.0,3600.0,60',2025-05-05 05:00:05
13086,725852,8547,away,0,4-3-3,1,0,8,311741,Andreas Pyndt,Substitute,0,0,0,-1,,,,0,0,-1,,,,2025-06-02 04:53:23
13086,725852,8547,away,0,4-3-3,1,0,21,235518,Dennis Widgren,Substitute,0,1,342596,33,342596.0,4200.0,70',0,0,-1,,,,2025-05-05 05:00:05
13086,725852,8547,away,0,4-3-3,1,0,12,399630,Isaac Höök,Substitute,0,0,0,-1,,,,0,0,-1,,,,2025-06-02 04:53:23
13086,725852,8547,away,0,4-3-3,1,0,20,382138,Victor Ekström,Substitute,0,0,0,-1,,,,0,0,-1,,,,2025-05-05 05:00:05
13086,725852,8547,away,0,4-3-3,1,0,36,359495,August Ljungberg,Substitute,0,1,309271,19,309271.0,3600.0,60',0,0,-1,,,,2025-05-05 05:00:05
13086,725852,8547,away,0,4-3-3,1,0,29,344867,Isak Bjerkebo,Substitute,0,0,0,-1,,,,0,0,-1,,,,2025-05-05 05:00:05
13086,725852,8547,away,0,4-3-3,1,0,34,325348,David Celic,Substitute,0,0,0,-1,,,,0,0,-1,,,,2025-05-05 05:00:05
13086,725852,8547,away,0,4-3-3,1,0,18,315677,Adam Wikman,Substitute,0,1,358564,10,358564.0,4200.0,70',0,0,-1,,,,2025-06-02 04:53:23
13086,725852,8547,away,0,4-3-3,1,0,5,25076,Tobias Carlsson,Substitute,0,0,0,-1,,,,0,0,-1,,,,2025-05-05 05:00:05
13086,725853,3017,home,1,3-4-3,1,1,1,264481,Tim Rönning,Goalkeeper,1,0,0,-1,,,,0,0,-1,,,,2025-05-05 05:00:05
13086,725853,3017,home,1,3-4-3,1,1,11,357140,Villiam Granath,Right Midfielder,2,0,0,-1,,,,0,0,-1,,,,2025-05-05 05:00:05
13086,725853,3017,home,1,3-4-3,1,1,15,357505,Gustav Friberg,Left Midfielder,3,0,0,-1,,,,0,0,-1,,,,2025-05-05 05:00:05
13086,725853,3017,home,1,3-4-3,1,1,2,381647,Bleon Kurtulus,Center Left Defender,4,0,0,-1,,,,0,0,-1,,,,2025-05-05 05:00:05
13086,725853,3017,home,1,3-4-3,1,1,4,289329,Filip Schyberg,Center Defender,5,0,0,-1,,,,0,0,-1,,,,2025-05-05 05:00:05
13086,725853,3017,home,1,3-4-3,1,1,3,357142,Gabriel Wallentin,Center Right Defender,6,0,0,-1,,,,0,0,-1,,,,2025-05-05 05:00:05
13086,725853,3017,home,1,3-4-3,1,1,6,147211,Joel Allansson,Center Right Midfielder,7,0,0,-1,,,,0,0,-1,,,,2025-05-05 05:00:05
13086,725853,3017,home,1,3-4-3,1,1,25,321176,Aleksander Damnjanovic,Center Left Midfielder,8,0,0,-1,,,,1,359293,26,359293.0,5160.0,86',2025-06-02 04:53:23
13086,725853,3017,home,1,3-4-3,1,1,9,329971,Yannick Agnero,Forward,9,0,0,-1,,,,1,159454,14,159454.0,4260.0,71',2025-05-05 05:00:05
13086,725853,3017,home,1,3-4-3,1,1,18,357130,Naeem Mohammed,Center Right Forward,10,0,0,-1,,,,1,237843,13,237843.0,3000.0,50',2025-05-05 05:00:05
13086,725853,3017,home,1,3-4-3,1,1,29,399508,Erik Arvidsson,Center Left Forward,11,0,0,-1,,,,1,121282,21,121282.0,2700.0,45',2025-05-05 05:00:05
13086,725853,3017,home,1,3-4-3,1,0,26,359293,Mans Andersson,Substitute,0,1,321176,25,321176.0,5160.0,86',0,0,-1,,,,2025-05-05 05:00:05
13086,725853,3017,home,1,3-4-3,1,0,7,289218,Birnir Snær Ingason,Substitute,0,0,0,-1,,,,0,0,-1,,,,2025-05-05 05:00:05
13086,725853,3017,home,1,3-4-3,1,0,20,317094,Pawel Chrupalla,Substitute,0,0,0,-1,,,,0,0,-1,,,,2025-05-05 05:00:05
13086,725853,3017,home,1,3-4-3,1,0,13,237843,Gíisli Eyjólfsson,Substitute,0,1,357130,18,357130.0,3000.0,50',0,0,-1,,,,2025-06-02 04:53:23
13086,725853,3017,home,1,3-4-3,1,0,12,195094,Tim Erlandsson,Substitute,0,0,0,-1,,,,0,0,-1,,,,2025-05-05 05:00:05
13086,725853,3017,home,1,3-4-3,1,0,14,159454,Blair Turgott,Substitute,0,1,329971,9,329971.0,4260.0,71',0,0,-1,,,,2025-05-05 05:00:05
13086,725853,3017,home,1,3-4-3,1,0,21,121282,Marcus Olsson,Substitute,0,1,399508,29,399508.0,2700.0,45',0,0,-1,,,,2025-06-02 04:53:23
13086,725853,3017,home,1,3-4-3,1,0,10,356384,Albin Ahlstrand,Substitute,0,0,0,-1,,,,0,0,-1,,,,2025-05-05 05:00:05
13086,725853,21382,away,0,5-3-2,1,1,1,277177,Hugo Keto,Goalkeeper,1,0,0,-1,,,,0,0,-1,,,,2025-05-05 05:00:05
13086,725853,21382,away,0,5-3-2,1,1,7,193351,Carl Johansson,Right Back,2,0,0,-1,,,,0,0,-1,,,,2025-05-05 05:00:05
13086,725853,21382,away,0,5-3-2,1,1,3,272272,Axel Björnström,Left Back,3,0,0,-1,,,,1,353250,32,353250.0,3240.0,54',2025-06-02 04:53:23
13086,725853,21382,away,0,5-3-2,1,1,24,357202,Emin Grozdanic,Center Left Defender,4,0,0,-1,,,,0,0,-1,,,,2025-05-05 05:00:05
13086,725853,21382,away,0,5-3-2,1,1,6,267616,Hugo Andersson,Center Defender,5,0,0,-1,,,,0,0,-1,,,,2025-05-05 05:00:05
13086,725853,21382,away,0,5-3-2,1,1,2,380552,Johan Rapp,Center Right Defender,6,0,0,-1,,,,0,0,-1,,,,2025-05-05 05:00:05
13086,725853,21382,away,0,5-3-2,1,1,11,303480,Wenderson,Center Right Midfielder,7,0,0,-1,,,,0,0,-1,,,,2025-05-05 05:00:05
13086,725853,21382,away,0,5-3-2,1,1,8,272404,Luke Le Roux,Center Midfielder,8,0,0,-1,,,,1,344869,28,344869.0,3960.0,66',2025-05-05 05:00:05
13086,725853,21382,away,0,5-3-2,1,1,10,345479,Ajdin Zeljkovic,Center Left Forward,9,0,0,-1,,,,0,0,-1,,,,2025-05-05 05:00:05
13086,725853,21382,away,0,5-3-2,1,1,9,337564,Johnbosco Samuel Kalu,Center Right Forward,10,0,0,-1,,,,0,0,-1,,,,2025-05-05 05:00:05
13086,725853,21382,away,0,5-3-2,1,1,22,158993,Simon Thern,Center Left Midfielder,11,0,0,-1,,,,0,0,-1,,,,2025-05-05 05:00:05
13086,725853,21382,away,0,5-3-2,1,0,39,341335,Viktor Andersson,Substitute,0,0,0,-1,,,,0,0,-1,,,,2025-05-05 05:00:05
13086,725853,21382,away,0,5-3-2,1,0,28,344869,Frank Junior Adjei,Substitute,0,1,272404,8,272404.0,3960.0,66',0,0,-1,,,,2025-06-02 04:53:23
13086,725853,21382,away,0,5-3-2,1,0,5,334035,Victor Larsson,Substitute,0,0,0,-1,,,,0,0,-1,,,,2025-05-05 05:00:05
13086,725853,21382,away,0,5-3-2,1,0,32,353250,Kenan Bilalovic,Substitute,0,1,272272,3,272272.0,3240.0,54',0,0,-1,,,,2025-05-05 05:00:05
13086,725853,21382,away,0,5-3-2,1,0,20,334028,Freddy Winsth,Substitute,0,0,0,-1,,,,0,0,-1,,,,2025-06-02 04:53:23
13086,725853,21382,away,0,5-3-2,1,0,26,380685,Calle Johansson,Substitute,0,0,0,-1,,,,0,0,-1,,,,2025-05-05 05:00:05
13086,725853,21382,away,0,5-3-2,1,0,4,383897,Rufai Mohammed,Substitute,0,0,0,-1,,,,0,0,-1,,,,2025-06-02 04:53:23
13086,725853,21382,away,0,5-3-2,1,0,21,403306,Alasana Badjie,Substitute,0,0,0,-1,,,,0,0,-1,,,,2025-05-05 05:00:05
13086,725854,2720,home,0,4-3-2-1,1,1,1,198227,Ricardo Friedrich,Goalkeeper,1,0,0,-1,,,,0,0,-1,,,,2025-06-02 04:53:23
13086,725854,2720,home,0,4-3-2-1,1,1,17,193186,Jens Stryger Larsen,Right Back,2,0,0,-1,,,,0,0,-1,,,,2025-05-07 04:53:55
13086,725854,2720,home,0,4-3-2-1,1,1,25,301219,Busanello,Left Back,3,0,0,-1,,,,0,0,-1,,,,2025-05-13 04:52:45
13086,725854,2720,home,0,4-3-2-1,1,1,23,286434,Lasse Berg Johnsen,Center Midfielder,4,0,0,-1,,,,0,0,-1,,,,2025-06-02 04:53:23
13086,725854,2720,home,0,4-3-2-1,1,1,19,279135,Colin Rösler,Center Right Defender,5,0,0,-1,,,,0,0,-1,,,,2025-05-07 04:53:55
13086,725854,2720,home,0,4-3-2-1,1,1,35,380679,Nils Zätterström,Center Left Defender,6,0,0,-1,,,,1,308880,11,308880.0,3660.0,61',2025-05-07 04:53:55
13086,725854,2720,home,0,4-3-2-1,1,1,7,315679,Otto Rosengren,Center Left Midfielder,7,0,0,-1,,,,0,0,-1,,,,2025-05-07 04:53:55
13086,725854,2720,home,0,4-3-2-1,1,1,16,138055,Oliver Berg,Center Right Midfielder,8,0,0,-1,,,,1,360023,32,360023.0,3720.0,62',2025-05-07 04:53:55
13086,725854,2720,home,0,4-3-2-1,1,1,20,239925,Erik Botheim,Forward,9,0,0,-1,,,,1,166657,9,166657.0,3660.0,61',2025-05-07 04:53:55
13086,725854,2720,home,0,4-3-2-1,1,1,38,330239,Hugo Bolin,Center Right Forward,10,0,0,-1,,,,1,364698,37,364698.0,4920.0,82',2025-05-07 04:53:55
13086,725854,2720,home,0,4-3-2-1,1,1,22,314164,Taha Ali,Center Left Forward,11,0,0,-1,,,,0,0,-1,,,,2025-06-02 04:53:23
13086,725854,2720,home,0,4-3-2-1,1,0,6,162738,Oscar Lewicki,Substitute,0,0,0,-1,,,,0,0,-1,,,,2025-05-07 04:53:55
13086,725854,2720,home,0,4-3-2-1,1,0,9,166657,Isaac Kiese Thelin,Substitute,0,1,239925,20,239925.0,3660.0,61',0,0,-1,,,,2025-05-07 04:53:55
13086,725854,2720,home,0,4-3-2-1,1,0,34,368582,Zakaria Loukili,Substitute,0,0,0,-1,,,,0,0,-1,,,,2025-05-07 04:53:55
13086,725854,2720,home,0,4-3-2-1,1,0,37,364698,Adrian Skogmar,Substitute,0,1,330239,38,330239.0,4920.0,82',0,0,-1,,,,2025-05-07 04:53:55
13086,725854,2720,home,0,4-3-2-1,1,0,32,360023,Daniel Gudjohnsen,Substitute,0,1,138055,16,138055.0,3720.0,62',0,0,-1,,,,2025-05-07 04:53:55
13086,725854,2720,home,0,4-3-2-1,1,0,33,307800,Melker Ellborg,Substitute,0,0,0,-1,,,,0,0,-1,,,,2025-05-07 04:53:55
13086,725854,2720,home,0,4-3-2-1,1,0,13,75987,Martin Olsson,Substitute,0,0,0,-1,,,,0,0,-1,,,,2025-05-07 04:53:55
13086,725854,2720,home,0,4-3-2-1,1,0,2,9101,Johan Karlsson,Substitute,0,0,0,-1,,,,0,0,-1,,,,2025-05-07 04:53:55
13086,725854,2720,home,0,4-3-2-1,1,0,11,308880,Emmanuel Ekong,Substitute,0,1,380679,35,380679.0,3660.0,61',0,0,-1,,,,2025-05-07 04:53:55
13086,725854,8221,away,1,4-2-3-1,1,1,25,146116,Davor Blazevic,Goalkeeper,1,0,0,-1,,,,0,0,-1,,,,2025-05-07 04:53:55
13086,725854,8221,away,1,4-2-3-1,1,1,21,302691,Alex Timossi Andersson,Right Back,2,0,0,-1,,,,0,0,-1,,,,2025-05-07 04:53:55
13086,725854,8221,away,1,4-2-3-1,1,1,6,313932,Oliver Zandén,Left Back,3,0,0,-1,,,,0,0,-1,,,,2025-06-02 04:53:23
13086,725854,8221,away,1,4-2-3-1,1,1,27,347458,Kaare Barslund,Left Midfielder,4,0,0,-1,,,,1,399427,32,399427.0,5400.0,90'+3',2025-05-07 04:53:55
13086,725854,8221,away,1,4-2-3-1,1,1,2,306206,Hlynur Freyr Karlsson,Center Right Defender,5,0,0,-1,,,,0,0,-1,,,,2025-05-07 04:53:55
13086,725854,8221,away,1,4-2-3-1,1,1,3,162464,Even Hovland,Center Left Defender,6,0,0,-1,,,,0,0,-1,,,,2025-05-07 04:53:55
13086,725854,8221,away,1,4-2-3-1,1,1,19,243322,Daleho Irandust,Attacking Midfielder Right,7,0,0,-1,,,,1,274984,16,274984.0,4140.0,69',2025-05-07 04:53:55
13086,725854,8221,away,1,4-2-3-1,1,1,10,356378,Wilmer Odefalk,Right Midfielder,8,0,0,-1,,,,1,208616,4,208616.0,5100.0,85',2025-05-07 04:53:55
13086,725854,8221,away,1,4-2-3-1,1,1,23,399426,Ezekiel Alladoh,Forward,9,0,0,-1,,,,0,0,-1,,,,2025-05-07 04:53:55
13086,725854,8221,away,1,4-2-3-1,1,1,31,399423,Love Arrhov,Attacking Midfielder,10,0,0,-1,,,,1,402477,34,402477.0,5400.0,90'+2',2025-05-07 04:53:55
13086,725854,8221,away,1,4-2-3-1,1,1,7,320883,Victor Lind,Attacking Midfielder Left,11,0,0,-1,,,,0,0,-1,,,,2025-05-07 04:53:55
13086,725854,8221,away,1,4-2-3-1,1,0,32,399427,Oskar Cotton,Substitute,0,1,347458,27,347458.0,5400.0,90'+3',0,0,-1,,,,2025-05-07 04:53:55
13086,725854,8221,away,1,4-2-3-1,1,0,34,402477,David Isso,Substitute,0,1,399423,31,399423.0,5400.0,90'+2',0,0,-1,,,,2025-05-07 04:53:55
13086,725854,8221,away,1,4-2-3-1,1,0,33,399428,Sion Oppong,Substitute,0,0,0,-1,,,,0,0,-1,,,,2025-05-07 04:53:55
13086,725854,8221,away,1,4-2-3-1,1,0,17,357143,Anton Kurochkin,Substitute,0,0,0,-1,,,,0,0,-1,,,,2025-05-07 04:53:55
13086,725854,8221,away,1,4-2-3-1,1,0,20,354886,Martin Vetkal,Substitute,0,0,0,-1,,,,0,0,-1,,,,2025-05-07 04:53:55
13086,725854,8221,away,1,4-2-3-1,1,0,40,390019,Leo Cavallius,Substitute,0,0,0,-1,,,,0,0,-1,,,,2025-05-07 04:53:55
13086,725854,8221,away,1,4-2-3-1,1,0,77,321070,Frederik Christensen,Substitute,0,0,0,-1,,,,0,0,-1,,,,2025-06-02 04:53:23
13086,725854,8221,away,1,4-2-3-1,1,0,16,274984,Adam Jakobsen,Substitute,0,1,243322,19,243322.0,4140.0,69',0,0,-1,,,,2025-05-07 04:53:55
13086,725854,8221,away,1,4-2-3-1,1,0,4,208616,Eric Bjorkander,Substitute,0,1,356378,10,356378.0,5100.0,85',0,0,-1,,,,2025-05-07 04:53:55
13086,725855,20301,home,1,3-4-3,1,1,1,301377,Noel Törnqvist,Goalkeeper,1,0,0,-1,,,,0,0,-1,,,,2025-06-02 04:53:23
13086,725855,20301,home,1,3-4-3,1,1,14,312876,Herman Johansson,Right Midfielder,2,0,0,-1,,,,1,269109,11,269109.0,4500.0,75',2025-05-05 05:00:05
13086,725855,20301,home,1,3-4-3,1,1,17,357145,Elliot Stroud,Left Midfielder,3,0,0,-1,,,,0,0,-1,,,,2025-05-05 05:00:05
13086,725855,20301,home,1,3-4-3,1,1,5,356281,Abdullah Iqbal,Center Left Defender,4,0,0,-1,,,,0,0,-1,,,,2025-05-05 05:00:05
13086,725855,20301,home,1,3-4-3,1,1,13,259548,Jakob Kiilerich,Center Defender,5,0,0,-1,,,,0,0,-1,,,,2025-05-05 05:00:05
13086,725855,20301,home,1,3-4-3,1,1,4,306289,Axel Norén,Center Right Defender,6,0,0,-1,,,,0,0,-1,,,,2025-05-05 05:00:05
13086,725855,20301,home,1,3-4-3,1,1,22,192793,Jesper Gustavsson,Center Right Midfielder,7,0,0,-1,,,,0,0,-1,,,,2025-05-09 04:54:15
13086,725855,20301,home,1,3-4-3,1,1,10,249171,Nicklas Rojkjaer,Center Left Midfielder,8,0,0,-1,,,,1,172917,24,172917.0,5400.0,90'+5',2025-05-09 04:54:15
13086,725855,20301,home,1,3-4-3,1,1,18,293925,Jacob Bergstrom,Forward,9,0,0,-1,,,,1,301382,16,301382.0,5220.0,87',2025-05-05 05:00:05
13086,725855,20301,home,1,3-4-3,1,1,7,303651,Viktor Gustafson,Center Right Forward,10,0,0,-1,,,,1,356408,6,356408.0,4440.0,74',2025-05-05 05:00:05
13086,725855,20301,home,1,3-4-3,1,1,19,380320,Abdoulie Manneh,Center Left Forward,11,0,0,-1,,,,1,361860,15,361860.0,5160.0,86',2025-05-05 05:00:05
13086,725855,20301,home,1,3-4-3,1,0,16,301382,Alexander Johansson,Substitute,0,1,293925,18,293925.0,5220.0,87',0,0,-1,,,,2025-05-05 05:00:05
13086,725855,20301,home,1,3-4-3,1,0,6,356408,Ludwig Malachowski,Substitute,0,1,303651,7,303651.0,4440.0,74',0,0,-1,,,,2025-06-02 04:53:23
13086,725855,20301,home,1,3-4-3,1,0,25,346502,Argjend Miftari,Substitute,0,0,0,-1,,,,0,0,-1,,,,2025-05-05 05:00:05
13086,725855,20301,home,1,3-4-3,1,0,27,346501,Ludvig Tidstrand,Substitute,0,0,0,-1,,,,0,0,-1,,,,2025-05-05 05:00:05
13086,725855,20301,home,1,3-4-3,1,0,30,336376,Hugo Fagerberg,Substitute,0,0,0,-1,,,,0,0,-1,,,,2025-05-05 05:00:05
13086,725855,20301,home,1,3-4-3,1,0,39,389637,Romeo Leandersson,Substitute,0,0,0,-1,,,,0,0,-1,,,,2025-05-05 05:00:05
13086,725855,20301,home,1,3-4-3,1,0,11,269109,Timo Stavitski,Substitute,0,1,312876,14,312876.0,4500.0,75',0,0,-1,,,,2025-05-05 05:00:05
13086,725855,20301,home,1,3-4-3,1,0,24,172917,Tom Pettersson,Substitute,0,1,249171,10,249171.0,5400.0,90'+5',0,0,-1,,,,2025-05-05 05:00:05
13086,725855,20301,home,1,3-4-3,1,0,15,361860,Bork Bang-Kittilsen,Substitute,0,1,380320,19,380320.0,5160.0,86',0,0,-1,,,,2025-05-05 05:00:05
13086,725855,2556,away,0,4-3-3,1,1,1,235504,Pontus Dahlberg,Goalkeeper,1,0,0,-1,,,,1,359784,25,359784.0,3060.0,51',2025-05-05 05:00:05
13086,725855,2556,away,0,4-3-3,1,1,18,349811,Felix Eriksson,Right Back,2,0,0,-1,,,,0,0,-1,,,,2025-05-05 05:00:05
13086,725855,2556,away,0,4-3-3,1,1,22,383948,Noah Tolf,Left Back,3,0,0,-1,,,,1,297985,8,297985.0,2700.0,45',2025-05-05 05:00:05
13086,725855,2556,away,0,4-3-3,1,1,15,307947,David Kruse,Center Midfielder,4,0,0,-1,,,,0,0,-1,,,,2025-05-05 05:00:05
13086,725855,2556,away,0,4-3-3,1,1,13,83736,Gustav Svensson,Center Right Defender,5,0,0,-1,,,,0,0,-1,,,,2025-05-05 05:00:05
13086,725855,2556,away,0,4-3-3,1,1,3,241163,August Erlingmark,Center Left Defender,6,0,0,-1,,,,0,0,-1,,,,2025-05-05 05:00:05
13086,725855,2556,away,0,4-3-3,1,1,6,179771,Anders Trondsen,Right Midfielder,7,0,0,-1,,,,0,0,-1,,,,2025-05-09 04:54:15
13086,725855,2556,away,0,4-3-3,1,1,14,219163,Tobias Heintz,Left Midfielder,8,0,0,-1,,,,1,343958,29,343958.0,4560.0,76',2025-05-09 04:54:15
13086,725855,2556,away,0,4-3-3,1,1,9,303768,Max Fenger,Forward,9,0,0,-1,,,,0,0,-1,,,,2025-05-05 05:00:05
13086,725855,2556,away,0,4-3-3,1,1,17,252746,Eman Markovic,Right Forward,10,0,0,-1,,,,0,0,-1,,,,2025-05-05 05:00:05
13086,725855,2556,away,0,4-3-3,1,1,7,390390,Sebastian Clemmensen,Left Forward,11,0,0,-1,,,,1,289882,23,289882.0,2700.0,45',2025-05-05 05:00:05
13086,725855,2556,away,0,4-3-3,1,0,26,380238,Benjamin Brantlind,Substitute,0,0,0,-1,,,,0,0,-1,,,,2025-05-05 05:00:05
13086,725855,2556,away,0,4-3-3,1,0,25,359784,Elis Bishesari,Substitute,0,1,235504,1,235504.0,3060.0,51',0,0,-1,,,,2025-05-05 05:00:05
13086,725855,2556,away,0,4-3-3,1,0,29,343958,Thomas Santos,Substitute,0,1,219163,14,219163.0,4560.0,76',0,0,-1,,,,2025-05-05 05:00:05
13086,725855,2556,away,0,4-3-3,1,0,16,343826,Linus Carlstrand,Substitute,0,0,0,-1,,,,0,0,-1,,,,2025-05-05 05:00:05
13086,725855,2556,away,0,4-3-3,1,0,10,336395,Hussein Carneil,Substitute,0,0,0,-1,,,,0,0,-1,,,,2025-05-05 05:00:05
13086,725855,2556,away,0,4-3-3,1,0,21,313971,Adam Carlén,Substitute,0,0,0,-1,,,,0,0,-1,,,,2025-05-05 05:00:05
13086,725855,2556,away,0,4-3-3,1,0,8,297985,Imam Jagne,Substitute,0,1,383948,22,383948.0,2700.0,45',0,0,-1,,,,2025-06-02 04:53:23
13086,725855,2556,away,0,4-3-3,1,0,23,289882,Kolbeinn Thordarson,Substitute,0,1,390390,7,390390.0,2700.0,45',0,0,-1,,,,2025-05-05 05:00:05
13086,725855,2556,away,0,4-3-3,1,0,5,220974,Jonas Bager,Substitute,0,0,0,-1,,,,0,0,-1,,,,2025-05-05 05:00:05
13086,725856,8544,home,0,3-4-1-2,1,1,40,19242,David Andersson,Goalkeeper,1,0,0,-1,,,,0,0,-1,,,,2025-05-05 05:00:05
13086,725856,8544,home,0,3-4-1-2,1,1,37,345975,Moutaz Neffati,Right Midfielder,2,0,0,-1,,,,0,0,-1,,,,2025-05-05 05:00:05
13086,725856,8544,home,0,3-4-1-2,1,1,8,321404,Ísak Andri Sigurgeirsson,Left Midfielder,3,0,0,-1,,,,0,0,-1,,,,2025-05-05 05:00:05
13086,725856,8544,home,0,3-4-1-2,1,1,21,334003,Jesper Ceesay,Center Left Defender,4,0,0,-1,,,,1,400367,20,400367.0,4980.0,83',2025-05-05 05:00:05
13086,725856,8544,home,0,3-4-1-2,1,1,2,357205,Kojo Peprah Oppong,Center Defender,5,0,0,-1,,,,0,0,-1,,,,2025-06-02 04:53:23
13086,725856,8544,home,0,3-4-1-2,1,1,19,238431,Max Watson,Center Right Defender,6,0,0,-1,,,,0,0,-1,,,,2025-05-05 05:00:05
13086,725856,8544,home,0,3-4-1-2,1,1,7,232279,Alexander Fransson,Center Right Midfielder,7,0,0,-1,,,,1,306290,14,306290.0,4020.0,67',2025-05-05 05:00:05
13086,725856,8544,home,0,3-4-1-2,1,1,9,230353,Arnór Traustason,Center Left Midfielder,8,0,0,-1,,,,1,286930,11,286930.0,1860.0,31',2025-05-05 05:00:05
13086,725856,8544,home,0,3-4-1-2,1,1,15,290034,Sebastian Jorgensen,Attacking Midfielder,9,0,0,-1,,,,0,0,-1,,,,2025-05-05 05:00:05
13086,725856,8544,home,0,3-4-1-2,1,1,10,188022,David Moberg-Karlsson,Center Right Forward,10,0,0,-1,,,,1,287215,22,287215.0,5040.0,84',2025-05-05 05:00:05
13086,725856,8544,home,0,3-4-1-2,1,1,5,158978,Christoffer Nyman,Center Left Forward,11,0,0,-1,,,,0,0,-1,,,,2025-05-05 05:00:05
13086,725856,8544,home,0,3-4-1-2,1,0,20,400367,Axel Brönner,Substitute,0,1,334003,21,334003.0,4980.0,83',0,0,-1,,,,2025-05-05 05:00:05
13086,725856,8544,home,0,3-4-1-2,1,0,11,286930,Ismet Lushaku,Substitute,0,1,230353,9,230353.0,1860.0,31',0,0,-1,,,,2025-05-05 05:00:05
13086,725856,8544,home,0,3-4-1-2,1,0,22,287215,Tim Prica,Substitute,0,1,188022,10,188022.0,5040.0,84',0,0,-1,,,,2025-05-05 05:00:05
13086,725856,8544,home,0,3-4-1-2,1,0,14,306290,Yahya Kalley,Substitute,0,1,232279,7,232279.0,4020.0,67',0,0,-1,,,,2025-05-05 05:00:05
13086,725856,8544,home,0,3-4-1-2,1,0,24,334015,Anton Eriksson,Substitute,0,0,0,-1,,,,0,0,-1,,,,2025-05-05 05:00:05
13086,725856,8544,home,0,3-4-1-2,1,0,4,356374,Amadeus Sögaard,Substitute,0,0,0,-1,,,,0,0,-1,,,,2025-05-05 05:00:05
13086,725856,8544,home,0,3-4-1-2,1,0,3,359167,Marcus Baggesen,Substitute,0,0,0,-1,,,,0,0,-1,,,,2025-05-05 05:00:05
13086,725856,8544,home,0,3-4-1-2,1,0,30,380189,Theo Krantz,Substitute,0,0,0,-1,,,,0,0,-1,,,,2025-05-05 05:00:05
13086,725856,8544,home,0,3-4-1-2,1,0,28,389749,Åke Andersson,Substitute,0,0,0,-1,,,,0,0,-1,,,,2025-05-05 05:00:05
13086,725856,7834,away,1,4-2-3-1,1,1,99,125312,Etrit Berisha,Goalkeeper,1,0,0,-1,,,,0,0,-1,,,,2025-05-05 05:00:05
13086,725856,7834,away,1,4-2-3-1,1,1,28,394448,Filip Öhman,Right Back,2,0,0,-1,,,,0,0,-1,,,,2025-05-05 05:00:05
13086,725856,7834,away,1,4-2-3-1,1,1,21,194293,Adam Lundkvist,Left Back,3,0,0,-1,,,,0,0,-1,,,,2025-06-02 04:53:23
13086,725856,7834,away,1,4-2-3-1,1,1,14,185916,Simon Gustafson,Left Midfielder,4,0,0,-1,,,,0,0,-1,,,,2025-05-05 05:00:05
13086,725856,7834,away,1,4-2-3-1,1,1,8,355408,Silas Andersen,Center Right Defender,5,0,0,-1,,,,0,0,-1,,,,2025-05-05 05:00:05
13086,725856,7834,away,1,4-2-3-1,1,1,4,271086,Marius Lode,Center Left Defender,6,0,0,-1,,,,0,0,-1,,,,2025-05-05 05:00:05
13086,725856,7834,away,1,4-2-3-1,1,1,24,271087,Amor Layouni,Attacking Midfielder Right,7,0,0,-1,,,,0,0,-1,,,,2025-05-05 05:00:05
13086,725856,7834,away,1,4-2-3-1,1,1,15,356369,Samuel Leach Holm,Right Midfielder,8,0,0,-1,,,,0,0,-1,,,,2025-06-02 04:53:23
13086,725856,7834,away,1,4-2-3-1,1,1,9,360958,Srdjan Hrstic,Forward,9,0,0,-1,,,,1,366143,19,366143.0,3600.0,60',2025-06-02 04:53:23
13086,725856,7834,away,1,4-2-3-1,1,1,10,239184,Mikkel Rygaard,Attacking Midfielder,10,0,0,-1,,,,1,357139,16,357139.0,4500.0,75',2025-06-02 04:53:23
13086,725856,7834,away,1,4-2-3-1,1,1,11,378812,Julius Lindberg,Attacking Midfielder Left,11,0,0,-1,,,,0,0,-1,,,,2025-05-05 05:00:05
13086,725856,7834,away,1,4-2-3-1,1,0,7,4703,Jacob Barrett Laursen,Substitute,0,0,0,-1,,,,0,0,-1,,,,2025-06-02 04:53:23
13086,725856,7834,away,1,4-2-3-1,1,0,22,380234,Nikola Zecevic,Substitute,0,0,0,-1,,,,0,0,-1,,,,2025-05-05 05:00:05
13086,725856,7834,away,1,4-2-3-1,1,0,29,366829,Severin Nioule,Substitute,0,0,0,-1,,,,0,0,-1,,,,2025-05-05 05:00:05
13086,725856,7834,away,1,4-2-3-1,1,0,19,366143,John Paul Dembe,Substitute,0,1,360958,9,360958.0,3600.0,60',0,0,-1,,,,2025-05-05 05:00:05
13086,725856,7834,away,1,4-2-3-1,1,0,39,364749,Isak Brusberg,Substitute,0,0,0,-1,,,,0,0,-1,,,,2025-05-05 05:00:05
13086,725856,7834,away,1,4-2-3-1,1,0,13,361537,Sigge Jansson,Substitute,0,0,0,-1,,,,0,0,-1,,,,2025-05-05 05:00:05
13086,725856,7834,away,1,4-2-3-1,1,0,32,121827,Oscar Jansson,Substitute,0,0,0,-1,,,,0,0,-1,,,,2025-05-05 05:00:05
13086,725856,7834,away,1,4-2-3-1,1,0,16,357139,Pontus Dahbo,Substitute,0,1,239184,10,239184.0,4500.0,75',0,0,-1,,,,2025-05-05 05:00:05
13086,725856,7834,away,1,4-2-3-1,1,0,17,330551,Ben Engdahl,Substitute,0,0,0,-1,,,,0,0,-1,,,,2025-05-05 05:00:05
13086,725857,2936,home,0,4-2-3-1,1,1,13,400366,Robin Wallinder,Goalkeeper,1,0,0,-1,,,,0,0,-1,,,,2025-05-05 05:00:05
13086,725857,2936,home,0,4-2-3-1,1,1,33,354345,Tatu Varmanen,Right Back,2,0,0,-1,,,,1,313330,2,313330.0,4620.0,77',2025-05-05 05:00:05
13086,725857,2936,home,0,4-2-3-1,1,1,21,400371,Lars Bergquist,Left Back,3,0,0,-1,,,,0,0,-1,,,,2025-05-05 05:00:05
13086,725857,2936,home,0,4-2-3-1,1,1,7,302001,David Seger,Left Midfielder,4,0,0,-1,,,,0,0,-1,,,,2025-05-05 05:00:05
13086,725857,2936,home,0,4-2-3-1,1,1,5,354352,Mattis Adolfsson,Center Right Defender,5,0,0,-1,,,,0,0,-1,,,,2025-05-05 05:00:05
13086,725857,2936,home,0,4-2-3-1,1,1,3,380190,Kingsley Gyamfi,Center Left Defender,6,0,0,-1,,,,0,0,-1,,,,2025-05-05 05:00:05
13086,725857,2936,home,0,4-2-3-1,1,1,10,312878,Albin Morfelt,Attacking Midfielder Right,7,0,0,-1,,,,0,0,-1,,,,2025-05-05 05:00:05
13086,725857,2936,home,0,4-2-3-1,1,1,8,385181,Daniel Ask,Right Midfielder,8,0,0,-1,,,,1,238868,26,238868.0,2700.0,45',2025-05-05 05:00:05
13086,725857,2936,home,0,4-2-3-1,1,1,20,217300,Alibek Aliev,Forward,9,0,0,-1,,,,1,162497,29,,,,2025-05-05 05:00:05
13086,725857,2936,home,0,4-2-3-1,1,1,25,392578,Youssoupha Sanyang,Attacking Midfielder,10,0,0,-1,,,,1,173508,14,173508.0,3840.0,64',2025-05-05 05:00:05
13086,725857,2936,home,0,4-2-3-1,1,1,18,311161,Daniel Ljung,Attacking Midfielder Left,11,0,0,-1,,,,1,307747,6,307747.0,2400.0,40',2025-05-05 05:00:05
13086,725857,2936,home,0,4-2-3-1,1,0,6,307747,Noah Soderberg,Substitute,0,1,311161,18,311161.0,2400.0,40',0,0,-1,,,,2025-05-05 05:00:05
13086,725857,2936,home,0,4-2-3-1,1,0,32,400368,Carl Lundahl Persson,Substitute,0,0,0,-1,,,,0,0,-1,,,,2025-05-05 05:00:05
13086,725857,2936,home,0,4-2-3-1,1,0,19,289844,Matias Tamminen,Substitute,0,0,0,-1,,,,0,0,-1,,,,2025-05-05 05:00:05
13086,725857,2936,home,0,4-2-3-1,1,0,26,238868,Magnus Christensen,Substitute,0,1,385181,8,385181.0,2700.0,45',0,0,-1,,,,2025-05-05 05:00:05
13086,725857,2936,home,0,4-2-3-1,1,0,4,238435,Sebastian Starke Hedlund,Substitute,0,0,0,-1,,,,0,0,-1,,,,2025-05-05 05:00:05
13086,725857,2936,home,0,4-2-3-1,1,0,23,222639,Vladimir Rodic,Substitute,0,0,0,-1,,,,0,0,-1,,,,2025-05-05 05:00:05
13086,725857,2936,home,0,4-2-3-1,1,0,2,313330,Axel Lindahl,Substitute,0,1,354345,33,354345.0,4620.0,77',0,0,-1,,,,2025-05-05 05:00:05
13086,725857,2936,home,0,4-2-3-1,1,0,14,173508,Dennis Olsson,Substitute,0,1,392578,25,392578.0,3840.0,64',0,0,-1,,,,2025-05-05 05:00:05
13086,725857,2936,home,0,4-2-3-1,1,0,29,162497,Christian Kouakou,Substitute,0,1,217300,20,217300.0,3840.0,64',0,0,-1,,,,2025-05-27 04:52:03
13086,725857,2495,away,1,4-3-3,1,1,1,170727,Warner Hahn,Goalkeeper,1,0,0,-1,,,,0,0,-1,,,,2025-05-05 05:00:05
13086,725857,2495,away,1,4-3-3,1,1,2,382504,Hampus Skoglund,Right Back,2,0,0,-1,,,,0,0,-1,,,,2025-06-02 04:53:23
13086,725857,2495,away,1,4-3-3,1,1,19,251758,Shaquille Pinas,Left Back,3,0,0,-1,,,,1,269195,21,269195.0,5220.0,87',2025-05-05 05:00:05
13086,725857,2495,away,1,4-3-3,1,1,20,143585,Nahir Besara,Center Midfielder,4,0,0,-1,,,,0,0,-1,,,,2025-05-05 05:00:05
13086,725857,2495,away,1,4-3-3,1,1,4,334038,Victor Eriksson,Center Right Defender,5,0,0,-1,,,,0,0,-1,,,,2025-05-05 05:00:05
13086,725857,2495,away,1,4-3-3,1,1,6,249160,Pavle Vagic,Center Left Defender,6,0,0,-1,,,,0,0,-1,,,,2025-05-05 05:00:05
13086,725857,2495,away,1,4-3-3,1,1,8,22967,Markus Karlsson,Right Midfielder,7,0,0,-1,,,,0,0,-1,,,,2025-05-05 05:00:05
13086,725857,2495,away,1,4-3-3,1,1,5,218436,Tesfaldet Tekie,Left Midfielder,8,0,0,-1,,,,1,396022,34,396022.0,5220.0,87',2025-05-05 05:00:05
13086,725857,2495,away,1,4-3-3,1,1,9,315675,Jusef Erabi,Forward,9,0,0,-1,,,,1,313974,23,313974.0,720.0,12',2025-05-05 05:00:05
13086,725857,2495,away,1,4-3-3,1,1,7,303670,Paulos Abraham,Right Forward,10,0,0,-1,,,,1,399509,13,399509.0,5220.0,87',2025-05-05 05:00:05
13086,725857,2495,away,1,4-3-3,1,1,18,303702,Sebastian Tounekti,Left Forward,11,0,0,-1,,,,1,312880,26,312880.0,4320.0,72',2025-05-05 05:00:05
13086,725857,2495,away,1,4-3-3,1,0,34,396022,Wilson Lindberg Uhrström,Substitute,0,1,218436,5,218436.0,5220.0,87',0,0,-1,,,,2025-06-02 04:53:23
13086,725857,2495,away,1,4-3-3,1,0,13,399509,Jonathan Karlsson,Substitute,0,1,303670,7,303670.0,5220.0,87',0,0,-1,,,,2025-05-05 05:00:05
13086,725857,2495,away,1,4-3-3,1,0,22,210020,Jacob Ouro Ortmark,Substitute,0,0,0,-1,,,,0,0,-1,,,,2025-06-02 04:53:23
13086,725857,2495,away,1,4-3-3,1,0,27,301372,Felix Jakobsson,Substitute,0,0,0,-1,,,,0,0,-1,,,,2025-05-05 05:00:05
13086,725857,2495,away,1,4-3-3,1,0,26,312880,Montader Madjed,Substitute,0,1,303702,18,303702.0,4320.0,72',0,0,-1,,,,2025-05-05 05:00:05
13086,725857,2495,away,1,4-3-3,1,0,17,313464,Ibrahima Fofana,Substitute,0,0,0,-1,,,,0,0,-1,,,,2025-05-26 04:52:38
13086,725857,2495,away,1,4-3-3,1,0,23,313974,Abdelrahman Boudah Saidi,Substitute,0,1,315675,9,315675.0,720.0,12',0,0,-1,,,,2025-06-02 04:53:23
13086,725857,2495,away,1,4-3-3,1,0,29,359099,Elohim Kaboré,Substitute,0,0,0,-1,,,,0,0,-1,,,,2025-06-02 04:53:23
13086,725857,2495,away,1,4-3-3,1,0,21,269195,Simon Strand,Substitute,0,1,251758,19,251758.0,5220.0,87',0,0,-1,,,,2025-05-05 05:00:05
13086,725858,20856,home,0,3-4-3,1,1,25,400140,Rasmus Forsell,Goalkeeper,1,0,0,-1,,,,0,0,-1,,,,2025-05-11 15:57:57
13086,725858,20856,home,0,3-4-3,1,1,12,236415,Erik Lindell,Right Midfielder,2,0,0,-1,,,,0,0,-1,,,,2025-05-11 15:57:57
13086,725858,20856,home,0,3-4-3,1,1,2,256567,Mamadouba Diaby,Left Midfielder,3,0,0,-1,,,,1,357137,23,357137.0,4860.0,81',2025-05-12 04:49:54
13086,725858,20856,home,0,3-4-3,1,1,5,385769,Juhani Pikkarainen,Center Defender,5,0,0,-1,,,,0,0,-1,,,,2025-05-11 15:57:57
13086,725858,20856,home,0,3-4-3,1,1,4,301367,Leon Hien,Center Right Defender,6,0,0,-1,,,,0,0,-1,,,,2025-05-11 15:57:57
13086,725858,20856,home,0,3-4-3,1,1,16,205158,Sebastian Ohlsson,Center Right Midfielder,7,0,0,-1,,,,0,0,-1,,,,2025-05-11 15:57:57
13086,725858,20856,home,0,3-4-3,1,1,11,218520,Christos Gravius,Center Left Midfielder,8,0,0,-1,,,,0,0,-1,,,,2025-05-11 15:57:57
13086,725858,20856,home,0,3-4-3,1,1,9,398190,Adi Fisic,Forward,9,0,0,-1,,,,1,333259,19,333259.0,3480.0,58',2025-05-12 04:49:54
13086,725858,20856,home,0,3-4-3,1,1,20,400141,Elias Barsoum,Center Right Forward,10,0,0,-1,,,,1,398192,21,398192.0,3480.0,58',2025-05-12 04:49:54
13086,725858,20856,home,0,3-4-3,1,1,10,364830,Marcus Rafferty,Center Left Forward,11,0,0,-1,,,,1,398189,18,398189.0,4800.0,80',2025-05-12 04:49:54
13086,725858,20856,home,0,3-4-3,1,0,1,286770,Willie Jakobsson,Substitute,0,0,0,-1,,,,0,0,-1,,,,2025-05-11 15:57:57
13086,725858,20856,home,0,3-4-3,1,0,15,324395,Nasiru Moro,Substitute,0,0,0,-1,,,,0,0,-1,,,,2025-05-11 15:57:57
13086,725858,20856,home,0,3-4-3,1,0,30,255257,Bernardo Morgado,Substitute,0,0,0,-1,,,,0,0,-1,,,,2025-05-11 15:57:57
13086,725858,20856,home,0,3-4-3,1,0,23,357137,Alexander Hedén Lindskog,Substitute,0,1,256567,2,256567.0,4860.0,81',0,0,-1,,,,2025-06-02 04:53:23
13086,725858,20856,home,0,3-4-3,1,0,17,178387,Luc Kassi,Substitute,0,0,0,-1,,,,0,0,-1,,,,2025-05-11 15:57:57
13086,725858,20856,home,0,3-4-3,1,0,19,333259,Omar Faraj,Substitute,0,1,398190,9,398190.0,3480.0,58',0,0,-1,,,,2025-05-12 04:49:54
13086,725858,20856,home,0,3-4-3,1,0,18,398189,Teo Grönborg,Substitute,0,1,364830,10,364830.0,4800.0,80',0,0,-1,,,,2025-05-12 04:49:54
13086,725858,20856,home,0,3-4-3,1,0,21,398192,Elias Pihlström,Substitute,0,1,400141,20,400141.0,3480.0,58',0,0,-1,,,,2025-05-12 04:49:54
13086,725858,20856,home,0,3-4-3,1,0,27,400375,Ziyad Salifu,Substitute,0,0,0,-1,,,,0,0,-1,,,,2025-05-11 15:57:57
13086,725858,2720,away,1,4-3-2-1,1,1,1,198227,Ricardo Friedrich,Goalkeeper,1,0,0,-1,,,,0,0,-1,,,,2025-06-02 04:53:23
13086,725858,2720,away,1,4-3-2-1,1,1,17,193186,Jens Stryger Larsen,Right Back,2,0,0,-1,,,,0,0,-1,,,,2025-05-12 04:49:54
13086,725858,2720,away,1,4-3-2-1,1,1,25,301219,Busanello,Left Back,3,0,0,-1,,,,0,0,-1,,,,2025-05-13 04:52:45
13086,725858,2720,away,1,4-3-2-1,1,1,23,286434,Lasse Berg Johnsen,Center Midfielder,4,0,0,-1,,,,0,0,-1,,,,2025-06-02 04:53:23
13086,725858,2720,away,1,4-3-2-1,1,1,19,279135,Colin Rösler,Center Right Defender,5,0,0,-1,,,,0,0,-1,,,,2025-05-12 04:49:54
13086,725858,2720,away,1,4-3-2-1,1,1,35,380679,Nils Zätterström,Center Left Defender,6,0,0,-1,,,,0,0,-1,,,,2025-05-12 04:49:54
13086,725858,2720,away,1,4-3-2-1,1,1,38,330239,Hugo Bolin,Center Left Midfielder,7,0,0,-1,,,,1,9101,2,9101.0,5040.0,84',2025-05-12 04:49:54
13086,725858,2720,away,1,4-3-2-1,1,1,7,315679,Otto Rosengren,Center Right Midfielder,8,0,0,-1,,,,1,149538,10,149538.0,4260.0,71',2025-05-12 04:49:54
13086,725858,2720,away,1,4-3-2-1,1,1,32,360023,Daniel Gudjohnsen,Forward,9,0,0,-1,,,,1,166657,9,166657.0,4260.0,71',2025-05-12 04:49:54
13086,725858,2720,away,1,4-3-2-1,1,1,11,308880,Emmanuel Ekong,Center Right Forward,10,0,0,-1,,,,1,381395,40,381395.0,4260.0,71',2025-05-12 04:49:54
13086,725858,2720,away,1,4-3-2-1,1,1,22,314164,Taha Ali,Center Left Forward,11,0,0,-1,,,,1,368582,34,368582.0,5400.0,90'+3',2025-06-02 04:53:23
13086,725858,2720,away,1,4-3-2-1,1,0,33,307800,Melker Ellborg,Substitute,0,0,0,-1,,,,0,0,-1,,,,2025-05-12 04:49:54
13086,725858,2720,away,1,4-3-2-1,1,0,40,381395,Kenan Busuladzic,Substitute,0,1,308880,11,308880.0,4260.0,71',0,0,-1,,,,2025-05-12 04:49:54
13086,725858,2720,away,1,4-3-2-1,1,0,34,368582,Zakaria Loukili,Substitute,0,1,314164,22,314164.0,5400.0,90'+3',0,0,-1,,,,2025-05-12 04:49:54
13086,725858,2720,away,1,4-3-2-1,1,0,20,239925,Erik Botheim,Substitute,0,0,0,-1,,,,0,0,-1,,,,2025-05-12 04:49:54
13086,725858,2720,away,1,4-3-2-1,1,0,9,166657,Isaac Kiese Thelin,Substitute,0,1,360023,32,360023.0,4260.0,71',0,0,-1,,,,2025-05-12 04:49:54
13086,725858,2720,away,1,4-3-2-1,1,0,6,162738,Oscar Lewicki,Substitute,0,0,0,-1,,,,0,0,-1,,,,2025-05-12 04:49:54
13086,725858,2720,away,1,4-3-2-1,1,0,10,149538,Anders Christiansen,Substitute,0,1,315679,7,315679.0,4260.0,71',0,0,-1,,,,2025-05-12 04:49:54
13086,725858,2720,away,1,4-3-2-1,1,0,16,138055,Oliver Berg,Substitute,0,0,0,-1,,,,0,0,-1,,,,2025-05-12 04:49:54
13086,725858,2720,away,1,4-3-2-1,1,0,2,9101,Johan Karlsson,Substitute,0,1,330239,38,330239.0,5040.0,84',0,0,-1,,,,2025-05-12 04:49:54
13086,725859,8222,home,0,4-3-3,1,1,1,312877,Mergim Krasniqi,Goalkeeper,1,0,0,-1,,,,0,0,-1,,,,2025-05-12 04:49:54
13086,725859,8222,home,0,4-3-3,1,1,6,378806,August Wängberg,Right Back,2,0,0,-1,,,,0,0,-1,,,,2025-05-12 04:49:54
13086,725859,8222,home,0,4-3-3,1,1,5,379958,Robin Wendin Thomasson,Left Back,3,0,0,-1,,,,0,0,-1,,,,2025-06-02 04:53:23
13086,725859,8222,home,0,4-3-3,1,1,7,378811,Joackim Åberg,Center Midfielder,4,0,0,-1,,,,1,359795,32,359795.0,3480.0,58',2025-05-12 04:49:54
13086,725859,8222,home,0,4-3-3,1,1,12,356377,Robin Frej,Center Right Defender,5,0,0,-1,,,,0,0,-1,,,,2025-05-12 04:49:54
13086,725859,8222,home,0,4-3-3,1,1,4,333728,Oskar Ågren,Center Left Defender,6,0,0,-1,,,,0,0,-1,,,,2025-06-02 04:53:23
13086,725859,8222,home,0,4-3-3,1,1,8,312852,William Milovanovic,Right Midfielder,7,0,0,-1,,,,1,313931,18,313931.0,4860.0,81',2025-05-12 04:49:54
13086,725859,8222,home,0,4-3-3,1,1,10,347031,Amin Boudri,Left Midfielder,8,0,0,-1,,,,1,149765,25,149765.0,4200.0,70',2025-05-12 04:49:54
13086,725859,8222,home,0,4-3-3,1,1,28,235766,Lucas Hedlund,Forward,9,0,0,-1,,,,1,308726,19,308726.0,4200.0,70',2025-05-12 04:49:54
13086,725859,8222,home,0,4-3-3,1,1,9,378816,Gustav Lundgren,Right Forward,10,0,0,-1,,,,0,0,-1,,,,2025-05-12 04:49:54
13086,725859,8222,home,0,4-3-3,1,1,26,241105,Chovanie Amatkarijo,Left Forward,11,0,0,-1,,,,1,400221,16,400221.0,3480.0,58',2025-05-12 04:49:54
13086,725859,8222,home,0,4-3-3,1,0,19,308726,Ibrahim Diabate,Substitute,0,1,235766,28,235766.0,4200.0,70',0,0,-1,,,,2025-05-12 04:49:54
13086,725859,8222,home,0,4-3-3,1,0,16,400221,Rasmus Niklasson Petrovic,Substitute,0,1,241105,26,241105.0,3480.0,58',0,0,-1,,,,2025-05-12 04:49:54
13086,725859,8222,home,0,4-3-3,1,0,25,149765,Jonas Lindberg,Substitute,0,1,347031,10,347031.0,4200.0,70',0,0,-1,,,,2025-05-12 04:49:54
13086,725859,8222,home,0,4-3-3,1,0,24,378826,Filip Beckman,Substitute,0,0,0,-1,,,,0,0,-1,,,,2025-05-12 04:49:54
13086,725859,8222,home,0,4-3-3,1,0,22,378820,Anes Cardaklija,Substitute,0,0,0,-1,,,,0,0,-1,,,,2025-05-12 04:49:54
13086,725859,8222,home,0,4-3-3,1,0,13,360878,Kees Sims,Substitute,0,0,0,-1,,,,0,0,-1,,,,2025-05-12 04:49:54
13086,725859,8222,home,0,4-3-3,1,0,32,359795,Harun Ibrahim,Substitute,0,1,378811,7,378811.0,3480.0,58',0,0,-1,,,,2025-05-12 04:49:54
13086,725859,8222,home,0,4-3-3,1,0,11,334033,Edvin Becirovic,Substitute,0,0,0,-1,,,,0,0,-1,,,,2025-05-12 04:49:54
13086,725859,8222,home,0,4-3-3,1,0,18,313931,Kevin Holmén,Substitute,0,1,312852,8,312852.0,4860.0,81',0,0,-1,,,,2025-06-02 04:53:23
13086,725859,21382,away,0,4-1-4-1,1,1,1,277177,Hugo Keto,Goalkeeper,1,0,0,-1,,,,0,0,-1,,,,2025-05-15 04:51:24
13086,725859,21382,away,0,4-1-4-1,1,1,5,334035,Victor Larsson,Right Back,2,0,0,-1,,,,0,0,-1,,,,2025-05-15 04:51:24
13086,725859,21382,away,0,4-1-4-1,1,1,3,272272,Axel Björnström,Left Back,3,0,0,-1,,,,0,0,-1,,,,2025-06-02 04:53:23
13086,725859,21382,away,0,4-1-4-1,1,1,8,272404,Luke Le Roux,Defensive Midfielder,4,0,0,-1,,,,0,0,-1,,,,2025-05-15 04:51:24
13086,725859,21382,away,0,4-1-4-1,1,1,6,267616,Hugo Andersson,Center Right Defender,5,0,0,-1,,,,0,0,-1,,,,2025-05-15 04:51:24
13086,725859,21382,away,0,4-1-4-1,1,1,24,357202,Emin Grozdanic,Center Left Defender,6,0,0,-1,,,,0,0,-1,,,,2025-05-15 04:51:24
13086,725859,21382,away,0,4-1-4-1,1,1,7,193351,Carl Johansson,Right Midfielder,7,0,0,-1,,,,1,381397,18,381397.0,3900.0,65',2025-05-15 04:51:24
13086,725859,21382,away,0,4-1-4-1,1,1,11,303480,Wenderson,Center Right Midfielder,8,0,0,-1,,,,0,0,-1,,,,2025-05-15 04:51:24
13086,725859,21382,away,0,4-1-4-1,1,1,9,337564,Johnbosco Samuel Kalu,Forward,9,0,0,-1,,,,1,353250,32,353250.0,5040.0,84',2025-05-15 04:51:24
13086,725859,21382,away,0,4-1-4-1,1,1,22,158993,Simon Thern,Center Left Midfielder,10,0,0,-1,,,,0,0,-1,,,,2025-05-15 04:51:24
13086,725859,21382,away,0,4-1-4-1,1,1,10,345479,Ajdin Zeljkovic,Left Midfielder,11,0,0,-1,,,,1,344869,28,344869.0,4560.0,76',2025-05-15 04:51:24
13086,725859,21382,away,0,4-1-4-1,1,0,20,334028,Freddy Winsth,Substitute,0,0,0,-1,,,,0,0,-1,,,,2025-06-02 04:53:23
13086,725859,21382,away,0,4-1-4-1,1,0,21,403306,Alasana Badjie,Substitute,0,0,0,-1,,,,0,0,-1,,,,2025-05-15 04:51:24
13086,725859,21382,away,0,4-1-4-1,1,0,4,383897,Rufai Mohammed,Substitute,0,0,0,-1,,,,0,0,-1,,,,2025-06-02 04:53:23
13086,725859,21382,away,0,4-1-4-1,1,0,18,381397,Mohammad Alsalkhadi,Substitute,0,1,193351,7,193351.0,3900.0,65',0,0,-1,,,,2025-05-15 04:51:24
13086,725859,21382,away,0,4-1-4-1,1,0,26,380685,Calle Johansson,Substitute,0,0,0,-1,,,,0,0,-1,,,,2025-05-15 04:51:24
13086,725859,21382,away,0,4-1-4-1,1,0,2,380552,Johan Rapp,Substitute,0,0,0,-1,,,,0,0,-1,,,,2025-05-15 04:51:24
13086,725859,21382,away,0,4-1-4-1,1,0,32,353250,Kenan Bilalovic,Substitute,0,1,337564,9,337564.0,5040.0,84',0,0,-1,,,,2025-05-15 04:51:24
13086,725859,21382,away,0,4-1-4-1,1,0,28,344869,Frank Junior Adjei,Substitute,0,1,345479,10,345479.0,4560.0,76',0,0,-1,,,,2025-06-02 04:53:23
13086,725859,21382,away,0,4-1-4-1,1,0,39,341335,Viktor Andersson,Substitute,0,0,0,-1,,,,0,0,-1,,,,2025-05-15 04:51:24
13086,725860,2495,home,0,4-2-3-1,1,1,1,170727,Warner Hahn,Goalkeeper,1,0,0,-1,,,,0,0,-1,,,,2025-05-11 15:57:57
13086,725860,2495,home,0,4-2-3-1,1,1,2,382504,Hampus Skoglund,Right Back,2,0,0,-1,,,,0,0,-1,,,,2025-06-02 04:53:23
13086,725860,2495,home,0,4-2-3-1,1,1,19,251758,Shaquille Pinas,Left Back,3,0,0,-1,,,,0,0,-1,,,,2025-05-11 15:57:57
13086,725860,2495,home,0,4-2-3-1,1,1,5,218436,Tesfaldet Tekie,Left Midfielder,4,0,0,-1,,,,1,399509,13,399509.0,5280.0,88',2025-05-11 15:57:57
13086,725860,2495,home,0,4-2-3-1,1,1,4,334038,Victor Eriksson,Center Right Defender,5,0,0,-1,,,,0,0,-1,,,,2025-05-11 15:57:57
13086,725860,2495,home,0,4-2-3-1,1,1,6,249160,Pavle Vagic,Center Left Defender,6,0,0,-1,,,,0,0,-1,,,,2025-05-11 15:57:57
13086,725860,2495,home,0,4-2-3-1,1,1,26,312880,Montader Madjed,Attacking Midfielder Right,7,0,0,-1,,,,1,313974,23,313974.0,3720.0,62',2025-05-11 15:57:57
13086,725860,2495,home,0,4-2-3-1,1,1,8,22967,Markus Karlsson,Right Midfielder,8,0,0,-1,,,,0,0,-1,,,,2025-05-11 15:57:57
13086,725860,2495,home,0,4-2-3-1,1,1,7,303670,Paulos Abraham,Forward,9,0,0,-1,,,,1,315675,9,315675.0,4560.0,76',2025-05-11 15:57:57
13086,725860,2495,home,0,4-2-3-1,1,1,20,143585,Nahir Besara,Attacking Midfielder,10,0,0,-1,,,,0,0,-1,,,,2025-05-11 15:57:57
13086,725860,2495,home,0,4-2-3-1,1,1,18,303702,Sebastian Tounekti,Attacking Midfielder Left,11,0,0,-1,,,,1,210020,22,,,,2025-05-11 15:57:57
13086,725860,2495,home,0,4-2-3-1,1,0,27,301372,Felix Jakobsson,Substitute,0,0,0,-1,,,,0,0,-1,,,,2025-05-11 15:57:57
13086,725860,2495,home,0,4-2-3-1,1,0,17,313464,Ibrahima Fofana,Substitute,0,0,0,-1,,,,0,0,-1,,,,2025-06-08 05:13:01
13086,725860,2495,home,0,4-2-3-1,1,0,23,313974,Abdelrahman Boudah Saidi,Substitute,0,1,312880,26,312880.0,3720.0,62',0,0,-1,,,,2025-06-02 04:53:23
13086,725860,2495,home,0,4-2-3-1,1,0,9,315675,Jusef Erabi,Substitute,0,1,303670,7,303670.0,4560.0,76',0,0,-1,,,,2025-05-11 15:57:57
13086,725860,2495,home,0,4-2-3-1,1,0,22,210020,Jacob Ouro Ortmark,Substitute,0,1,303702,18,303702.0,5280.0,88',0,0,-1,,,,2025-06-02 04:53:23
13086,725860,2495,home,0,4-2-3-1,1,0,29,359099,Elohim Kaboré,Substitute,0,0,0,-1,,,,0,0,-1,,,,2025-06-02 04:53:23
13086,725860,2495,home,0,4-2-3-1,1,0,15,380970,Adrian Lahdo,Substitute,0,0,0,-1,,,,0,0,-1,,,,2025-05-11 15:57:57
13086,725860,2495,home,0,4-2-3-1,1,0,13,399509,Jonathan Karlsson,Substitute,0,1,218436,5,218436.0,5280.0,88',0,0,-1,,,,2025-05-11 15:57:57
13086,725860,2495,home,0,4-2-3-1,1,0,21,269195,Simon Strand,Substitute,0,0,0,-1,,,,0,0,-1,,,,2025-05-11 15:57:57
13086,725860,8544,away,0,4-4-2,1,1,40,19242,David Andersson,Goalkeeper,1,0,0,-1,,,,0,0,-1,,,,2025-05-11 15:57:57
13086,725860,8544,away,0,4-4-2,1,1,37,345975,Moutaz Neffati,Right Back,2,0,0,-1,,,,1,334015,24,334015.0,5280.0,88',2025-05-11 15:57:57
13086,725860,8544,away,0,4-4-2,1,1,14,306290,Yahya Kalley,Left Back,3,0,0,-1,,,,1,359167,3,359167.0,4680.0,78',2025-05-11 15:57:57
13086,725860,8544,away,0,4-4-2,1,1,21,334003,Jesper Ceesay,Center Right Midfielder,4,0,0,-1,,,,0,0,-1,,,,2025-05-11 15:57:57
13086,725860,8544,away,0,4-4-2,1,1,19,238431,Max Watson,Center Right Defender,5,0,0,-1,,,,0,0,-1,,,,2025-05-11 15:57:57
13086,725860,8544,away,0,4-4-2,1,1,2,357205,Kojo Peprah Oppong,Center Left Defender,6,0,0,-1,,,,0,0,-1,,,,2025-06-02 04:53:23
13086,725860,8544,away,0,4-4-2,1,1,10,188022,David Moberg-Karlsson,Right Midfielder,7,0,0,-1,,,,1,232279,7,232279.0,4680.0,78',2025-05-11 15:57:57
13086,725860,8544,away,0,4-4-2,1,1,11,286930,Ismet Lushaku,Center Left Midfielder,8,0,0,-1,,,,1,287215,22,287215.0,4680.0,78',2025-05-11 15:57:57
13086,725860,8544,away,0,4-4-2,1,1,5,158978,Christoffer Nyman,Center Left Forward,9,0,0,-1,,,,0,0,-1,,,,2025-05-11 15:57:57
13086,725860,8544,away,0,4-4-2,1,1,9,230353,Arnór Traustason,Center Right Forward,10,0,0,-1,,,,0,0,-1,,,,2025-05-11 15:57:57
13086,725860,8544,away,0,4-4-2,1,1,8,321404,Ísak Andri Sigurgeirsson,Left Midfielder,11,0,0,-1,,,,1,290034,15,290034.0,4320.0,72',2025-05-11 15:57:57
13086,725860,8544,away,0,4-4-2,1,0,15,290034,Sebastian Jorgensen,Substitute,0,1,321404,8,321404.0,4320.0,72',0,0,-1,,,,2025-05-11 15:57:57
13086,725860,8544,away,0,4-4-2,1,0,24,334015,Anton Eriksson,Substitute,0,1,345975,37,345975.0,5280.0,88',0,0,-1,,,,2025-05-11 15:57:57
13086,725860,8544,away,0,4-4-2,1,0,22,287215,Tim Prica,Substitute,0,1,286930,11,286930.0,4680.0,78',0,0,-1,,,,2025-05-11 15:57:57
13086,725860,8544,away,0,4-4-2,1,0,4,356374,Amadeus Sögaard,Substitute,0,0,0,-1,,,,0,0,-1,,,,2025-05-11 15:57:57
13086,725860,8544,away,0,4-4-2,1,0,7,232279,Alexander Fransson,Substitute,0,1,188022,10,188022.0,4680.0,78',0,0,-1,,,,2025-05-11 15:57:57
13086,725860,8544,away,0,4-4-2,1,0,3,359167,Marcus Baggesen,Substitute,0,1,306290,14,306290.0,4680.0,78',0,0,-1,,,,2025-05-11 15:57:57
13086,725860,8544,away,0,4-4-2,1,0,30,380189,Theo Krantz,Substitute,0,0,0,-1,,,,0,0,-1,,,,2025-05-11 15:57:57
13086,725860,8544,away,0,4-4-2,1,0,28,389749,Åke Andersson,Substitute,0,0,0,-1,,,,0,0,-1,,,,2025-05-11 15:57:57
13086,725860,8544,away,0,4-4-2,1,0,20,400367,Axel Brönner,Substitute,0,0,0,-1,,,,0,0,-1,,,,2025-05-11 15:57:57
13086,725861,2556,home,0,4-3-3,1,1,25,359784,Elis Bishesari,Goalkeeper,1,0,0,-1,,,,0,0,-1,,,,2025-05-14 04:51:09
13086,725861,2556,home,0,4-3-3,1,1,18,349811,Felix Eriksson,Right Back,2,0,0,-1,,,,1,343958,29,343958.0,5340.0,89',2025-05-14 04:51:09
13086,725861,2556,home,0,4-3-3,1,1,6,179771,Anders Trondsen,Left Back,3,0,0,-1,,,,1,383948,22,383948.0,4320.0,72',2025-05-14 04:51:09
13086,725861,2556,home,0,4-3-3,1,1,15,307947,David Kruse,Center Midfielder,4,0,0,-1,,,,0,0,-1,,,,2025-05-14 04:51:09
13086,725861,2556,home,0,4-3-3,1,1,13,83736,Gustav Svensson,Center Right Defender,5,0,0,-1,,,,0,0,-1,,,,2025-05-14 04:51:09
13086,725861,2556,home,0,4-3-3,1,1,3,241163,August Erlingmark,Center Left Defender,6,0,0,-1,,,,0,0,-1,,,,2025-05-14 04:51:09
13086,725861,2556,home,0,4-3-3,1,1,21,313971,Adam Carlén,Right Midfielder,7,0,0,-1,,,,1,222784,30,222784.0,4260.0,71',2025-05-14 04:51:09
13086,725861,2556,home,0,4-3-3,1,1,8,297985,Imam Jagne,Left Midfielder,8,0,0,-1,,,,1,390390,7,390390.0,4320.0,72',2025-06-02 04:53:23
13086,725861,2556,home,0,4-3-3,1,1,9,303768,Max Fenger,Forward,9,0,0,-1,,,,0,0,-1,,,,2025-05-14 04:51:09
13086,725861,2556,home,0,4-3-3,1,1,17,252746,Eman Markovic,Right Forward,10,0,0,-1,,,,0,0,-1,,,,2025-05-14 04:51:09
13086,725861,2556,home,0,4-3-3,1,1,14,219163,Tobias Heintz,Left Forward,11,0,0,-1,,,,0,0,-1,,,,2025-05-14 04:51:09
13086,725861,2556,home,0,4-3-3,1,0,26,380238,Benjamin Brantlind,Substitute,0,0,0,-1,,,,0,0,-1,,,,2025-05-14 04:51:09
13086,725861,2556,home,0,4-3-3,1,0,29,343958,Thomas Santos,Substitute,0,1,349811,18,349811.0,5340.0,89',0,0,-1,,,,2025-05-14 04:51:09
13086,725861,2556,home,0,4-3-3,1,0,16,343826,Linus Carlstrand,Substitute,0,0,0,-1,,,,0,0,-1,,,,2025-05-14 04:51:09
13086,725861,2556,home,0,4-3-3,1,0,10,336395,Hussein Carneil,Substitute,0,0,0,-1,,,,0,0,-1,,,,2025-05-14 04:51:09
13086,725861,2556,home,0,4-3-3,1,0,22,383948,Noah Tolf,Substitute,0,1,179771,6,179771.0,4320.0,72',0,0,-1,,,,2025-05-14 04:51:09
13086,725861,2556,home,0,4-3-3,1,0,30,222784,Ramon Pascal Lundqvist,Substitute,0,1,313971,21,313971.0,4260.0,71',0,0,-1,,,,2025-06-02 04:53:23
13086,725861,2556,home,0,4-3-3,1,0,5,220974,Jonas Bager,Substitute,0,0,0,-1,,,,0,0,-1,,,,2025-05-14 04:51:09
13086,725861,2556,home,0,4-3-3,1,0,7,390390,Sebastian Clemmensen,Substitute,0,1,297985,8,297985.0,4320.0,72',0,0,-1,,,,2025-05-14 04:51:09
13086,725861,2556,home,0,4-3-3,1,0,12,403450,Linus Dahlgren,Substitute,0,0,0,-1,,,,0,0,-1,,,,2025-05-14 04:51:09
13086,725861,2339,away,1,4-2-3-1,1,1,45,219533,Filip Manojlovic,Goalkeeper,1,0,0,-1,,,,0,0,-1,,,,2025-05-14 04:51:09
13086,725861,2339,away,1,4-2-3-1,1,1,12,357136,Theo Bergvall,Right Back,2,0,0,-1,,,,0,0,-1,,,,2025-05-14 04:51:09
13086,725861,2339,away,1,4-2-3-1,1,1,27,371596,Keita Kosugi,Left Back,3,0,0,-1,,,,0,0,-1,,,,2025-05-14 04:51:09
13086,725861,2339,away,1,4-2-3-1,1,1,20,364226,Matias Siltanen,Left Midfielder,4,0,0,-1,,,,0,0,-1,,,,2025-05-14 04:51:09
13086,725861,2339,away,1,4-2-3-1,1,1,4,237053,Jacob Une,Center Right Defender,5,0,0,-1,,,,0,0,-1,,,,2025-06-02 04:53:23
13086,725861,2339,away,1,4-2-3-1,1,1,3,172855,Marcus Danielson,Center Left Defender,6,0,0,-1,,,,0,0,-1,,,,2025-06-02 04:53:23
13086,725861,2339,away,1,4-2-3-1,1,1,29,275575,Santeri Haarala,Attacking Midfielder Right,7,0,0,-1,,,,0,0,-1,,,,2025-05-14 04:51:09
13086,725861,2339,away,1,4-2-3-1,1,1,14,272148,Hampus Finndell,Right Midfielder,8,0,0,-1,,,,1,357204,19,357204.0,5400.0,90'+1',2025-05-14 04:51:09
13086,725861,2339,away,1,4-2-3-1,1,1,10,164556,Tokmac Nguen,Forward,9,0,0,-1,,,,1,368579,25,368579.0,5220.0,87',2025-05-14 04:51:09
13086,725861,2339,away,1,4-2-3-1,1,1,32,350206,Isak Alemayehu,Attacking Midfielder,10,0,0,-1,,,,1,380775,36,380775.0,5400.0,90'+1',2025-05-14 04:51:09
13086,725861,2339,away,1,4-2-3-1,1,1,9,330460,August Priske,Attacking Midfielder Left,11,0,0,-1,,,,1,295863,7,295863.0,2700.0,45',2025-05-14 04:51:09
13086,725861,2339,away,1,4-2-3-1,1,0,38,402950,Melvin Vucenovic Persson,Substitute,0,0,0,-1,,,,0,0,-1,,,,2025-05-14 04:51:09
13086,725861,2339,away,1,4-2-3-1,1,0,31,403140,Ahmed Saeed,Substitute,0,0,0,-1,,,,0,0,-1,,,,2025-05-14 04:51:09
13086,725861,2339,away,1,4-2-3-1,1,0,35,203266,Jacob Rinne,Substitute,0,0,0,-1,,,,0,0,-1,,,,2025-05-14 04:51:09
13086,725861,2339,away,1,4-2-3-1,1,0,34,236989,Alexander Anderson,Substitute,0,0,0,-1,,,,0,0,-1,,,,2025-05-14 04:51:09
13086,725861,2339,away,1,4-2-3-1,1,0,7,295863,Tobias Gulliksen,Substitute,0,1,330460,9,330460.0,2700.0,45',0,0,-1,,,,2025-06-02 04:53:23
13086,725861,2339,away,1,4-2-3-1,1,0,13,334021,Daniel Stensson,Substitute,0,0,0,-1,,,,0,0,-1,,,,2025-05-14 04:51:09
13086,725861,2339,away,1,4-2-3-1,1,0,19,357204,Viktor Bergh,Substitute,0,1,272148,14,272148.0,5400.0,90'+1',0,0,-1,,,,2025-05-14 04:51:09
13086,725861,2339,away,1,4-2-3-1,1,0,25,368579,Kalipha Jawla,Substitute,0,1,164556,10,164556.0,5220.0,87',0,0,-1,,,,2025-05-14 04:51:09
13086,725861,2339,away,1,4-2-3-1,1,0,36,380775,Alieu Atlee Manneh,Substitute,0,1,350206,32,350206.0,5400.0,90'+1',0,0,-1,,,,2025-05-14 04:51:09
13086,725862,8547,home,1,4-2-3-1,1,1,1,313973,Ismael Diawara,Goalkeeper,1,0,0,-1,,,,0,0,-1,,,,2025-06-02 04:53:23
13086,725862,8547,home,1,4-2-3-1,1,1,13,298341,Jakob Voelkerling Persson,Right Back,2,0,0,-1,,,,1,299250,3,299250.0,4260.0,71',2025-05-12 04:49:54
13086,725862,8547,home,1,4-2-3-1,1,1,21,235518,Dennis Widgren,Left Back,3,0,0,-1,,,,1,342596,33,342596.0,4800.0,80',2025-05-12 04:49:54
13086,725862,8547,home,1,4-2-3-1,1,1,10,358564,Melker Heier,Left Midfielder,4,0,0,-1,,,,0,0,-1,,,,2025-05-12 04:49:54
13086,725862,8547,home,1,4-2-3-1,1,1,15,186504,Simon Sandberg,Center Right Defender,5,0,0,-1,,,,0,0,-1,,,,2025-05-12 04:49:54
13086,725862,8547,home,1,4-2-3-1,1,1,4,366597,Tobias Anker,Center Left Defender,6,0,0,-1,,,,0,0,-1,,,,2025-05-12 04:49:54
13086,725862,8547,home,1,4-2-3-1,1,1,7,22706,Joakim Persson,Attacking Midfielder Right,7,0,0,-1,,,,1,359495,36,359495.0,4800.0,80',2025-05-12 04:49:54
13086,725862,8547,home,1,4-2-3-1,1,1,17,15527,Marcus Lindberg,Right Midfielder,8,0,0,-1,,,,0,0,-1,,,,2025-05-12 04:49:54
13086,725862,8547,home,1,4-2-3-1,1,1,9,322993,Robbie Ure,Forward,9,0,0,-1,,,,0,0,-1,,,,2025-05-12 04:49:54
13086,725862,8547,home,1,4-2-3-1,1,1,14,323176,Leo Walta,Attacking Midfielder,10,0,0,-1,,,,0,0,-1,,,,2025-05-12 04:49:54
13086,725862,8547,home,1,4-2-3-1,1,1,19,309271,Noel Milleskog,Attacking Midfielder Left,11,0,0,-1,,,,1,344867,29,344867.0,3300.0,55',2025-05-12 04:49:54
13086,725862,8547,home,1,4-2-3-1,1,0,24,401059,Victor Svensson,Substitute,0,0,0,-1,,,,0,0,-1,,,,2025-05-12 04:49:54
13086,725862,8547,home,1,4-2-3-1,1,0,8,311741,Andreas Pyndt,Substitute,0,0,0,-1,,,,0,0,-1,,,,2025-06-02 04:53:23
13086,725862,8547,home,1,4-2-3-1,1,0,3,299250,Bogdan Milovanov,Substitute,0,1,298341,13,298341.0,4260.0,71',0,0,-1,,,,2025-05-12 04:49:54
13086,725862,8547,home,1,4-2-3-1,1,0,5,25076,Tobias Carlsson,Substitute,0,0,0,-1,,,,0,0,-1,,,,2025-05-12 04:49:54
13086,725862,8547,home,1,4-2-3-1,1,0,34,325348,David Celic,Substitute,0,0,0,-1,,,,0,0,-1,,,,2025-05-12 04:49:54
13086,725862,8547,home,1,4-2-3-1,1,0,18,315677,Adam Wikman,Substitute,0,0,0,-1,,,,0,0,-1,,,,2025-06-02 04:53:23
13086,725862,8547,home,1,4-2-3-1,1,0,33,342596,Saba Mamatsashvili,Substitute,0,1,235518,21,235518.0,4800.0,80',0,0,-1,,,,2025-05-12 04:49:54
13086,725862,8547,home,1,4-2-3-1,1,0,29,344867,Isak Bjerkebo,Substitute,0,1,309271,19,309271.0,3300.0,55',0,0,-1,,,,2025-05-12 04:49:54
13086,725862,8547,home,1,4-2-3-1,1,0,36,359495,August Ljungberg,Substitute,0,1,22706,7,22706.0,4800.0,80',0,0,-1,,,,2025-05-12 04:49:54
13086,725862,7834,away,0,4-2-3-1,1,1,99,125312,Etrit Berisha,Goalkeeper,1,0,0,-1,,,,0,0,-1,,,,2025-05-12 04:49:54
13086,725862,7834,away,0,4-2-3-1,1,1,28,394448,Filip Öhman,Right Back,2,0,0,-1,,,,1,364749,39,364749.0,4500.0,75',2025-05-12 04:49:54
13086,725862,7834,away,0,4-2-3-1,1,1,21,194293,Adam Lundkvist,Left Back,3,0,0,-1,,,,0,0,-1,,,,2025-06-02 04:53:23
13086,725862,7834,away,0,4-2-3-1,1,1,14,185916,Simon Gustafson,Left Midfielder,4,0,0,-1,,,,0,0,-1,,,,2025-05-12 04:49:54
13086,725862,7834,away,0,4-2-3-1,1,1,22,380234,Nikola Zecevic,Center Right Defender,5,0,0,-1,,,,0,0,-1,,,,2025-05-12 04:49:54
13086,725862,7834,away,0,4-2-3-1,1,1,7,4703,Jacob Barrett Laursen,Center Left Defender,6,0,0,-1,,,,1,393324,44,393324.0,3360.0,56',2025-06-02 04:53:23
13086,725862,7834,away,0,4-2-3-1,1,1,24,271087,Amor Layouni,Attacking Midfielder Right,7,0,0,-1,,,,1,357139,16,357139.0,1860.0,31',2025-05-12 04:49:54
13086,725862,7834,away,0,4-2-3-1,1,1,15,356369,Samuel Leach Holm,Right Midfielder,8,0,0,-1,,,,1,366829,29,366829.0,4500.0,75',2025-06-02 04:53:23
13086,725862,7834,away,0,4-2-3-1,1,1,19,366143,John Paul Dembe,Forward,9,0,0,-1,,,,1,360958,9,360958.0,3360.0,56',2025-05-12 04:49:54
13086,725862,7834,away,0,4-2-3-1,1,1,10,239184,Mikkel Rygaard,Attacking Midfielder,10,0,0,-1,,,,0,0,-1,,,,2025-06-02 04:53:23
13086,725862,7834,away,0,4-2-3-1,1,1,11,378812,Julius Lindberg,Attacking Midfielder Left,11,0,0,-1,,,,0,0,-1,,,,2025-05-12 04:49:54
13086,725862,7834,away,0,4-2-3-1,1,0,44,393324,Harry Hilvenius,Substitute,0,1,4703,7,4703.0,3360.0,56',0,0,-1,,,,2025-05-12 04:49:54
13086,725862,7834,away,0,4-2-3-1,1,0,29,366829,Severin Nioule,Substitute,0,1,356369,15,356369.0,4500.0,75',0,0,-1,,,,2025-05-12 04:49:54
13086,725862,7834,away,0,4-2-3-1,1,0,39,364749,Isak Brusberg,Substitute,0,1,394448,28,394448.0,4500.0,75',0,0,-1,,,,2025-05-12 04:49:54
13086,725862,7834,away,0,4-2-3-1,1,0,13,361537,Sigge Jansson,Substitute,0,0,0,-1,,,,0,0,-1,,,,2025-05-12 04:49:54
13086,725862,7834,away,0,4-2-3-1,1,0,9,360958,Srdjan Hrstic,Substitute,0,1,366143,19,366143.0,3360.0,56',0,0,-1,,,,2025-06-02 04:53:23
13086,725862,7834,away,0,4-2-3-1,1,0,16,357139,Pontus Dahbo,Substitute,0,1,271087,24,271087.0,1860.0,31',0,0,-1,,,,2025-05-12 04:49:54
13086,725862,7834,away,0,4-2-3-1,1,0,17,330551,Ben Engdahl,Substitute,0,0,0,-1,,,,0,0,-1,,,,2025-05-12 04:49:54
13086,725862,7834,away,0,4-2-3-1,1,0,32,121827,Oscar Jansson,Substitute,0,0,0,-1,,,,0,0,-1,,,,2025-05-12 04:49:54
13086,725863,994,home,1,4-1-2-1-2,1,1,15,133993,Kristoffer Nordfeldt,Goalkeeper,1,0,0,-1,,,,0,0,-1,,,,2025-05-11 15:57:57
13086,725863,994,home,1,4-1-2-1-2,1,1,17,229692,Mads Thychosen,Right Back,2,0,0,-1,,,,1,172923,22,172923.0,5100.0,85',2025-05-11 15:57:57
13086,725863,994,home,1,4-1-2-1-2,1,1,3,258904,Thomas Isherwood,Left Back,3,0,0,-1,,,,0,0,-1,,,,2025-06-02 04:53:23
13086,725863,994,home,1,4-1-2-1-2,1,1,33,322466,Áron Csongvai,Defensive Midfielder,4,0,0,-1,,,,0,0,-1,,,,2025-06-02 04:53:23
13086,725863,994,home,1,4-1-2-1-2,1,1,16,261614,Benjamin Tiedemann Hansen,Center Right Defender,5,0,0,-1,,,,1,222606,32,222606.0,4320.0,72',2025-06-02 04:53:23
13086,725863,994,home,1,4-1-2-1-2,1,1,4,223140,Sotiris Papagiannopoulos,Center Left Defender,6,0,0,-1,,,,0,0,-1,,,,2025-05-11 15:57:57
13086,725863,994,home,1,4-1-2-1-2,1,1,8,236162,Johan Hove,Right Midfielder,7,0,0,-1,,,,1,325409,5,325409.0,4320.0,72',2025-05-11 15:57:57
13086,725863,994,home,1,4-1-2-1-2,1,1,7,193105,Anton Saletros,Attacking Midfielder,8,0,0,-1,,,,0,0,-1,,,,2025-05-11 15:57:57
13086,725863,994,home,1,4-1-2-1-2,1,1,43,334029,Victor Andersson,Center Left Forward,9,0,0,-1,,,,1,146893,11,146893.0,3240.0,54',2025-05-11 15:57:57
13086,725863,994,home,1,4-1-2-1-2,1,1,10,215152,Bersant Celina,Center Right Forward,10,0,0,-1,,,,0,0,-1,,,,2025-05-11 15:57:57
13086,725863,994,home,1,4-1-2-1-2,1,1,19,237759,Dino Besirovic,Left Midfielder,11,0,0,-1,,,,0,0,-1,,,,2025-05-11 15:57:57
13086,725863,994,home,1,4-1-2-1-2,1,0,47,346655,Alexander Fesshaie,Substitute,0,0,0,-1,,,,0,0,-1,,,,2025-06-02 04:53:23
13086,725863,994,home,1,4-1-2-1-2,1,0,45,347636,Taha Ayari,Substitute,0,0,0,-1,,,,0,0,-1,,,,2025-05-11 15:57:57
13086,725863,994,home,1,4-1-2-1-2,1,0,26,400799,Elvis Laan,Substitute,0,0,0,-1,,,,0,0,-1,,,,2025-05-11 15:57:57
13086,725863,994,home,1,4-1-2-1-2,1,0,32,222606,Filip Benkovic,Substitute,0,1,261614,16,,,,0,0,-1,,,,2025-05-11 15:57:57
13086,725863,994,home,1,4-1-2-1-2,1,0,9,305500,Andronikos Kakoulis,Substitute,0,0,0,-1,,,,0,0,-1,,,,2025-05-11 15:57:57
13086,725863,994,home,1,4-1-2-1-2,1,0,30,218410,Kalle Joelsson,Substitute,0,0,0,-1,,,,0,0,-1,,,,2025-05-11 15:57:57
13086,725863,994,home,1,4-1-2-1-2,1,0,22,172923,Jere Uronen,Substitute,0,1,229692,17,229692.0,5100.0,85',0,0,-1,,,,2025-05-11 15:57:57
13086,725863,994,home,1,4-1-2-1-2,1,0,11,146893,John Guidetti,Substitute,0,1,334029,43,334029.0,3240.0,54',0,0,-1,,,,2025-05-11 15:57:57
13086,725863,994,home,1,4-1-2-1-2,1,0,5,325409,Kazper Karlsson,Substitute,0,1,236162,8,236162.0,4320.0,72',0,0,-1,,,,2025-05-11 15:57:57
13086,725863,20301,away,0,3-4-3,1,1,1,301377,Noel Törnqvist,Goalkeeper,1,0,0,-1,,,,0,0,-1,,,,2025-06-03 04:50:27
13086,725863,20301,away,0,3-4-3,1,1,14,312876,Herman Johansson,Right Midfielder,2,0,0,-1,,,,1,269109,11,269109.0,4980.0,83',2025-05-11 15:57:57
13086,725863,20301,away,0,3-4-3,1,1,17,357145,Elliot Stroud,Left Midfielder,3,0,0,-1,,,,0,0,-1,,,,2025-05-11 15:57:57
13086,725863,20301,away,0,3-4-3,1,1,5,356281,Abdullah Iqbal,Center Left Defender,4,0,0,-1,,,,0,0,-1,,,,2025-05-11 15:57:57
13086,725863,20301,away,0,3-4-3,1,1,13,259548,Jakob Kiilerich,Center Defender,5,0,0,-1,,,,0,0,-1,,,,2025-05-11 15:57:57
13086,725863,20301,away,0,3-4-3,1,1,4,306289,Axel Norén,Center Right Defender,6,0,0,-1,,,,1,172917,24,172917.0,4440.0,74',2025-05-11 15:57:57
13086,725863,20301,away,0,3-4-3,1,1,10,249171,Nicklas Rojkjaer,Center Right Midfielder,7,0,0,-1,,,,0,0,-1,,,,2025-05-11 15:57:57
13086,725863,20301,away,0,3-4-3,1,1,22,192793,Jesper Gustavsson,Center Left Midfielder,8,0,0,-1,,,,0,0,-1,,,,2025-05-11 15:57:57
13086,725863,20301,away,0,3-4-3,1,1,18,293925,Jacob Bergstrom,Forward,9,0,0,-1,,,,1,346501,27,346501.0,4440.0,74',2025-05-11 15:57:57
13086,725863,20301,away,0,3-4-3,1,1,7,303651,Viktor Gustafson,Center Right Forward,10,0,0,-1,,,,1,356408,6,356408.0,4440.0,74',2025-05-11 15:57:57
13086,725863,20301,away,0,3-4-3,1,1,19,380320,Abdoulie Manneh,Center Left Forward,11,0,0,-1,,,,1,301382,16,301382.0,5400.0,90'+1',2025-05-11 15:57:57
13086,725863,20301,away,0,3-4-3,1,0,23,402887,Olle Nilsson,Substitute,0,0,0,-1,,,,0,0,-1,,,,2025-05-11 15:57:57
13086,725863,20301,away,0,3-4-3,1,0,35,151931,Alexander Lundin,Substitute,0,0,0,-1,,,,0,0,-1,,,,2025-05-11 15:57:57
13086,725863,20301,away,0,3-4-3,1,0,39,389637,Romeo Leandersson,Substitute,0,0,0,-1,,,,0,0,-1,,,,2025-05-11 15:57:57
13086,725863,20301,away,0,3-4-3,1,0,15,361860,Bork Bang-Kittilsen,Substitute,0,0,0,-1,,,,0,0,-1,,,,2025-05-11 15:57:57
13086,725863,20301,away,0,3-4-3,1,0,6,356408,Ludwig Malachowski,Substitute,0,1,303651,7,303651.0,4440.0,74',0,0,-1,,,,2025-06-03 04:50:27
13086,725863,20301,away,0,3-4-3,1,0,27,346501,Ludvig Tidstrand,Substitute,0,1,293925,18,293925.0,4440.0,74',0,0,-1,,,,2025-05-11 15:57:57
13086,725863,20301,away,0,3-4-3,1,0,24,172917,Tom Pettersson,Substitute,0,1,306289,4,306289.0,4440.0,74',0,0,-1,,,,2025-05-11 15:57:57
13086,725863,20301,away,0,3-4-3,1,0,16,301382,Alexander Johansson,Substitute,0,1,380320,19,380320.0,5400.0,90'+1',0,0,-1,,,,2025-05-11 15:57:57
13086,725863,20301,away,0,3-4-3,1,0,11,269109,Timo Stavitski,Substitute,0,1,312876,14,312876.0,4980.0,83',0,0,-1,,,,2025-05-11 15:57:57
13086,725864,2936,home,0,4-2-3-1,1,1,13,400366,Robin Wallinder,Goalkeeper,1,0,0,-1,,,,0,0,-1,,,,2025-05-16 04:55:23
13086,725864,2936,home,0,4-2-3-1,1,1,3,380190,Kingsley Gyamfi,Right Back,2,0,0,-1,,,,0,0,-1,,,,2025-05-16 04:55:23
13086,725864,2936,home,0,4-2-3-1,1,1,21,400371,Lars Bergquist,Left Back,3,0,0,-1,,,,0,0,-1,,,,2025-05-16 04:55:23
13086,725864,2936,home,0,4-2-3-1,1,1,26,238868,Magnus Christensen,Left Midfielder,4,0,0,-1,,,,1,385181,8,385181.0,4080.0,68',2025-05-16 04:55:23
13086,725864,2936,home,0,4-2-3-1,1,1,5,354352,Mattis Adolfsson,Center Right Defender,5,0,0,-1,,,,1,349204,16,349204.0,1080.0,18',2025-05-16 04:55:23
13086,725864,2936,home,0,4-2-3-1,1,1,15,316395,Ivan Kricak,Center Left Defender,6,0,0,-1,,,,0,0,-1,,,,2025-05-16 04:55:23
13086,725864,2936,home,0,4-2-3-1,1,1,10,312878,Albin Morfelt,Attacking Midfielder Right,7,0,0,-1,,,,0,0,-1,,,,2025-05-16 04:55:23
13086,725864,2936,home,0,4-2-3-1,1,1,7,302001,David Seger,Right Midfielder,8,0,0,-1,,,,0,0,-1,,,,2025-05-16 04:55:23
13086,725864,2936,home,0,4-2-3-1,1,1,29,162497,Christian Kouakou,Forward,9,0,0,-1,,,,1,217300,20,217300.0,4080.0,68',2025-05-27 04:52:03
13086,725864,2936,home,0,4-2-3-1,1,1,19,289844,Matias Tamminen,Attacking Midfielder,10,0,0,-1,,,,1,392578,25,392578.0,3420.0,57',2025-05-16 04:55:23
13086,725864,2936,home,0,4-2-3-1,1,1,18,311161,Daniel Ljung,Attacking Midfielder Left,11,0,0,-1,,,,0,0,-1,,,,2025-05-16 04:55:23
13086,725864,2936,home,0,4-2-3-1,1,0,16,349204,Raymond Adjei,Substitute,0,1,354352,5,354352.0,1080.0,18',0,0,-1,,,,2025-05-16 04:55:23
13086,725864,2936,home,0,4-2-3-1,1,0,4,238435,Sebastian Starke Hedlund,Substitute,0,0,0,-1,,,,0,0,-1,,,,2025-05-16 04:55:23
13086,725864,2936,home,0,4-2-3-1,1,0,23,222639,Vladimir Rodic,Substitute,0,0,0,-1,,,,0,0,-1,,,,2025-05-16 04:55:23
13086,725864,2936,home,0,4-2-3-1,1,0,20,217300,Alibek Aliev,Substitute,0,1,162497,29,,,,0,0,-1,,,,2025-05-16 04:55:23
13086,725864,2936,home,0,4-2-3-1,1,0,14,173508,Dennis Olsson,Substitute,0,0,0,-1,,,,0,0,-1,,,,2025-05-16 04:55:23
13086,725864,2936,home,0,4-2-3-1,1,0,8,385181,Daniel Ask,Substitute,0,1,238868,26,238868.0,4080.0,68',0,0,-1,,,,2025-05-16 04:55:23
13086,725864,2936,home,0,4-2-3-1,1,0,25,392578,Youssoupha Sanyang,Substitute,0,1,289844,19,289844.0,3420.0,57',0,0,-1,,,,2025-05-16 04:55:23
13086,725864,2936,home,0,4-2-3-1,1,0,32,400368,Carl Lundahl Persson,Substitute,0,0,0,-1,,,,0,0,-1,,,,2025-05-16 04:55:23
13086,725864,2936,home,0,4-2-3-1,1,0,22,400372,Oskar Gabrielsson,Substitute,0,0,0,-1,,,,0,0,-1,,,,2025-05-16 04:55:23
13086,725864,529,away,1,3-4-3,1,1,1,400222,Simon Eriksson,Goalkeeper,1,0,0,-1,,,,0,0,-1,,,,2025-05-12 04:49:54
13086,725864,529,away,1,3-4-3,1,1,28,389426,Frode Aronsson,Right Midfielder,2,0,0,-1,,,,1,146012,13,146012.0,4680.0,78',2025-05-12 04:49:54
13086,725864,529,away,1,3-4-3,1,1,23,134644,Niklas Hult,Left Midfielder,3,0,0,-1,,,,0,0,-1,,,,2025-05-12 04:49:54
13086,725864,529,away,1,3-4-3,1,1,2,380023,Terry Yegbe,Center Left Defender,4,0,0,-1,,,,0,0,-1,,,,2025-05-12 04:49:54
13086,725864,529,away,1,3-4-3,1,1,29,341452,Ibrahim Buhari,Center Defender,5,0,0,-1,,,,0,0,-1,,,,2025-05-12 04:49:54
13086,725864,529,away,1,3-4-3,1,1,8,194092,Sebastian Holmén,Center Right Defender,6,0,0,-1,,,,0,0,-1,,,,2025-05-12 04:49:54
13086,725864,529,away,1,3-4-3,1,1,27,334024,Besfort Zeneli,Center Right Midfielder,7,0,0,-1,,,,0,0,-1,,,,2025-05-12 04:49:54
13086,725864,529,away,1,3-4-3,1,1,10,245883,Simon Olsson,Center Left Midfielder,8,0,0,-1,,,,0,0,-1,,,,2025-05-12 04:49:54
13086,725864,529,away,1,3-4-3,1,1,24,304180,Frederik Ihler,Forward,9,0,0,-1,,,,1,388173,21,388173.0,4680.0,78',2025-05-12 04:49:54
13086,725864,529,away,1,3-4-3,1,1,26,380321,Ludvig Richtnér,Center Right Forward,10,0,0,-1,,,,1,240486,19,240486.0,4380.0,73',2025-05-12 04:49:54
13086,725864,529,away,1,3-4-3,1,1,25,342093,Ari Sigurpálsson,Center Left Forward,11,0,0,-1,,,,1,362584,20,362584.0,4380.0,73',2025-05-12 04:49:54
13086,725864,529,away,1,3-4-3,1,0,16,402326,Altti Hellemaa,Substitute,0,0,0,-1,,,,0,0,-1,,,,2025-05-12 04:49:54
13086,725864,529,away,1,3-4-3,1,0,21,388173,Leo Östman,Substitute,0,1,304180,24,304180.0,4680.0,78',0,0,-1,,,,2025-05-12 04:49:54
13086,725864,529,away,1,3-4-3,1,0,20,362584,Gottfrid Rapp,Substitute,0,1,342093,25,342093.0,4380.0,73',0,0,-1,,,,2025-05-12 04:49:54
13086,725864,529,away,1,3-4-3,1,0,6,286729,Rasmus Wikstrom,Substitute,0,0,0,-1,,,,0,0,-1,,,,2025-05-12 04:49:54
13086,725864,529,away,1,3-4-3,1,0,19,240486,Rami Kaib,Substitute,0,1,380321,26,380321.0,4380.0,73',0,0,-1,,,,2025-05-12 04:49:54
13086,725864,529,away,1,3-4-3,1,0,4,202682,Daniel Granli,Substitute,0,0,0,-1,,,,0,0,-1,,,,2025-05-12 04:49:54
13086,725864,529,away,1,3-4-3,1,0,30,176191,Lucas Hägg Johansson,Substitute,0,0,0,-1,,,,0,0,-1,,,,2025-06-02 04:53:23
13086,725864,529,away,1,3-4-3,1,0,13,146012,Johan Larsson,Substitute,0,1,389426,28,389426.0,4680.0,78',0,0,-1,,,,2025-05-12 04:49:54
13086,725864,529,away,1,3-4-3,1,0,14,403340,Kasper Berndtsson,Substitute,0,0,0,-1,,,,0,0,-1,,,,2025-05-12 04:49:54
13086,725865,8221,home,0,4-2-3-1,1,1,25,146116,Davor Blazevic,Goalkeeper,1,0,0,-1,,,,0,0,-1,,,,2025-05-12 04:49:54
13086,725865,8221,home,0,4-2-3-1,1,1,21,302691,Alex Timossi Andersson,Right Back,2,0,0,-1,,,,0,0,-1,,,,2025-05-12 04:49:54
13086,725865,8221,home,0,4-2-3-1,1,1,6,313932,Oliver Zandén,Left Back,3,0,0,-1,,,,1,402477,34,402477.0,5280.0,88',2025-06-02 04:53:23
13086,725865,8221,home,0,4-2-3-1,1,1,27,347458,Kaare Barslund,Left Midfielder,4,0,0,-1,,,,1,257624,24,257624.0,2700.0,45',2025-05-12 04:49:54
13086,725865,8221,home,0,4-2-3-1,1,1,2,306206,Hlynur Freyr Karlsson,Center Right Defender,5,0,0,-1,,,,0,0,-1,,,,2025-05-12 04:49:54
13086,725865,8221,home,0,4-2-3-1,1,1,3,162464,Even Hovland,Center Left Defender,6,0,0,-1,,,,0,0,-1,,,,2025-05-12 04:49:54
13086,725865,8221,home,0,4-2-3-1,1,1,19,243322,Daleho Irandust,Attacking Midfielder Right,7,0,0,-1,,,,0,0,-1,,,,2025-05-12 04:49:54
13086,725865,8221,home,0,4-2-3-1,1,1,10,356378,Wilmer Odefalk,Right Midfielder,8,0,0,-1,,,,1,274984,16,274984.0,3660.0,61',2025-05-12 04:49:54
13086,725865,8221,home,0,4-2-3-1,1,1,23,399426,Ezekiel Alladoh,Forward,9,0,0,-1,,,,0,0,-1,,,,2025-05-12 04:49:54
13086,725865,8221,home,0,4-2-3-1,1,1,31,399423,Love Arrhov,Attacking Midfielder,10,0,0,-1,,,,0,0,-1,,,,2025-05-12 04:49:54
13086,725865,8221,home,0,4-2-3-1,1,1,7,320883,Victor Lind,Attacking Midfielder Left,11,0,0,-1,,,,1,357143,17,357143.0,4800.0,80',2025-05-12 04:49:54
13086,725865,8221,home,0,4-2-3-1,1,0,20,354886,Martin Vetkal,Substitute,0,0,0,-1,,,,0,0,-1,,,,2025-05-12 04:49:54
13086,725865,8221,home,0,4-2-3-1,1,0,40,390019,Leo Cavallius,Substitute,0,0,0,-1,,,,0,0,-1,,,,2025-05-12 04:49:54
13086,725865,8221,home,0,4-2-3-1,1,0,77,321070,Frederik Christensen,Substitute,0,0,0,-1,,,,0,0,-1,,,,2025-06-02 04:53:23
13086,725865,8221,home,0,4-2-3-1,1,0,17,357143,Anton Kurochkin,Substitute,0,1,320883,7,320883.0,4800.0,80',0,0,-1,,,,2025-05-12 04:49:54
13086,725865,8221,home,0,4-2-3-1,1,0,16,274984,Adam Jakobsen,Substitute,0,1,356378,10,356378.0,3660.0,61',0,0,-1,,,,2025-05-12 04:49:54
13086,725865,8221,home,0,4-2-3-1,1,0,24,257624,Kevin Ackermann,Substitute,0,1,347458,27,347458.0,2700.0,45',0,0,-1,,,,2025-06-02 04:53:23
13086,725865,8221,home,0,4-2-3-1,1,0,32,399427,Oskar Cotton,Substitute,0,0,0,-1,,,,0,0,-1,,,,2025-05-12 04:49:54
13086,725865,8221,home,0,4-2-3-1,1,0,34,402477,David Isso,Substitute,0,1,313932,6,313932.0,5280.0,88',0,0,-1,,,,2025-05-12 04:49:54
13086,725865,8221,home,0,4-2-3-1,1,0,4,208616,Eric Bjorkander,Substitute,0,0,0,-1,,,,0,0,-1,,,,2025-05-12 04:49:54
13086,725865,3017,away,1,3-4-3,1,1,12,195094,Tim Erlandsson,Goalkeeper,1,0,0,-1,,,,0,0,-1,,,,2025-05-12 04:49:54
13086,725865,3017,away,1,3-4-3,1,1,11,357140,Villiam Granath,Right Midfielder,2,0,0,-1,,,,0,0,-1,,,,2025-05-12 04:49:54
13086,725865,3017,away,1,3-4-3,1,1,15,357505,Gustav Friberg,Left Midfielder,3,0,0,-1,,,,0,0,-1,,,,2025-05-12 04:49:54
13086,725865,3017,away,1,3-4-3,1,1,2,381647,Bleon Kurtulus,Center Left Defender,4,0,0,-1,,,,0,0,-1,,,,2025-05-12 04:49:54
13086,725865,3017,away,1,3-4-3,1,1,4,289329,Filip Schyberg,Center Defender,5,0,0,-1,,,,0,0,-1,,,,2025-05-12 04:49:54
13086,725865,3017,away,1,3-4-3,1,1,5,178687,Pascal Gregor,Center Right Defender,6,0,0,-1,,,,1,121282,21,121282.0,3660.0,61',2025-05-12 04:49:54
13086,725865,3017,away,1,3-4-3,1,1,6,147211,Joel Allansson,Center Right Midfielder,7,0,0,-1,,,,0,0,-1,,,,2025-05-12 04:49:54
13086,725865,3017,away,1,3-4-3,1,1,25,321176,Aleksander Damnjanovic,Center Left Midfielder,8,0,0,-1,,,,0,0,-1,,,,2025-06-02 04:53:23
13086,725865,3017,away,1,3-4-3,1,1,9,329971,Yannick Agnero,Forward,9,0,0,-1,,,,1,159454,14,159454.0,4440.0,74',2025-05-12 04:49:54
13086,725865,3017,away,1,3-4-3,1,1,29,399508,Erik Arvidsson,Center Right Forward,10,0,0,-1,,,,1,237843,13,237843.0,3420.0,57',2025-05-12 04:49:54
13086,725865,3017,away,1,3-4-3,1,1,7,289218,Birnir Snær Ingason,Center Left Forward,11,0,0,-1,,,,1,289719,8,289719.0,3360.0,56',2025-05-12 04:49:54
13086,725865,3017,away,1,3-4-3,1,0,10,356384,Albin Ahlstrand,Substitute,0,0,0,-1,,,,0,0,-1,,,,2025-05-12 04:49:54
13086,725865,3017,away,1,3-4-3,1,0,20,317094,Pawel Chrupalla,Substitute,0,0,0,-1,,,,0,0,-1,,,,2025-05-12 04:49:54
13086,725865,3017,away,1,3-4-3,1,0,8,289719,Niilo Mäenpää,Substitute,0,1,289218,7,289218.0,3360.0,56',0,0,-1,,,,2025-06-02 04:53:23
13086,725865,3017,away,1,3-4-3,1,0,26,359293,Mans Andersson,Substitute,0,0,0,-1,,,,0,0,-1,,,,2025-05-12 04:49:54
13086,725865,3017,away,1,3-4-3,1,0,1,264481,Tim Rönning,Substitute,0,0,0,-1,,,,0,0,-1,,,,2025-05-12 04:49:54
13086,725865,3017,away,1,3-4-3,1,0,13,237843,Gíisli Eyjólfsson,Substitute,0,1,399508,29,399508.0,3420.0,57',0,0,-1,,,,2025-06-02 04:53:23
13086,725865,3017,away,1,3-4-3,1,0,14,159454,Blair Turgott,Substitute,0,1,329971,9,329971.0,4440.0,74',0,0,-1,,,,2025-05-12 04:49:54
13086,725865,3017,away,1,3-4-3,1,0,32,403402,Oliver Kapsimalis,Substitute,0,0,0,-1,,,,0,0,-1,,,,2025-05-12 04:49:54
13086,725865,3017,away,1,3-4-3,1,0,21,121282,Marcus Olsson,Substitute,0,1,178687,5,178687.0,3660.0,61',0,0,-1,,,,2025-06-02 04:53:23
13086,725866,2339,home,0,4-2-3-1,1,1,35,203266,Jacob Rinne,Goalkeeper,1,0,0,-1,,,,0,0,-1,,,,2025-05-17 04:49:27
13086,725866,2339,home,0,4-2-3-1,1,1,12,357136,Theo Bergvall,Right Back,2,0,0,-1,,,,0,0,-1,,,,2025-05-17 04:49:27
13086,725866,2339,home,0,4-2-3-1,1,1,27,371596,Keita Kosugi,Left Back,3,0,0,-1,,,,0,0,-1,,,,2025-05-17 04:49:27
13086,725866,2339,home,0,4-2-3-1,1,1,13,334021,Daniel Stensson,Left Midfielder,4,0,0,-1,,,,1,272148,14,272148.0,4560.0,76',2025-05-17 04:49:27
13086,725866,2339,home,0,4-2-3-1,1,1,5,289721,Miro Tenho,Center Right Defender,5,0,0,-1,,,,0,0,-1,,,,2025-05-17 04:49:27
13086,725866,2339,home,0,4-2-3-1,1,1,3,172855,Marcus Danielson,Center Left Defender,6,0,0,-1,,,,0,0,-1,,,,2025-06-02 04:53:23
13086,725866,2339,home,0,4-2-3-1,1,1,29,275575,Santeri Haarala,Attacking Midfielder Right,7,0,0,-1,,,,1,350206,32,350206.0,4560.0,76',2025-05-17 04:49:27
13086,725866,2339,home,0,4-2-3-1,1,1,20,364226,Matias Siltanen,Right Midfielder,8,0,0,-1,,,,0,0,-1,,,,2025-05-17 04:49:27
13086,725866,2339,home,0,4-2-3-1,1,1,10,164556,Tokmac Nguen,Forward,9,0,0,-1,,,,1,368579,25,368579.0,5040.0,84',2025-05-17 04:49:27
13086,725866,2339,home,0,4-2-3-1,1,1,7,295863,Tobias Gulliksen,Attacking Midfielder,10,0,0,-1,,,,0,0,-1,,,,2025-06-02 04:53:23
13086,725866,2339,home,0,4-2-3-1,1,1,9,330460,August Priske,Attacking Midfielder Left,11,0,0,-1,,,,1,237053,4,237053.0,5040.0,84',2025-05-17 04:49:27
13086,725866,2339,home,0,4-2-3-1,1,0,45,219533,Filip Manojlovic,Substitute,0,0,0,-1,,,,0,0,-1,,,,2025-05-17 04:49:27
13086,725866,2339,home,0,4-2-3-1,1,0,31,403140,Ahmed Saeed,Substitute,0,0,0,-1,,,,0,0,-1,,,,2025-05-17 04:49:27
13086,725866,2339,home,0,4-2-3-1,1,0,36,380775,Alieu Atlee Manneh,Substitute,0,0,0,-1,,,,0,0,-1,,,,2025-05-17 04:49:27
13086,725866,2339,home,0,4-2-3-1,1,0,25,368579,Kalipha Jawla,Substitute,0,1,164556,10,164556.0,5040.0,84',0,0,-1,,,,2025-05-17 04:49:27
13086,725866,2339,home,0,4-2-3-1,1,0,19,357204,Viktor Bergh,Substitute,0,0,0,-1,,,,0,0,-1,,,,2025-05-17 04:49:27
13086,725866,2339,home,0,4-2-3-1,1,0,32,350206,Isak Alemayehu,Substitute,0,1,275575,29,275575.0,4560.0,76',0,0,-1,,,,2025-05-17 04:49:27
13086,725866,2339,home,0,4-2-3-1,1,0,14,272148,Hampus Finndell,Substitute,0,1,334021,13,334021.0,4560.0,76',0,0,-1,,,,2025-05-17 04:49:27
13086,725866,2339,home,0,4-2-3-1,1,0,4,237053,Jacob Une,Substitute,0,1,330460,9,330460.0,5040.0,84',0,0,-1,,,,2025-06-02 04:53:23
13086,725866,2339,home,0,4-2-3-1,1,0,34,236989,Alexander Anderson,Substitute,0,0,0,-1,,,,0,0,-1,,,,2025-05-17 04:49:27
13086,725866,20301,away,1,3-4-3,1,1,1,301377,Noel Törnqvist,Goalkeeper,1,0,0,-1,,,,0,0,-1,,,,2025-06-02 04:53:23
13086,725866,20301,away,1,3-4-3,1,1,14,312876,Herman Johansson,Right Midfielder,2,0,0,-1,,,,1,346501,27,346501.0,4920.0,82',2025-05-17 04:49:27
13086,725866,20301,away,1,3-4-3,1,1,11,269109,Timo Stavitski,Left Midfielder,3,0,0,-1,,,,1,303651,7,303651.0,3840.0,64',2025-05-17 04:49:27
13086,725866,20301,away,1,3-4-3,1,1,24,172917,Tom Pettersson,Center Left Defender,4,0,0,-1,,,,0,0,-1,,,,2025-05-17 04:49:27
13086,725866,20301,away,1,3-4-3,1,1,5,356281,Abdullah Iqbal,Center Defender,5,0,0,-1,,,,0,0,-1,,,,2025-05-17 04:49:27
13086,725866,20301,away,1,3-4-3,1,1,4,306289,Axel Norén,Center Right Defender,6,0,0,-1,,,,0,0,-1,,,,2025-05-17 04:49:27
13086,725866,20301,away,1,3-4-3,1,1,22,192793,Jesper Gustavsson,Center Right Midfielder,7,0,0,-1,,,,0,0,-1,,,,2025-05-17 04:49:27
13086,725866,20301,away,1,3-4-3,1,1,10,249171,Nicklas Rojkjaer,Center Left Midfielder,8,0,0,-1,,,,1,389637,39,389637.0,5400.0,90'+3',2025-05-17 04:49:27
13086,725866,20301,away,1,3-4-3,1,1,19,380320,Abdoulie Manneh,Forward,9,0,0,-1,,,,1,301382,16,301382.0,4920.0,82',2025-05-17 04:49:27
13086,725866,20301,away,1,3-4-3,1,1,17,357145,Elliot Stroud,Center Right Forward,10,0,0,-1,,,,0,0,-1,,,,2025-05-17 04:49:27
13086,725866,20301,away,1,3-4-3,1,1,6,356408,Ludwig Malachowski,Center Left Forward,11,0,0,-1,,,,1,293925,18,293925.0,2700.0,45',2025-06-02 04:53:23
13086,725866,20301,away,1,3-4-3,1,0,16,301382,Alexander Johansson,Substitute,0,1,380320,19,380320.0,4920.0,82',0,0,-1,,,,2025-05-17 04:49:27
13086,725866,20301,away,1,3-4-3,1,0,7,303651,Viktor Gustafson,Substitute,0,1,269109,11,269109.0,3840.0,64',0,0,-1,,,,2025-05-17 04:49:27
13086,725866,20301,away,1,3-4-3,1,0,39,389637,Romeo Leandersson,Substitute,0,1,249171,10,249171.0,5400.0,90'+3',0,0,-1,,,,2025-05-17 04:49:27
13086,725866,20301,away,1,3-4-3,1,0,35,151931,Alexander Lundin,Substitute,0,0,0,-1,,,,0,0,-1,,,,2025-05-17 04:49:27
13086,725866,20301,away,1,3-4-3,1,0,15,361860,Bork Bang-Kittilsen,Substitute,0,0,0,-1,,,,0,0,-1,,,,2025-05-17 04:49:27
13086,725866,20301,away,1,3-4-3,1,0,26,357118,Uba Charles,Substitute,0,0,0,-1,,,,0,0,-1,,,,2025-05-17 04:49:27
13086,725866,20301,away,1,3-4-3,1,0,18,293925,Jacob Bergstrom,Substitute,0,1,356408,6,356408.0,2700.0,45',0,0,-1,,,,2025-05-17 04:49:27
13086,725866,20301,away,1,3-4-3,1,0,25,346502,Argjend Miftari,Substitute,0,0,0,-1,,,,0,0,-1,,,,2025-05-17 04:49:27
13086,725866,20301,away,1,3-4-3,1,0,27,346501,Ludvig Tidstrand,Substitute,0,1,312876,14,312876.0,4920.0,82',0,0,-1,,,,2025-05-17 04:49:27
13086,725867,3017,home,0,3-4-3,1,1,12,195094,Tim Erlandsson,Goalkeeper,1,0,0,-1,,,,0,0,-1,,,,2025-05-15 04:51:24
13086,725867,3017,home,0,3-4-3,1,1,11,357140,Villiam Granath,Right Midfielder,2,0,0,-1,,,,0,0,-1,,,,2025-05-15 04:51:24
13086,725867,3017,home,0,3-4-3,1,1,15,357505,Gustav Friberg,Left Midfielder,3,0,0,-1,,,,0,0,-1,,,,2025-05-15 04:51:24
13086,725867,3017,home,0,3-4-3,1,1,2,381647,Bleon Kurtulus,Center Left Defender,4,0,0,-1,,,,0,0,-1,,,,2025-05-15 04:51:24
13086,725867,3017,home,0,3-4-3,1,1,4,289329,Filip Schyberg,Center Defender,5,0,0,-1,,,,0,0,-1,,,,2025-05-15 04:51:24
13086,725867,3017,home,0,3-4-3,1,1,3,357142,Gabriel Wallentin,Center Right Defender,6,0,0,-1,,,,1,399508,29,399508.0,4140.0,69',2025-05-15 04:51:24
13086,725867,3017,home,0,3-4-3,1,1,6,147211,Joel Allansson,Center Right Midfielder,7,0,0,-1,,,,0,0,-1,,,,2025-05-15 04:51:24
13086,725867,3017,home,0,3-4-3,1,1,25,321176,Aleksander Damnjanovic,Center Left Midfielder,8,0,0,-1,,,,0,0,-1,,,,2025-06-02 04:53:23
13086,725867,3017,home,0,3-4-3,1,1,9,329971,Yannick Agnero,Forward,9,0,0,-1,,,,0,0,-1,,,,2025-05-15 04:51:24
13086,725867,3017,home,0,3-4-3,1,1,18,357130,Naeem Mohammed,Center Right Forward,10,0,0,-1,,,,1,159454,14,159454.0,5100.0,85',2025-05-15 04:51:24
13086,725867,3017,home,0,3-4-3,1,1,8,289719,Niilo Mäenpää,Center Left Forward,11,0,0,-1,,,,1,121282,21,121282.0,4140.0,69',2025-06-02 04:53:23
13086,725867,3017,home,0,3-4-3,1,0,26,359293,Mans Andersson,Substitute,0,0,0,-1,,,,0,0,-1,,,,2025-05-15 04:51:24
13086,725867,3017,home,0,3-4-3,1,0,10,356384,Albin Ahlstrand,Substitute,0,0,0,-1,,,,0,0,-1,,,,2025-05-15 04:51:24
13086,725867,3017,home,0,3-4-3,1,0,29,399508,Erik Arvidsson,Substitute,0,1,357142,3,357142.0,4140.0,69',0,0,-1,,,,2025-05-15 04:51:24
13086,725867,3017,home,0,3-4-3,1,0,7,289218,Birnir Snær Ingason,Substitute,0,0,0,-1,,,,0,0,-1,,,,2025-05-15 04:51:24
13086,725867,3017,home,0,3-4-3,1,0,1,264481,Tim Rönning,Substitute,0,0,0,-1,,,,0,0,-1,,,,2025-05-15 04:51:24
13086,725867,3017,home,0,3-4-3,1,0,13,237843,Gíisli Eyjólfsson,Substitute,0,0,0,-1,,,,0,0,-1,,,,2025-06-02 04:53:23
13086,725867,3017,home,0,3-4-3,1,0,14,159454,Blair Turgott,Substitute,0,1,357130,18,357130.0,5100.0,85',0,0,-1,,,,2025-05-15 04:51:24
13086,725867,3017,home,0,3-4-3,1,0,21,121282,Marcus Olsson,Substitute,0,1,289719,8,289719.0,4140.0,69',0,0,-1,,,,2025-06-02 04:53:23
13086,725867,3017,home,0,3-4-3,1,0,20,317094,Pawel Chrupalla,Substitute,0,0,0,-1,,,,0,0,-1,,,,2025-05-15 04:51:24
13086,725867,8222,away,1,4-3-3,1,1,1,312877,Mergim Krasniqi,Goalkeeper,1,0,0,-1,,,,0,0,-1,,,,2025-05-15 04:51:24
13086,725867,8222,away,1,4-3-3,1,1,12,356377,Robin Frej,Right Back,2,0,0,-1,,,,0,0,-1,,,,2025-05-15 04:51:24
13086,725867,8222,away,1,4-3-3,1,1,2,400217,Matteo de Brienne,Left Back,3,0,0,-1,,,,1,378806,6,378806.0,5400.0,90',2025-06-02 04:53:23
13086,725867,8222,away,1,4-3-3,1,1,7,378811,Joackim Åberg,Center Midfielder,4,0,0,-1,,,,1,313931,18,313931.0,4320.0,72',2025-05-15 04:51:24
13086,725867,8222,away,1,4-3-3,1,1,22,378820,Anes Cardaklija,Center Right Defender,5,0,0,-1,,,,0,0,-1,,,,2025-05-15 04:51:24
13086,725867,8222,away,1,4-3-3,1,1,4,333728,Oskar Ågren,Center Left Defender,6,0,0,-1,,,,0,0,-1,,,,2025-06-02 04:53:23
13086,725867,8222,away,1,4-3-3,1,1,9,378816,Gustav Lundgren,Right Midfielder,7,0,0,-1,,,,0,0,-1,,,,2025-05-15 04:51:24
13086,725867,8222,away,1,4-3-3,1,1,32,359795,Harun Ibrahim,Left Midfielder,8,0,0,-1,,,,0,0,-1,,,,2025-05-15 04:51:24
13086,725867,8222,away,1,4-3-3,1,1,19,308726,Ibrahim Diabate,Forward,9,0,0,-1,,,,1,235766,28,235766.0,5400.0,90',2025-05-15 04:51:24
13086,725867,8222,away,1,4-3-3,1,1,16,400221,Rasmus Niklasson Petrovic,Right Forward,10,0,0,-1,,,,1,334033,11,334033.0,4320.0,72',2025-05-15 04:51:24
13086,725867,8222,away,1,4-3-3,1,1,26,241105,Chovanie Amatkarijo,Left Forward,11,0,0,-1,,,,1,379955,14,379955.0,5040.0,84',2025-05-15 04:51:24
13086,725867,8222,away,1,4-3-3,1,0,5,379958,Robin Wendin Thomasson,Substitute,0,0,0,-1,,,,0,0,-1,,,,2025-06-02 04:53:23
13086,725867,8222,away,1,4-3-3,1,0,14,379955,Filip Gustafsson,Substitute,0,1,241105,26,241105.0,5040.0,84',0,0,-1,,,,2025-05-15 04:51:24
13086,725867,8222,away,1,4-3-3,1,0,24,378826,Filip Beckman,Substitute,0,0,0,-1,,,,0,0,-1,,,,2025-05-15 04:51:24
13086,725867,8222,away,1,4-3-3,1,0,11,334033,Edvin Becirovic,Substitute,0,1,400221,16,400221.0,4320.0,72',0,0,-1,,,,2025-05-15 04:51:24
13086,725867,8222,away,1,4-3-3,1,0,13,360878,Kees Sims,Substitute,0,0,0,-1,,,,0,0,-1,,,,2025-05-15 04:51:24
13086,725867,8222,away,1,4-3-3,1,0,10,347031,Amin Boudri,Substitute,0,0,0,-1,,,,0,0,-1,,,,2025-05-15 04:51:24
13086,725867,8222,away,1,4-3-3,1,0,28,235766,Lucas Hedlund,Substitute,0,1,308726,19,308726.0,5400.0,90',0,0,-1,,,,2025-05-15 04:51:24
13086,725867,8222,away,1,4-3-3,1,0,18,313931,Kevin Holmén,Substitute,0,1,378811,7,378811.0,4320.0,72',0,0,-1,,,,2025-06-02 04:53:23
13086,725867,8222,away,1,4-3-3,1,0,6,378806,August Wängberg,Substitute,0,1,400217,2,400217.0,5400.0,90',0,0,-1,,,,2025-05-15 04:51:24
13086,725868,529,home,1,3-4-3,1,1,1,400222,Simon Eriksson,Goalkeeper,1,0,0,-1,,,,0,0,-1,,,,2025-05-17 04:49:27
13086,725868,529,home,1,3-4-3,1,1,15,173040,Simon Hedlund,Right Midfielder,2,0,0,-1,,,,0,0,-1,,,,2025-05-17 04:49:27
13086,725868,529,home,1,3-4-3,1,1,23,134644,Niklas Hult,Left Midfielder,3,0,0,-1,,,,0,0,-1,,,,2025-05-17 04:49:27
13086,725868,529,home,1,3-4-3,1,1,2,380023,Terry Yegbe,Center Left Defender,4,0,0,-1,,,,0,0,-1,,,,2025-05-17 04:49:27
13086,725868,529,home,1,3-4-3,1,1,8,194092,Sebastian Holmén,Center Defender,5,0,0,-1,,,,0,0,-1,,,,2025-05-17 04:49:27
13086,725868,529,home,1,3-4-3,1,1,6,286729,Rasmus Wikstrom,Center Right Defender,6,0,0,-1,,,,1,341452,29,341452.0,4620.0,77',2025-05-17 04:49:27
13086,725868,529,home,1,3-4-3,1,1,27,334024,Besfort Zeneli,Center Right Midfielder,7,0,0,-1,,,,0,0,-1,,,,2025-05-17 04:49:27
13086,725868,529,home,1,3-4-3,1,1,10,245883,Simon Olsson,Center Left Midfielder,8,0,0,-1,,,,0,0,-1,,,,2025-05-17 04:49:27
13086,725868,529,home,1,3-4-3,1,1,24,304180,Frederik Ihler,Forward,9,0,0,-1,,,,1,240486,19,240486.0,5280.0,88',2025-05-17 04:49:27
13086,725868,529,home,1,3-4-3,1,1,25,342093,Ari Sigurpálsson,Center Right Forward,10,0,0,-1,,,,1,388173,21,388173.0,3240.0,54',2025-05-17 04:49:27
13086,725868,529,home,1,3-4-3,1,1,20,362584,Gottfrid Rapp,Center Left Forward,11,0,0,-1,,,,1,146012,13,146012.0,3240.0,54',2025-05-17 04:49:27
13086,725868,529,home,1,3-4-3,1,0,16,402326,Altti Hellemaa,Substitute,0,0,0,-1,,,,0,0,-1,,,,2025-05-17 04:49:27
13086,725868,529,home,1,3-4-3,1,0,26,380321,Ludvig Richtnér,Substitute,0,0,0,-1,,,,0,0,-1,,,,2025-05-17 04:49:27
13086,725868,529,home,1,3-4-3,1,0,28,389426,Frode Aronsson,Substitute,0,0,0,-1,,,,0,0,-1,,,,2025-05-17 04:49:27
13086,725868,529,home,1,3-4-3,1,0,21,388173,Leo Östman,Substitute,0,1,342093,25,342093.0,3240.0,54',0,0,-1,,,,2025-05-17 04:49:27
13086,725868,529,home,1,3-4-3,1,0,29,341452,Ibrahim Buhari,Substitute,0,1,286729,6,286729.0,4620.0,77',0,0,-1,,,,2025-05-17 04:49:27
13086,725868,529,home,1,3-4-3,1,0,19,240486,Rami Kaib,Substitute,0,1,304180,24,304180.0,5280.0,88',0,0,-1,,,,2025-05-17 04:49:27
13086,725868,529,home,1,3-4-3,1,0,4,202682,Daniel Granli,Substitute,0,0,0,-1,,,,0,0,-1,,,,2025-05-17 04:49:27
13086,725868,529,home,1,3-4-3,1,0,30,176191,Lucas Hägg Johansson,Substitute,0,0,0,-1,,,,0,0,-1,,,,2025-06-02 04:53:23
13086,725868,529,home,1,3-4-3,1,0,13,146012,Johan Larsson,Substitute,0,1,362584,20,362584.0,3240.0,54',0,0,-1,,,,2025-05-17 04:49:27
13086,725868,8221,away,0,4-2-3-1,1,1,25,146116,Davor Blazevic,Goalkeeper,1,0,0,-1,,,,0,0,-1,,,,2025-05-17 04:49:27
13086,725868,8221,away,0,4-2-3-1,1,1,21,302691,Alex Timossi Andersson,Right Back,2,0,0,-1,,,,0,0,-1,,,,2025-05-17 04:49:27
13086,725868,8221,away,0,4-2-3-1,1,1,6,313932,Oliver Zandén,Left Back,3,0,0,-1,,,,0,0,-1,,,,2025-06-02 04:53:23
13086,725868,8221,away,0,4-2-3-1,1,1,10,356378,Wilmer Odefalk,Left Midfielder,4,0,0,-1,,,,0,0,-1,,,,2025-05-17 04:49:27
13086,725868,8221,away,0,4-2-3-1,1,1,2,306206,Hlynur Freyr Karlsson,Center Right Defender,5,0,0,-1,,,,0,0,-1,,,,2025-05-17 04:49:27
13086,725868,8221,away,0,4-2-3-1,1,1,3,162464,Even Hovland,Center Left Defender,6,0,0,-1,,,,0,0,-1,,,,2025-05-17 04:49:27
13086,725868,8221,away,0,4-2-3-1,1,1,19,243322,Daleho Irandust,Attacking Midfielder Right,7,0,0,-1,,,,0,0,-1,,,,2025-05-17 04:49:27
13086,725868,8221,away,0,4-2-3-1,1,1,24,257624,Kevin Ackermann,Right Midfielder,8,0,0,-1,,,,1,134643,39,134643.0,4800.0,80',2025-06-02 04:53:23
13086,725868,8221,away,0,4-2-3-1,1,1,23,399426,Ezekiel Alladoh,Forward,9,0,0,-1,,,,0,0,-1,,,,2025-05-17 04:49:27
13086,725868,8221,away,0,4-2-3-1,1,1,16,274984,Adam Jakobsen,Attacking Midfielder,10,0,0,-1,,,,1,251486,5,251486.0,4380.0,73',2025-05-17 04:49:27
13086,725868,8221,away,0,4-2-3-1,1,1,7,320883,Victor Lind,Attacking Midfielder Left,11,0,0,-1,,,,0,0,-1,,,,2025-05-17 04:49:27
13086,725868,8221,away,0,4-2-3-1,1,0,33,399428,Sion Oppong,Substitute,0,0,0,-1,,,,0,0,-1,,,,2025-05-17 04:49:27
13086,725868,8221,away,0,4-2-3-1,1,0,40,390019,Leo Cavallius,Substitute,0,0,0,-1,,,,0,0,-1,,,,2025-05-17 04:49:27
13086,725868,8221,away,0,4-2-3-1,1,0,17,357143,Anton Kurochkin,Substitute,0,0,0,-1,,,,0,0,-1,,,,2025-05-17 04:49:27
13086,725868,8221,away,0,4-2-3-1,1,0,4,208616,Eric Bjorkander,Substitute,0,0,0,-1,,,,0,0,-1,,,,2025-05-17 04:49:27
13086,725868,8221,away,0,4-2-3-1,1,0,20,354886,Martin Vetkal,Substitute,0,0,0,-1,,,,0,0,-1,,,,2025-05-17 04:49:27
13086,725868,8221,away,0,4-2-3-1,1,0,27,347458,Kaare Barslund,Substitute,0,0,0,-1,,,,0,0,-1,,,,2025-05-17 04:49:27
13086,725868,8221,away,0,4-2-3-1,1,0,77,321070,Frederik Christensen,Substitute,0,0,0,-1,,,,0,0,-1,,,,2025-06-02 04:53:23
13086,725868,8221,away,0,4-2-3-1,1,0,5,251486,Serge-Junior Martinsson Ngouali,Substitute,0,1,274984,16,274984.0,4380.0,73',0,0,-1,,,,2025-06-02 04:53:23
13086,725868,8221,away,0,4-2-3-1,1,0,39,134643,Nabil Bahoui,Substitute,0,1,257624,24,257624.0,4800.0,80',0,0,-1,,,,2025-05-17 04:49:27
13086,725869,2495,home,1,4-2-3-1,1,1,1,170727,Warner Hahn,Goalkeeper,1,0,0,-1,,,,0,0,-1,,,,2025-05-15 04:51:24
13086,725869,2495,home,1,4-2-3-1,1,1,2,382504,Hampus Skoglund,Right Back,2,0,0,-1,,,,0,0,-1,,,,2025-06-02 04:53:23
13086,725869,2495,home,1,4-2-3-1,1,1,21,269195,Simon Strand,Left Back,3,0,0,-1,,,,1,399509,13,399509.0,5400.0,90'+1',2025-05-15 04:51:24
13086,725869,2495,home,1,4-2-3-1,1,1,34,396022,Wilson Lindberg Uhrström,Left Midfielder,4,0,0,-1,,,,1,210020,22,,,,2025-06-02 04:53:23
13086,725869,2495,home,1,4-2-3-1,1,1,4,334038,Victor Eriksson,Center Right Defender,5,0,0,-1,,,,0,0,-1,,,,2025-05-15 04:51:24
13086,725869,2495,home,1,4-2-3-1,1,1,6,249160,Pavle Vagic,Center Left Defender,6,0,0,-1,,,,0,0,-1,,,,2025-05-15 04:51:24
13086,725869,2495,home,1,4-2-3-1,1,1,26,312880,Montader Madjed,Attacking Midfielder Right,7,0,0,-1,,,,1,313464,17,,,,2025-05-15 04:51:24
13086,725869,2495,home,1,4-2-3-1,1,1,8,22967,Markus Karlsson,Right Midfielder,8,0,0,-1,,,,0,0,-1,,,,2025-05-15 04:51:24
13086,725869,2495,home,1,4-2-3-1,1,1,23,313974,Abdelrahman Boudah Saidi,Forward,9,0,0,-1,,,,1,359099,29,359099.0,5400.0,90'+1',2025-06-02 04:53:23
13086,725869,2495,home,1,4-2-3-1,1,1,20,143585,Nahir Besara,Attacking Midfielder,10,0,0,-1,,,,0,0,-1,,,,2025-05-15 04:51:24
13086,725869,2495,home,1,4-2-3-1,1,1,18,303702,Sebastian Tounekti,Attacking Midfielder Left,11,0,0,-1,,,,1,303670,7,303670.0,3360.0,56',2025-05-15 04:51:24
13086,725869,2495,home,1,4-2-3-1,1,0,7,303670,Paulos Abraham,Substitute,0,1,303702,18,303702.0,3360.0,56',0,0,-1,,,,2025-05-15 04:51:24
13086,725869,2495,home,1,4-2-3-1,1,0,29,359099,Elohim Kaboré,Substitute,0,1,313974,23,313974.0,5400.0,90'+1',0,0,-1,,,,2025-06-02 04:53:23
13086,725869,2495,home,1,4-2-3-1,1,0,15,380970,Adrian Lahdo,Substitute,0,0,0,-1,,,,0,0,-1,,,,2025-05-15 04:51:24
13086,725869,2495,home,1,4-2-3-1,1,0,16,380971,Gent Elezaj,Substitute,0,0,0,-1,,,,0,0,-1,,,,2025-05-15 04:51:24
13086,725869,2495,home,1,4-2-3-1,1,0,27,301372,Felix Jakobsson,Substitute,0,0,0,-1,,,,0,0,-1,,,,2025-05-15 04:51:24
13086,725869,2495,home,1,4-2-3-1,1,0,22,210020,Jacob Ouro Ortmark,Substitute,0,1,396022,34,396022.0,3360.0,56',0,0,-1,,,,2025-06-02 04:53:23
13086,725869,2495,home,1,4-2-3-1,1,0,13,399509,Jonathan Karlsson,Substitute,0,1,269195,21,269195.0,5400.0,90'+1',0,0,-1,,,,2025-05-15 04:51:24
13086,725869,2495,home,1,4-2-3-1,1,0,17,313464,Ibrahima Fofana,Substitute,0,1,312880,26,312880.0,4680.0,78',0,0,-1,,,,2025-06-08 05:13:01
13086,725869,8547,away,0,4-3-3,1,1,1,313973,Ismael Diawara,Goalkeeper,1,0,0,-1,,,,0,0,-1,,,,2025-06-02 04:53:23
13086,725869,8547,away,0,4-3-3,1,1,13,298341,Jakob Voelkerling Persson,Right Back,2,0,0,-1,,,,1,359495,36,359495.0,4680.0,78',2025-05-15 04:51:24
13086,725869,8547,away,0,4-3-3,1,1,21,235518,Dennis Widgren,Left Back,3,0,0,-1,,,,1,342596,33,342596.0,3900.0,65',2025-05-15 04:51:24
13086,725869,8547,away,0,4-3-3,1,1,10,358564,Melker Heier,Center Midfielder,4,0,0,-1,,,,0,0,-1,,,,2025-05-15 04:51:24
13086,725869,8547,away,0,4-3-3,1,1,5,25076,Tobias Carlsson,Center Right Defender,5,0,0,-1,,,,0,0,-1,,,,2025-05-15 04:51:24
13086,725869,8547,away,0,4-3-3,1,1,15,186504,Simon Sandberg,Center Left Defender,6,0,0,-1,,,,0,0,-1,,,,2025-05-15 04:51:24
13086,725869,8547,away,0,4-3-3,1,1,14,323176,Leo Walta,Right Midfielder,7,0,0,-1,,,,0,0,-1,,,,2025-05-15 04:51:24
13086,725869,8547,away,0,4-3-3,1,1,17,15527,Marcus Lindberg,Left Midfielder,8,0,0,-1,,,,0,0,-1,,,,2025-05-15 04:51:24
13086,725869,8547,away,0,4-3-3,1,1,9,322993,Robbie Ure,Forward,9,0,0,-1,,,,0,0,-1,,,,2025-05-15 04:51:24
13086,725869,8547,away,0,4-3-3,1,1,7,22706,Joakim Persson,Right Forward,10,0,0,-1,,,,1,299250,3,299250.0,4680.0,78',2025-05-15 04:51:24
13086,725869,8547,away,0,4-3-3,1,1,19,309271,Noel Milleskog,Left Forward,11,0,0,-1,,,,1,344867,29,344867.0,3900.0,65',2025-05-15 04:51:24
13086,725869,8547,away,0,4-3-3,1,0,24,401059,Victor Svensson,Substitute,0,0,0,-1,,,,0,0,-1,,,,2025-05-15 04:51:24
13086,725869,8547,away,0,4-3-3,1,0,20,382138,Victor Ekström,Substitute,0,0,0,-1,,,,0,0,-1,,,,2025-05-15 04:51:24
13086,725869,8547,away,0,4-3-3,1,0,36,359495,August Ljungberg,Substitute,0,1,298341,13,298341.0,4680.0,78',0,0,-1,,,,2025-05-15 04:51:24
13086,725869,8547,away,0,4-3-3,1,0,29,344867,Isak Bjerkebo,Substitute,0,1,309271,19,309271.0,3900.0,65',0,0,-1,,,,2025-05-15 04:51:24
13086,725869,8547,away,0,4-3-3,1,0,34,325348,David Celic,Substitute,0,0,0,-1,,,,0,0,-1,,,,2025-05-15 04:51:24
13086,725869,8547,away,0,4-3-3,1,0,18,315677,Adam Wikman,Substitute,0,0,0,-1,,,,0,0,-1,,,,2025-06-02 04:53:23
13086,725869,8547,away,0,4-3-3,1,0,8,311741,Andreas Pyndt,Substitute,0,0,0,-1,,,,0,0,-1,,,,2025-06-02 04:53:23
13086,725869,8547,away,0,4-3-3,1,0,3,299250,Bogdan Milovanov,Substitute,0,1,22706,7,22706.0,4680.0,78',0,0,-1,,,,2025-05-15 04:51:24
13086,725869,8547,away,0,4-3-3,1,0,33,342596,Saba Mamatsashvili,Substitute,0,1,235518,21,235518.0,3900.0,65',0,0,-1,,,,2025-05-15 04:51:24
13086,725870,7834,home,0,4-5-1,1,1,99,125312,Etrit Berisha,Goalkeeper,1,0,0,-1,,,,0,0,-1,,,,2025-05-16 04:55:23
13086,725870,7834,home,0,4-5-1,1,1,28,394448,Filip Öhman,Right Back,2,0,0,-1,,,,1,330551,17,330551.0,4800.0,80',2025-05-16 04:55:23
13086,725870,7834,home,0,4-5-1,1,1,13,361537,Sigge Jansson,Left Back,3,0,0,-1,,,,1,393324,44,393324.0,4800.0,80',2025-05-16 04:55:23
13086,725870,7834,home,0,4-5-1,1,1,10,239184,Mikkel Rygaard,Center Right Midfielder,4,0,0,-1,,,,0,0,-1,,,,2025-06-02 04:53:23
13086,725870,7834,home,0,4-5-1,1,1,8,355408,Silas Andersen,Center Right Defender,5,0,0,-1,,,,0,0,-1,,,,2025-05-16 04:55:23
13086,725870,7834,home,0,4-5-1,1,1,4,271086,Marius Lode,Center Left Defender,6,0,0,-1,,,,1,380234,22,380234.0,4080.0,68',2025-05-16 04:55:23
13086,725870,7834,home,0,4-5-1,1,1,39,364749,Isak Brusberg,Right Midfielder,7,0,0,-1,,,,0,0,-1,,,,2025-05-16 04:55:23
13086,725870,7834,home,0,4-5-1,1,1,16,357139,Pontus Dahbo,Center Left Midfielder,8,0,0,-1,,,,0,0,-1,,,,2025-05-16 04:55:23
13086,725870,7834,home,0,4-5-1,1,1,9,360958,Srdjan Hrstic,Forward,9,0,0,-1,,,,1,366143,19,366143.0,3540.0,59',2025-06-02 04:53:23
13086,725870,7834,home,0,4-5-1,1,1,15,356369,Samuel Leach Holm,Attacking Midfielder,10,0,0,-1,,,,0,0,-1,,,,2025-06-02 04:53:23
13086,725870,7834,home,0,4-5-1,1,1,11,378812,Julius Lindberg,Left Midfielder,11,0,0,-1,,,,1,366829,29,366829.0,2700.0,45',2025-05-16 04:55:23
13086,725870,7834,home,0,4-5-1,1,0,17,330551,Ben Engdahl,Substitute,0,1,394448,28,394448.0,4800.0,80',0,0,-1,,,,2025-05-16 04:55:23
13086,725870,7834,home,0,4-5-1,1,0,26,133980,Peter Abrahamsson,Substitute,0,0,0,-1,,,,0,0,-1,,,,2025-05-16 04:55:23
13086,725870,7834,home,0,4-5-1,1,0,19,366143,John Paul Dembe,Substitute,0,1,360958,9,360958.0,3540.0,59',0,0,-1,,,,2025-05-16 04:55:23
13086,725870,7834,home,0,4-5-1,1,0,29,366829,Severin Nioule,Substitute,0,1,378812,11,378812.0,2700.0,45',0,0,-1,,,,2025-05-16 04:55:23
13086,725870,7834,home,0,4-5-1,1,0,22,380234,Nikola Zecevic,Substitute,0,1,271086,4,271086.0,4080.0,68',0,0,-1,,,,2025-05-16 04:55:23
13086,725870,7834,home,0,4-5-1,1,0,44,393324,Harry Hilvenius,Substitute,0,1,361537,13,361537.0,4800.0,80',0,0,-1,,,,2025-05-16 04:55:23
13086,725870,7834,home,0,4-5-1,1,0,40,401297,Chris Jansson,Substitute,0,0,0,-1,,,,0,0,-1,,,,2025-05-16 04:55:23
13086,725870,994,away,0,3-5-2,1,1,15,133993,Kristoffer Nordfeldt,Goalkeeper,1,0,0,-1,,,,0,0,-1,,,,2025-05-16 04:55:23
13086,725870,994,away,0,3-5-2,1,1,17,229692,Mads Thychosen,Right Midfielder,2,0,0,-1,,,,0,0,-1,,,,2025-05-16 04:55:23
13086,725870,994,away,0,3-5-2,1,1,19,237759,Dino Besirovic,Left Midfielder,3,0,0,-1,,,,1,172923,22,172923.0,5400.0,90'+3',2025-05-16 04:55:23
13086,725870,994,away,0,3-5-2,1,1,3,258904,Thomas Isherwood,Center Left Defender,4,0,0,-1,,,,0,0,-1,,,,2025-06-02 04:53:23
13086,725870,994,away,0,3-5-2,1,1,4,223140,Sotiris Papagiannopoulos,Center Defender,5,0,0,-1,,,,0,0,-1,,,,2025-05-16 04:55:23
13086,725870,994,away,0,3-5-2,1,1,16,261614,Benjamin Tiedemann Hansen,Center Right Defender,6,0,0,-1,,,,1,222606,32,222606.0,2700.0,45',2025-06-02 04:53:23
13086,725870,994,away,0,3-5-2,1,1,8,236162,Johan Hove,Center Right Midfielder,7,0,0,-1,,,,1,346655,47,346655.0,4020.0,67',2025-05-16 04:55:23
13086,725870,994,away,0,3-5-2,1,1,7,193105,Anton Saletros,Center Left Midfielder,8,0,0,-1,,,,0,0,-1,,,,2025-05-16 04:55:23
13086,725870,994,away,0,3-5-2,1,1,10,215152,Bersant Celina,Center Left Forward,9,0,0,-1,,,,0,0,-1,,,,2025-05-16 04:55:23
13086,725870,994,away,0,3-5-2,1,1,11,146893,John Guidetti,Center Right Forward,10,0,0,-1,,,,1,305500,9,305500.0,4020.0,67',2025-05-16 04:55:23
13086,725870,994,away,0,3-5-2,1,1,5,325409,Kazper Karlsson,Attacking Midfielder,11,0,0,-1,,,,1,334029,43,334029.0,4020.0,67',2025-05-16 04:55:23
13086,725870,994,away,0,3-5-2,1,0,21,369996,Stanley Wilson,Substitute,0,0,0,-1,,,,0,0,-1,,,,2025-05-16 04:55:23
13086,725870,994,away,0,3-5-2,1,0,26,400799,Elvis Laan,Substitute,0,0,0,-1,,,,0,0,-1,,,,2025-05-16 04:55:23
13086,725870,994,away,0,3-5-2,1,0,22,172923,Jere Uronen,Substitute,0,1,237759,19,237759.0,5400.0,90'+3',0,0,-1,,,,2025-05-16 04:55:23
13086,725870,994,away,0,3-5-2,1,0,30,218410,Kalle Joelsson,Substitute,0,0,0,-1,,,,0,0,-1,,,,2025-05-16 04:55:23
13086,725870,994,away,0,3-5-2,1,0,32,222606,Filip Benkovic,Substitute,0,1,261614,16,,,,0,0,-1,,,,2025-05-16 04:55:23
13086,725870,994,away,0,3-5-2,1,0,9,305500,Andronikos Kakoulis,Substitute,0,1,146893,11,146893.0,4020.0,67',0,0,-1,,,,2025-05-16 04:55:23
13086,725870,994,away,0,3-5-2,1,0,43,334029,Victor Andersson,Substitute,0,1,325409,5,325409.0,4020.0,67',0,0,-1,,,,2025-05-16 04:55:23
13086,725870,994,away,0,3-5-2,1,0,47,346655,Alexander Fesshaie,Substitute,0,1,236162,8,236162.0,4020.0,67',0,0,-1,,,,2025-06-02 04:53:23
13086,725870,994,away,0,3-5-2,1,0,45,347636,Taha Ayari,Substitute,0,0,0,-1,,,,0,0,-1,,,,2025-05-16 04:55:23
13086,725871,2556,home,0,4-2-3-1,1,1,25,359784,Elis Bishesari,Goalkeeper,1,0,0,-1,,,,0,0,-1,,,,2025-05-22 01:18:28
13086,725871,2556,home,0,4-2-3-1,1,1,18,349811,Felix Eriksson,Right Back,2,0,0,-1,,,,1,343826,16,343826.0,5220.0,87',2025-05-22 01:18:28
13086,725871,2556,home,0,4-2-3-1,1,1,22,383948,Noah Tolf,Left Back,3,0,0,-1,,,,0,0,-1,,,,2025-05-22 01:18:28
13086,725871,2556,home,0,4-2-3-1,1,1,15,307947,David Kruse,Left Midfielder,4,0,0,-1,,,,0,0,-1,,,,2025-05-22 01:18:28
13086,725871,2556,home,0,4-2-3-1,1,1,5,220974,Jonas Bager,Center Right Defender,5,0,0,-1,,,,0,0,-1,,,,2025-05-22 01:18:28
13086,725871,2556,home,0,4-2-3-1,1,1,3,241163,August Erlingmark,Center Left Defender,6,0,0,-1,,,,0,0,-1,,,,2025-05-22 01:18:28
13086,725871,2556,home,0,4-2-3-1,1,1,17,252746,Eman Markovic,Attacking Midfielder Right,7,0,0,-1,,,,1,343958,29,343958.0,5220.0,87',2025-05-22 01:18:28
13086,725871,2556,home,0,4-2-3-1,1,1,21,313971,Adam Carlén,Right Midfielder,8,0,0,-1,,,,1,289882,23,289882.0,3900.0,65',2025-05-22 01:18:28
13086,725871,2556,home,0,4-2-3-1,1,1,9,303768,Max Fenger,Forward,9,0,0,-1,,,,0,0,-1,,,,2025-05-22 01:18:28
13086,725871,2556,home,0,4-2-3-1,1,1,8,297985,Imam Jagne,Attacking Midfielder,10,0,0,-1,,,,0,0,-1,,,,2025-06-02 04:53:23
13086,725871,2556,home,0,4-2-3-1,1,1,14,219163,Tobias Heintz,Attacking Midfielder Left,11,0,0,-1,,,,1,222784,30,222784.0,3900.0,65',2025-05-22 01:18:28
13086,725871,2556,home,0,4-2-3-1,1,0,12,403450,Linus Dahlgren,Substitute,0,0,0,-1,,,,0,0,-1,,,,2025-05-22 01:18:28
13086,725871,2556,home,0,4-2-3-1,1,0,13,83736,Gustav Svensson,Substitute,0,0,0,-1,,,,0,0,-1,,,,2025-05-22 01:18:28
13086,725871,2556,home,0,4-2-3-1,1,0,7,390390,Sebastian Clemmensen,Substitute,0,0,0,-1,,,,0,0,-1,,,,2025-05-22 01:18:28
13086,725871,2556,home,0,4-2-3-1,1,0,6,179771,Anders Trondsen,Substitute,0,0,0,-1,,,,0,0,-1,,,,2025-05-22 01:18:28
13086,725871,2556,home,0,4-2-3-1,1,0,26,380238,Benjamin Brantlind,Substitute,0,0,0,-1,,,,0,0,-1,,,,2025-05-22 01:18:28
13086,725871,2556,home,0,4-2-3-1,1,0,30,222784,Ramon Pascal Lundqvist,Substitute,0,1,219163,14,219163.0,3900.0,65',0,0,-1,,,,2025-06-02 04:53:23
13086,725871,2556,home,0,4-2-3-1,1,0,29,343958,Thomas Santos,Substitute,0,1,252746,17,252746.0,5220.0,87',0,0,-1,,,,2025-05-22 01:18:28
13086,725871,2556,home,0,4-2-3-1,1,0,16,343826,Linus Carlstrand,Substitute,0,1,349811,18,349811.0,5220.0,87',0,0,-1,,,,2025-05-22 01:18:28
13086,725871,2556,home,0,4-2-3-1,1,0,23,289882,Kolbeinn Thordarson,Substitute,0,1,313971,21,313971.0,3900.0,65',0,0,-1,,,,2025-05-22 01:18:28
13086,725871,2936,away,1,4-2-3-1,1,1,13,400366,Robin Wallinder,Goalkeeper,1,0,0,-1,,,,0,0,-1,,,,2025-05-22 01:18:28
13086,725871,2936,away,1,4-2-3-1,1,1,3,380190,Kingsley Gyamfi,Right Back,2,0,0,-1,,,,0,0,-1,,,,2025-05-22 01:18:28
13086,725871,2936,away,1,4-2-3-1,1,1,14,173508,Dennis Olsson,Left Back,3,0,0,-1,,,,0,0,-1,,,,2025-05-22 01:18:28
13086,725871,2936,away,1,4-2-3-1,1,1,7,302001,David Seger,Left Midfielder,4,0,0,-1,,,,1,311161,18,311161.0,4680.0,78',2025-05-22 01:18:28
13086,725871,2936,away,1,4-2-3-1,1,1,4,238435,Sebastian Starke Hedlund,Center Right Defender,5,0,0,-1,,,,0,0,-1,,,,2025-05-22 01:18:28
13086,725871,2936,away,1,4-2-3-1,1,1,15,316395,Ivan Kricak,Center Left Defender,6,0,0,-1,,,,0,0,-1,,,,2025-05-22 01:18:28
13086,725871,2936,away,1,4-2-3-1,1,1,19,289844,Matias Tamminen,Attacking Midfielder Right,7,0,0,-1,,,,1,349204,16,349204.0,4680.0,78',2025-05-22 01:18:28
13086,725871,2936,away,1,4-2-3-1,1,1,26,238868,Magnus Christensen,Right Midfielder,8,0,0,-1,,,,0,0,-1,,,,2025-05-22 01:18:28
13086,725871,2936,away,1,4-2-3-1,1,1,20,217300,Alibek Aliev,Forward,9,0,0,-1,,,,1,400372,22,400372.0,5400.0,90'+13',2025-05-22 01:18:28
13086,725871,2936,away,1,4-2-3-1,1,1,6,307747,Noah Soderberg,Attacking Midfielder,10,0,0,-1,,,,0,0,-1,,,,2025-05-22 01:18:28
13086,725871,2936,away,1,4-2-3-1,1,1,25,392578,Youssoupha Sanyang,Attacking Midfielder Left,11,0,0,-1,,,,0,0,-1,,,,2025-05-22 01:18:28
13086,725871,2936,away,1,4-2-3-1,1,0,32,400368,Carl Lundahl Persson,Substitute,0,0,0,-1,,,,0,0,-1,,,,2025-05-22 01:18:28
13086,725871,2936,away,1,4-2-3-1,1,0,22,400372,Oskar Gabrielsson,Substitute,0,1,217300,20,217300.0,5400.0,90'+13',0,0,-1,,,,2025-05-22 01:18:28
13086,725871,2936,away,1,4-2-3-1,1,0,17,399628,Vincent Poppler,Substitute,0,0,0,-1,,,,0,0,-1,,,,2025-05-22 01:18:28
13086,725871,2936,away,1,4-2-3-1,1,0,29,162497,Christian Kouakou,Substitute,0,0,0,-1,,,,0,0,-1,,,,2025-05-27 04:52:03
13086,725871,2936,away,1,4-2-3-1,1,0,16,349204,Raymond Adjei,Substitute,0,1,289844,19,289844.0,4680.0,78',0,0,-1,,,,2025-05-22 01:18:28
13086,725871,2936,away,1,4-2-3-1,1,0,10,312878,Albin Morfelt,Substitute,0,0,0,-1,,,,0,0,-1,,,,2025-05-22 01:18:28
13086,725871,2936,away,1,4-2-3-1,1,0,18,311161,Daniel Ljung,Substitute,0,1,302001,7,302001.0,4680.0,78',0,0,-1,,,,2025-05-22 01:18:28
13086,725871,2936,away,1,4-2-3-1,1,0,23,222639,Vladimir Rodic,Substitute,0,0,0,-1,,,,0,0,-1,,,,2025-05-22 01:18:28
13086,725871,2936,away,1,4-2-3-1,1,0,8,385181,Daniel Ask,Substitute,0,0,0,-1,,,,0,0,-1,,,,2025-05-22 01:18:28
13086,725872,8544,home,0,4-3-3,1,1,40,19242,David Andersson,Goalkeeper,1,0,0,-1,,,,0,0,-1,,,,2025-05-17 04:49:27
13086,725872,8544,home,0,4-3-3,1,1,24,334015,Anton Eriksson,Right Back,2,0,0,-1,,,,1,359167,3,359167.0,2700.0,45',2025-05-17 04:49:27
13086,725872,8544,home,0,4-3-3,1,1,21,334003,Jesper Ceesay,Left Back,3,0,0,-1,,,,1,364988,25,364988.0,5400.0,90'+5',2025-05-17 04:49:27
13086,725872,8544,home,0,4-3-3,1,1,7,232279,Alexander Fransson,Center Midfielder,4,0,0,-1,,,,1,400367,20,400367.0,3660.0,61',2025-05-17 04:49:27
13086,725872,8544,home,0,4-3-3,1,1,19,238431,Max Watson,Center Right Defender,5,0,0,-1,,,,0,0,-1,,,,2025-05-17 04:49:27
13086,725872,8544,home,0,4-3-3,1,1,2,357205,Kojo Peprah Oppong,Center Left Defender,6,0,0,-1,,,,0,0,-1,,,,2025-06-02 04:53:23
13086,725872,8544,home,0,4-3-3,1,1,11,286930,Ismet Lushaku,Right Midfielder,7,0,0,-1,,,,1,188022,10,188022.0,3660.0,61',2025-05-17 04:49:27
13086,725872,8544,home,0,4-3-3,1,1,8,321404,Ísak Andri Sigurgeirsson,Left Midfielder,8,0,0,-1,,,,0,0,-1,,,,2025-05-17 04:49:27
13086,725872,8544,home,0,4-3-3,1,1,5,158978,Christoffer Nyman,Forward,9,0,0,-1,,,,1,287215,22,287215.0,2700.0,45'+7',2025-05-17 04:49:27
13086,725872,8544,home,0,4-3-3,1,1,15,290034,Sebastian Jorgensen,Right Forward,10,0,0,-1,,,,0,0,-1,,,,2025-05-17 04:49:27
13086,725872,8544,home,0,4-3-3,1,1,9,230353,Arnór Traustason,Left Forward,11,0,0,-1,,,,1,389749,28,389749.0,5100.0,85',2025-05-17 04:49:27
13086,725872,8544,home,0,4-3-3,1,0,33,403473,Hugo Ringsten,Substitute,0,0,0,-1,,,,0,0,-1,,,,2025-05-17 04:49:27
13086,725872,8544,home,0,4-3-3,1,0,10,188022,David Moberg-Karlsson,Substitute,0,1,286930,11,286930.0,3660.0,61',0,0,-1,,,,2025-05-17 04:49:27
13086,725872,8544,home,0,4-3-3,1,0,20,400367,Axel Brönner,Substitute,0,1,232279,7,232279.0,3660.0,61',0,0,-1,,,,2025-05-17 04:49:27
13086,725872,8544,home,0,4-3-3,1,0,28,389749,Åke Andersson,Substitute,0,1,230353,9,230353.0,5100.0,85',0,0,-1,,,,2025-05-17 04:49:27
13086,725872,8544,home,0,4-3-3,1,0,30,380189,Theo Krantz,Substitute,0,0,0,-1,,,,0,0,-1,,,,2025-05-17 04:49:27
13086,725872,8544,home,0,4-3-3,1,0,3,359167,Marcus Baggesen,Substitute,0,1,334015,24,334015.0,2700.0,45',0,0,-1,,,,2025-05-17 04:49:27
13086,725872,8544,home,0,4-3-3,1,0,4,356374,Amadeus Sögaard,Substitute,0,0,0,-1,,,,0,0,-1,,,,2025-05-17 04:49:27
13086,725872,8544,home,0,4-3-3,1,0,22,287215,Tim Prica,Substitute,0,1,158978,5,158978.0,2700.0,45'+7',0,0,-1,,,,2025-05-17 04:49:27
13086,725872,8544,home,0,4-3-3,1,0,25,364988,Kevin Höög Jansson,Substitute,0,1,334003,21,334003.0,5400.0,90'+5',0,0,-1,,,,2025-05-17 04:49:27
13086,725872,20856,away,1,3-4-3,1,1,25,400140,Rasmus Forsell,Goalkeeper,1,0,0,-1,,,,1,286770,1,286770.0,4980.0,83',2025-05-17 04:49:27
13086,725872,20856,away,1,3-4-3,1,1,12,236415,Erik Lindell,Right Midfielder,2,0,0,-1,,,,0,0,-1,,,,2025-05-17 04:49:27
13086,725872,20856,away,1,3-4-3,1,1,2,256567,Mamadouba Diaby,Left Midfielder,3,0,0,-1,,,,1,357137,23,357137.0,4980.0,83',2025-05-17 04:49:27
13086,725872,20856,away,1,3-4-3,1,1,5,385769,Juhani Pikkarainen,Center Left Defender,4,0,0,-1,,,,0,0,-1,,,,2025-05-17 04:49:27
13086,725872,20856,away,1,3-4-3,1,1,30,255257,Bernardo Morgado,Center Defender,5,0,0,-1,,,,0,0,-1,,,,2025-05-17 04:49:27
13086,725872,20856,away,1,3-4-3,1,1,4,301367,Leon Hien,Center Right Defender,6,0,0,-1,,,,0,0,-1,,,,2025-05-17 04:49:27
13086,725872,20856,away,1,3-4-3,1,1,16,205158,Sebastian Ohlsson,Center Right Midfielder,7,0,0,-1,,,,0,0,-1,,,,2025-05-17 04:49:27
13086,725872,20856,away,1,3-4-3,1,1,8,301374,Nahom Netabay,Center Left Midfielder,8,0,0,-1,,,,0,0,-1,,,,2025-06-02 04:53:23
13086,725872,20856,away,1,3-4-3,1,1,19,333259,Omar Faraj,Forward,9,0,0,-1,,,,0,0,-1,,,,2025-05-17 04:49:27
13086,725872,20856,away,1,3-4-3,1,1,20,400141,Elias Barsoum,Center Right Forward,10,0,0,-1,,,,0,0,-1,,,,2025-05-17 04:49:27
13086,725872,20856,away,1,3-4-3,1,1,10,364830,Marcus Rafferty,Center Left Forward,11,0,0,-1,,,,1,400375,27,400375.0,4560.0,76',2025-05-17 04:49:27
13086,725872,20856,away,1,3-4-3,1,0,21,398192,Elias Pihlström,Substitute,0,0,0,-1,,,,0,0,-1,,,,2025-05-17 04:49:27
13086,725872,20856,away,1,3-4-3,1,0,27,400375,Ziyad Salifu,Substitute,0,1,364830,10,364830.0,4560.0,76',0,0,-1,,,,2025-05-17 04:49:27
13086,725872,20856,away,1,3-4-3,1,0,9,398190,Adi Fisic,Substitute,0,0,0,-1,,,,0,0,-1,,,,2025-05-17 04:49:27
13086,725872,20856,away,1,3-4-3,1,0,23,357137,Alexander Hedén Lindskog,Substitute,0,1,256567,2,256567.0,4980.0,83',0,0,-1,,,,2025-06-02 04:53:23
13086,725872,20856,away,1,3-4-3,1,0,15,324395,Nasiru Moro,Substitute,0,0,0,-1,,,,0,0,-1,,,,2025-05-17 04:49:27
13086,725872,20856,away,1,3-4-3,1,0,1,286770,Willie Jakobsson,Substitute,0,1,400140,25,400140.0,4980.0,83',0,0,-1,,,,2025-05-17 04:49:27
13086,725872,20856,away,1,3-4-3,1,0,17,178387,Luc Kassi,Substitute,0,0,0,-1,,,,0,0,-1,,,,2025-05-17 04:49:27
13086,725872,20856,away,1,3-4-3,1,0,18,398189,Teo Grönborg,Substitute,0,0,0,-1,,,,0,0,-1,,,,2025-05-17 04:49:27
13086,725873,21382,home,0,4-4-2,1,1,1,277177,Hugo Keto,Goalkeeper,1,0,0,-1,,,,0,0,-1,,,,2025-05-17 04:49:27
13086,725873,21382,home,0,4-4-2,1,1,5,334035,Victor Larsson,Right Back,2,0,0,-1,,,,0,0,-1,,,,2025-05-17 04:49:27
13086,725873,21382,home,0,4-4-2,1,1,3,272272,Axel Björnström,Left Back,3,0,0,-1,,,,0,0,-1,,,,2025-06-02 04:53:23
13086,725873,21382,home,0,4-4-2,1,1,11,303480,Wenderson,Center Right Midfielder,4,0,0,-1,,,,0,0,-1,,,,2025-05-17 04:49:27
13086,725873,21382,home,0,4-4-2,1,1,6,267616,Hugo Andersson,Center Right Defender,5,0,0,-1,,,,0,0,-1,,,,2025-05-17 04:49:27
13086,725873,21382,home,0,4-4-2,1,1,24,357202,Emin Grozdanic,Center Left Defender,6,0,0,-1,,,,0,0,-1,,,,2025-05-17 04:49:27
13086,725873,21382,home,0,4-4-2,1,1,18,381397,Mohammad Alsalkhadi,Right Midfielder,7,0,0,-1,,,,1,303750,21,303750.0,5040.0,84',2025-05-17 04:49:27
13086,725873,21382,home,0,4-4-2,1,1,8,272404,Luke Le Roux,Center Left Midfielder,8,0,0,-1,,,,0,0,-1,,,,2025-05-17 04:49:27
13086,725873,21382,home,0,4-4-2,1,1,22,158993,Simon Thern,Center Left Forward,9,0,0,-1,,,,1,344869,28,344869.0,4680.0,78',2025-05-17 04:49:27
13086,725873,21382,home,0,4-4-2,1,1,15,185955,Pawel Cibicki,Center Right Forward,10,0,0,-1,,,,1,353250,32,353250.0,4680.0,78',2025-05-17 04:49:27
13086,725873,21382,home,0,4-4-2,1,1,10,345479,Ajdin Zeljkovic,Left Midfielder,11,0,0,-1,,,,1,193351,7,193351.0,4200.0,70',2025-05-17 04:49:27
13086,725873,21382,home,0,4-4-2,1,0,39,341335,Viktor Andersson,Substitute,0,0,0,-1,,,,0,0,-1,,,,2025-05-17 04:49:27
13086,725873,21382,home,0,4-4-2,1,0,20,334028,Freddy Winsth,Substitute,0,0,0,-1,,,,0,0,-1,,,,2025-06-02 04:53:23
13086,725873,21382,home,0,4-4-2,1,0,21,303750,Abdulrazaq Ishaq,Substitute,0,1,381397,18,381397.0,5040.0,84',0,0,-1,,,,2025-06-02 04:53:23
13086,725873,21382,home,0,4-4-2,1,0,28,344869,Frank Junior Adjei,Substitute,0,1,158993,22,158993.0,4680.0,78',0,0,-1,,,,2025-06-02 04:53:23
13086,725873,21382,home,0,4-4-2,1,0,32,353250,Kenan Bilalovic,Substitute,0,1,185955,15,185955.0,4680.0,78',0,0,-1,,,,2025-05-17 04:49:27
13086,725873,21382,home,0,4-4-2,1,0,2,380552,Johan Rapp,Substitute,0,0,0,-1,,,,0,0,-1,,,,2025-05-17 04:49:27
13086,725873,21382,home,0,4-4-2,1,0,26,380685,Calle Johansson,Substitute,0,0,0,-1,,,,0,0,-1,,,,2025-05-17 04:49:27
13086,725873,21382,home,0,4-4-2,1,0,7,193351,Carl Johansson,Substitute,0,1,345479,10,345479.0,4200.0,70',0,0,-1,,,,2025-05-17 04:49:27
13086,725873,21382,home,0,4-4-2,1,0,4,383897,Rufai Mohammed,Substitute,0,0,0,-1,,,,0,0,-1,,,,2025-06-02 04:53:23
13086,725873,2720,away,0,4-5-1,1,1,1,198227,Ricardo Friedrich,Goalkeeper,1,0,0,-1,,,,0,0,-1,,,,2025-06-02 04:53:23
13086,725873,2720,away,0,4-5-1,1,1,17,193186,Jens Stryger Larsen,Right Back,2,0,0,-1,,,,0,0,-1,,,,2025-05-17 04:49:27
13086,725873,2720,away,0,4-5-1,1,1,2,9101,Johan Karlsson,Left Back,3,0,0,-1,,,,1,301219,25,301219.0,5160.0,86',2025-05-17 04:49:27
13086,725873,2720,away,0,4-5-1,1,1,7,315679,Otto Rosengren,Center Right Midfielder,4,0,0,-1,,,,1,218450,29,218450.0,5400.0,90'+1',2025-05-17 04:49:27
13086,725873,2720,away,0,4-5-1,1,1,18,135579,Pontus Jansson,Center Right Defender,5,0,0,-1,,,,0,0,-1,,,,2025-05-17 04:49:27
13086,725873,2720,away,0,4-5-1,1,1,35,380679,Nils Zätterström,Center Left Defender,6,0,0,-1,,,,0,0,-1,,,,2025-05-17 04:49:27
13086,725873,2720,away,0,4-5-1,1,1,11,308880,Emmanuel Ekong,Right Midfielder,7,0,0,-1,,,,1,149538,10,149538.0,4200.0,70',2025-05-17 04:49:27
13086,725873,2720,away,0,4-5-1,1,1,38,330239,Hugo Bolin,Center Left Midfielder,8,0,0,-1,,,,0,0,-1,,,,2025-05-17 04:49:27
13086,725873,2720,away,0,4-5-1,1,1,32,360023,Daniel Gudjohnsen,Forward,9,0,0,-1,,,,1,239925,20,239925.0,5160.0,86',2025-05-17 04:49:27
13086,725873,2720,away,0,4-5-1,1,1,32,360023,Daniel Gudjohnsen,Forward,9,0,0,-1,,,,1,239925,20,239925.0,4200.0,70',2025-05-17 04:49:27
13086,725873,2720,away,0,4-5-1,1,1,23,286434,Lasse Berg Johnsen,Attacking Midfielder,10,0,0,-1,,,,0,0,-1,,,,2025-06-02 04:53:23
13086,725873,2720,away,0,4-5-1,1,1,22,314164,Taha Ali,Left Midfielder,11,0,0,-1,,,,0,0,-1,,,,2025-06-02 04:53:23
13086,725873,2720,away,0,4-5-1,1,0,40,381395,Kenan Busuladzic,Substitute,0,0,0,-1,,,,0,0,-1,,,,2025-05-17 04:49:27
13086,725873,2720,away,0,4-5-1,1,0,16,138055,Oliver Berg,Substitute,0,0,0,-1,,,,0,0,-1,,,,2025-05-17 04:49:27
13086,725873,2720,away,0,4-5-1,1,0,10,149538,Anders Christiansen,Substitute,0,1,308880,11,308880.0,4200.0,70',0,0,-1,,,,2025-05-17 04:49:27
13086,725873,2720,away,0,4-5-1,1,0,6,162738,Oscar Lewicki,Substitute,0,0,0,-1,,,,0,0,-1,,,,2025-05-17 04:49:27
13086,725873,2720,away,0,4-5-1,1,0,9,166657,Isaac Kiese Thelin,Substitute,0,1,239925,20,239925.0,5160.0,86',0,0,-1,,,,2025-05-17 04:49:27
13086,725873,2720,away,0,4-5-1,1,0,29,218450,Sead Haksabanovic,Substitute,0,1,315679,7,315679.0,5400.0,90'+1',0,0,-1,,,,2025-05-17 04:49:27
13086,725873,2720,away,0,4-5-1,1,0,20,239925,Erik Botheim,Substitute,0,1,360023,32,360023.0,4200.0,70',1,166657,9,166657.0,5160.0,86',2025-05-17 04:49:27
13086,725873,2720,away,0,4-5-1,1,0,25,301219,Busanello,Substitute,0,1,9101,2,9101.0,5160.0,86',0,0,-1,,,,2025-05-17 04:49:27
13086,725873,2720,away,0,4-5-1,1,0,33,307800,Melker Ellborg,Substitute,0,0,0,-1,,,,0,0,-1,,,,2025-05-17 04:49:27
13086,725873,2720,away,0,4-5-1,1,0,9,166657,Isaac Kiese Thelin,Substitute,0,1,239925,20,239925.0,4200.0,70',0,0,-1,,,,2025-05-17 04:49:27
13086,725874,994,home,0,5-4-1,1,1,15,133993,Kristoffer Nordfeldt,Goalkeeper,1,0,0,-1,,,,0,0,-1,,,,2025-05-19 04:54:17
13086,725874,994,home,0,5-4-1,1,1,17,229692,Mads Thychosen,Right Back,2,0,0,-1,,,,0,0,-1,,,,2025-05-19 04:54:17
13086,725874,994,home,0,5-4-1,1,1,19,237759,Dino Besirovic,Left Back,3,0,0,-1,,,,1,172923,22,172923.0,3480.0,58',2025-05-19 04:54:17
13086,725874,994,home,0,5-4-1,1,1,3,258904,Thomas Isherwood,Center Left Defender,4,0,0,-1,,,,0,0,-1,,,,2025-06-02 04:53:23
13086,725874,994,home,0,5-4-1,1,1,4,223140,Sotiris Papagiannopoulos,Center Defender,5,0,0,-1,,,,0,0,-1,,,,2025-05-19 04:54:17
13086,725874,994,home,0,5-4-1,1,1,32,222606,Filip Benkovic,Center Right Defender,6,0,0,-1,,,,0,0,-1,,,,2025-05-19 04:54:17
13086,725874,994,home,0,5-4-1,1,1,43,334029,Victor Andersson,Right Midfielder,7,0,0,-1,,,,1,236162,8,236162.0,5160.0,86',2025-05-19 04:54:17
13086,725874,994,home,0,5-4-1,1,1,7,193105,Anton Saletros,Center Right Midfielder,8,0,0,-1,,,,0,0,-1,,,,2025-05-19 04:54:17
13086,725874,994,home,0,5-4-1,1,1,11,146893,John Guidetti,Forward,9,0,0,-1,,,,1,305500,9,305500.0,5400.0,90'+1',2025-05-19 04:54:17
13086,725874,994,home,0,5-4-1,1,1,33,322466,Áron Csongvai,Center Left Midfielder,10,0,0,-1,,,,0,0,-1,,,,2025-06-02 04:53:23
13086,725874,994,home,0,5-4-1,1,1,10,215152,Bersant Celina,Left Midfielder,11,0,0,-1,,,,0,0,-1,,,,2025-05-25 04:51:56
13086,725874,994,home,0,5-4-1,1,0,45,347636,Taha Ayari,Substitute,0,0,0,-1,,,,0,0,-1,,,,2025-05-19 04:54:17
13086,725874,994,home,0,5-4-1,1,0,47,346655,Alexander Fesshaie,Substitute,0,0,0,-1,,,,0,0,-1,,,,2025-06-02 04:53:23
13086,725874,994,home,0,5-4-1,1,0,26,400799,Elvis Laan,Substitute,0,0,0,-1,,,,0,0,-1,,,,2025-05-19 04:54:17
13086,725874,994,home,0,5-4-1,1,0,8,236162,Johan Hove,Substitute,0,1,334029,43,334029.0,5160.0,86',0,0,-1,,,,2025-05-19 04:54:17
13086,725874,994,home,0,5-4-1,1,0,5,325409,Kazper Karlsson,Substitute,0,0,0,-1,,,,0,0,-1,,,,2025-05-19 04:54:17
13086,725874,994,home,0,5-4-1,1,0,9,305500,Andronikos Kakoulis,Substitute,0,1,146893,11,146893.0,5400.0,90'+1',0,0,-1,,,,2025-05-19 04:54:17
13086,725874,994,home,0,5-4-1,1,0,16,261614,Benjamin Tiedemann Hansen,Substitute,0,0,0,-1,,,,0,0,-1,,,,2025-06-02 04:53:23
13086,725874,994,home,0,5-4-1,1,0,30,218410,Kalle Joelsson,Substitute,0,0,0,-1,,,,0,0,-1,,,,2025-05-19 04:54:17
13086,725874,994,home,0,5-4-1,1,0,22,172923,Jere Uronen,Substitute,0,1,237759,19,237759.0,3480.0,58',0,0,-1,,,,2025-05-19 04:54:17
13086,725874,2495,away,0,4-3-3,1,1,1,170727,Warner Hahn,Goalkeeper,1,0,0,-1,,,,0,0,-1,,,,2025-05-19 04:54:17
13086,725874,2495,away,0,4-3-3,1,1,2,382504,Hampus Skoglund,Right Back,2,0,0,-1,,,,0,0,-1,,,,2025-06-02 04:53:23
13086,725874,2495,away,0,4-3-3,1,1,19,251758,Shaquille Pinas,Left Back,3,0,0,-1,,,,0,0,-1,,,,2025-05-19 04:54:17
13086,725874,2495,away,0,4-3-3,1,1,5,218436,Tesfaldet Tekie,Center Midfielder,4,0,0,-1,,,,0,0,-1,,,,2025-05-19 04:54:17
13086,725874,2495,away,0,4-3-3,1,1,6,249160,Pavle Vagic,Center Right Defender,5,0,0,-1,,,,0,0,-1,,,,2025-05-19 04:54:17
13086,725874,2495,away,0,4-3-3,1,1,4,334038,Victor Eriksson,Center Left Defender,6,0,0,-1,,,,0,0,-1,,,,2025-05-19 04:54:17
13086,725874,2495,away,0,4-3-3,1,1,8,22967,Markus Karlsson,Right Midfielder,7,0,0,-1,,,,0,0,-1,,,,2025-05-19 04:54:17
13086,725874,2495,away,0,4-3-3,1,1,20,143585,Nahir Besara,Left Midfielder,8,0,0,-1,,,,0,0,-1,,,,2025-05-19 04:54:17
13086,725874,2495,away,0,4-3-3,1,1,23,313974,Abdelrahman Boudah Saidi,Forward,9,0,0,-1,,,,0,0,-1,,,,2025-06-02 04:53:23
13086,725874,2495,away,0,4-3-3,1,1,7,303670,Paulos Abraham,Right Forward,10,0,0,-1,,,,1,312880,26,312880.0,4920.0,82',2025-05-19 04:54:17
13086,725874,2495,away,0,4-3-3,1,1,18,303702,Sebastian Tounekti,Left Forward,11,0,0,-1,,,,1,269195,21,269195.0,4920.0,82',2025-05-19 04:54:17
13086,725874,2495,away,0,4-3-3,1,0,22,210020,Jacob Ouro Ortmark,Substitute,0,0,0,-1,,,,0,0,-1,,,,2025-06-02 04:53:23
13086,725874,2495,away,0,4-3-3,1,0,13,399509,Jonathan Karlsson,Substitute,0,0,0,-1,,,,0,0,-1,,,,2025-05-19 04:54:17
13086,725874,2495,away,0,4-3-3,1,0,16,380971,Gent Elezaj,Substitute,0,0,0,-1,,,,0,0,-1,,,,2025-05-19 04:54:17
13086,725874,2495,away,0,4-3-3,1,0,15,380970,Adrian Lahdo,Substitute,0,0,0,-1,,,,0,0,-1,,,,2025-05-19 04:54:17
13086,725874,2495,away,0,4-3-3,1,0,17,313464,Ibrahima Fofana,Substitute,0,0,0,-1,,,,0,0,-1,,,,2025-05-26 04:52:38
13086,725874,2495,away,0,4-3-3,1,0,26,312880,Montader Madjed,Substitute,0,1,303670,7,303670.0,4920.0,82',0,0,-1,,,,2025-05-19 04:54:17
13086,725874,2495,away,0,4-3-3,1,0,27,301372,Felix Jakobsson,Substitute,0,0,0,-1,,,,0,0,-1,,,,2025-05-19 04:54:17
13086,725874,2495,away,0,4-3-3,1,0,21,269195,Simon Strand,Substitute,0,1,303702,18,303702.0,4920.0,82',0,0,-1,,,,2025-05-19 04:54:17
13086,725874,2495,away,0,4-3-3,1,0,29,359099,Elohim Kaboré,Substitute,0,0,0,-1,,,,0,0,-1,,,,2025-06-02 04:53:23
13086,725875,20856,home,0,3-4-3,1,1,25,400140,Rasmus Forsell,Goalkeeper,1,0,0,-1,,,,0,0,-1,,,,2025-05-20 04:53:39
13086,725875,20856,home,0,3-4-3,1,1,12,236415,Erik Lindell,Right Midfielder,2,0,0,-1,,,,1,218520,11,218520.0,2700.0,45',2025-05-20 04:53:39
13086,725875,20856,home,0,3-4-3,1,1,16,205158,Sebastian Ohlsson,Left Midfielder,3,0,0,-1,,,,0,0,-1,,,,2025-05-20 04:53:39
13086,725875,20856,home,0,3-4-3,1,1,5,385769,Juhani Pikkarainen,Center Left Defender,4,0,0,-1,,,,0,0,-1,,,,2025-05-20 04:53:39
13086,725875,20856,home,0,3-4-3,1,1,30,255257,Bernardo Morgado,Center Defender,5,0,0,-1,,,,1,256567,2,256567.0,2700.0,45',2025-05-20 04:53:39
13086,725875,20856,home,0,3-4-3,1,1,4,301367,Leon Hien,Center Right Defender,6,0,0,-1,,,,0,0,-1,,,,2025-05-20 04:53:39
13086,725875,20856,home,0,3-4-3,1,1,8,301374,Nahom Netabay,Center Left Midfielder,8,0,0,-1,,,,0,0,-1,,,,2025-06-02 04:53:23
13086,725875,20856,home,0,3-4-3,1,1,19,333259,Omar Faraj,Forward,9,0,0,-1,,,,0,0,-1,,,,2025-05-20 04:53:39
13086,725875,20856,home,0,3-4-3,1,1,20,400141,Elias Barsoum,Center Right Forward,10,0,0,-1,,,,1,400375,27,400375.0,4920.0,82',2025-05-20 04:53:39
13086,725875,20856,home,0,3-4-3,1,1,10,364830,Marcus Rafferty,Center Left Forward,11,0,0,-1,,,,1,398192,21,398192.0,4020.0,67',2025-05-20 04:53:39
13086,725875,20856,home,0,3-4-3,1,0,11,218520,Christos Gravius,Substitute,0,1,236415,12,236415.0,2700.0,45',0,0,-1,,,,2025-05-20 04:53:39
13086,725875,20856,home,0,3-4-3,1,0,17,178387,Luc Kassi,Substitute,0,0,0,-1,,,,0,0,-1,,,,2025-05-20 04:53:39
13086,725875,20856,home,0,3-4-3,1,0,2,256567,Mamadouba Diaby,Substitute,0,1,255257,30,255257.0,2700.0,45',0,0,-1,,,,2025-05-20 04:53:39
13086,725875,20856,home,0,3-4-3,1,0,1,286770,Willie Jakobsson,Substitute,0,0,0,-1,,,,0,0,-1,,,,2025-05-20 04:53:39
13086,725875,20856,home,0,3-4-3,1,0,23,357137,Alexander Hedén Lindskog,Substitute,0,0,0,-1,,,,0,0,-1,,,,2025-06-02 04:53:23
13086,725875,20856,home,0,3-4-3,1,0,15,324395,Nasiru Moro,Substitute,0,0,0,-1,,,,0,0,-1,,,,2025-05-20 04:53:39
13086,725875,20856,home,0,3-4-3,1,0,18,398189,Teo Grönborg,Substitute,0,0,0,-1,,,,0,0,-1,,,,2025-05-20 04:53:39
13086,725875,20856,home,0,3-4-3,1,0,21,398192,Elias Pihlström,Substitute,0,1,364830,10,364830.0,4020.0,67',0,0,-1,,,,2025-05-20 04:53:39
13086,725875,20856,home,0,3-4-3,1,0,27,400375,Ziyad Salifu,Substitute,0,1,400141,20,400141.0,4920.0,82',0,0,-1,,,,2025-05-20 04:53:39
13086,725875,2556,away,1,4-3-3,1,1,25,359784,Elis Bishesari,Goalkeeper,1,0,0,-1,,,,0,0,-1,,,,2025-05-20 04:53:39
13086,725875,2556,away,1,4-3-3,1,1,18,349811,Felix Eriksson,Right Back,2,0,0,-1,,,,1,220974,5,220974.0,4800.0,80',2025-05-20 04:53:39
13086,725875,2556,away,1,4-3-3,1,1,22,383948,Noah Tolf,Left Back,3,0,0,-1,,,,1,179771,6,179771.0,3900.0,65',2025-05-20 04:53:39
13086,725875,2556,away,1,4-3-3,1,1,15,307947,David Kruse,Center Midfielder,4,0,0,-1,,,,0,0,-1,,,,2025-05-20 04:53:39
13086,725875,2556,away,1,4-3-3,1,1,13,83736,Gustav Svensson,Center Right Defender,5,0,0,-1,,,,0,0,-1,,,,2025-05-20 04:53:39
13086,725875,2556,away,1,4-3-3,1,1,3,241163,August Erlingmark,Center Left Defender,6,0,0,-1,,,,0,0,-1,,,,2025-05-20 04:53:39
13086,725875,2556,away,1,4-3-3,1,1,30,222784,Ramon Pascal Lundqvist,Right Midfielder,7,0,0,-1,,,,1,313971,21,313971.0,3480.0,58',2025-06-02 04:53:23
13086,725875,2556,away,1,4-3-3,1,1,8,297985,Imam Jagne,Left Midfielder,8,0,0,-1,,,,1,343826,16,343826.0,3900.0,65',2025-06-02 04:53:23
13086,725875,2556,away,1,4-3-3,1,1,9,303768,Max Fenger,Forward,9,0,0,-1,,,,0,0,-1,,,,2025-05-20 04:53:39
13086,725875,2556,away,1,4-3-3,1,1,7,390390,Sebastian Clemmensen,Right Forward,10,0,0,-1,,,,1,252746,17,252746.0,3540.0,59',2025-05-20 04:53:39
13086,725875,2556,away,1,4-3-3,1,1,14,219163,Tobias Heintz,Left Forward,11,0,0,-1,,,,0,0,-1,,,,2025-05-20 04:53:39
13086,725875,2556,away,1,4-3-3,1,0,26,380238,Benjamin Brantlind,Substitute,0,0,0,-1,,,,0,0,-1,,,,2025-05-20 04:53:39
13086,725875,2556,away,1,4-3-3,1,0,4,366598,Rockson Yeboah,Substitute,0,0,0,-1,,,,0,0,-1,,,,2025-05-20 04:53:39
13086,725875,2556,away,1,4-3-3,1,0,29,343958,Thomas Santos,Substitute,0,0,0,-1,,,,0,0,-1,,,,2025-05-20 04:53:39
13086,725875,2556,away,1,4-3-3,1,0,16,343826,Linus Carlstrand,Substitute,0,1,297985,8,297985.0,3900.0,65',0,0,-1,,,,2025-05-20 04:53:39
13086,725875,2556,away,1,4-3-3,1,0,21,313971,Adam Carlén,Substitute,0,1,222784,30,222784.0,3480.0,58',0,0,-1,,,,2025-05-20 04:53:39
13086,725875,2556,away,1,4-3-3,1,0,17,252746,Eman Markovic,Substitute,0,1,390390,7,390390.0,3540.0,59',0,0,-1,,,,2025-05-20 04:53:39
13086,725875,2556,away,1,4-3-3,1,0,5,220974,Jonas Bager,Substitute,0,1,349811,18,349811.0,4800.0,80',0,0,-1,,,,2025-05-20 04:53:39
13086,725875,2556,away,1,4-3-3,1,0,6,179771,Anders Trondsen,Substitute,0,1,383948,22,383948.0,3900.0,65',0,0,-1,,,,2025-05-20 04:53:39
13086,725875,2556,away,1,4-3-3,1,0,12,403450,Linus Dahlgren,Substitute,0,0,0,-1,,,,0,0,-1,,,,2025-05-20 04:53:39
13086,725876,529,home,1,3-4-3,1,1,1,400222,Simon Eriksson,Goalkeeper,1,0,0,-1,,,,0,0,-1,,,,2025-06-14 05:25:15
13086,725876,529,home,1,3-4-3,1,1,15,173040,Simon Hedlund,Right Midfielder,2,0,0,-1,,,,0,0,-1,,,,2025-06-14 05:25:15
13086,725876,529,home,1,3-4-3,1,1,23,134644,Niklas Hult,Left Midfielder,3,0,0,-1,,,,1,389426,28,389426.0,3900.0,65',2025-06-14 05:25:15
13086,725876,529,home,1,3-4-3,1,1,2,380023,Terry Yegbe,Center Left Defender,4,0,0,-1,,,,1,286729,6,286729.0,2700.0,45',2025-06-14 05:25:15
13086,725876,529,home,1,3-4-3,1,1,29,341452,Ibrahim Buhari,Center Defender,5,0,0,-1,,,,0,0,-1,,,,2025-06-14 05:25:15
13086,725876,529,home,1,3-4-3,1,1,8,194092,Sebastian Holmén,Center Right Defender,6,0,0,-1,,,,0,0,-1,,,,2025-06-14 05:25:15
13086,725876,529,home,1,3-4-3,1,1,27,334024,Besfort Zeneli,Center Right Midfielder,7,0,0,-1,,,,0,0,-1,,,,2025-06-14 05:25:15
13086,725876,529,home,1,3-4-3,1,1,10,245883,Simon Olsson,Center Left Midfielder,8,0,0,-1,,,,0,0,-1,,,,2025-06-14 05:25:15
13086,725876,529,home,1,3-4-3,1,1,24,304180,Frederik Ihler,Forward,9,0,0,-1,,,,1,305401,18,305401.0,4140.0,69',2025-06-14 05:25:15
13086,725876,529,home,1,3-4-3,1,1,21,388173,Leo Östman,Center Right Forward,10,0,0,-1,,,,1,362584,20,362584.0,3540.0,59',2025-06-14 05:25:15
13086,725876,529,home,1,3-4-3,1,1,25,342093,Ari Sigurpálsson,Center Left Forward,11,0,0,-1,,,,1,146012,13,146012.0,3900.0,65',2025-06-14 05:25:15
13086,725876,529,home,1,3-4-3,1,0,28,389426,Frode Aronsson,Substitute,0,1,134644,23,134644.0,3900.0,65',0,0,-1,,,,2025-06-14 05:25:15
13086,725876,529,home,1,3-4-3,1,0,16,402326,Altti Hellemaa,Substitute,0,0,0,-1,,,,0,0,-1,,,,2025-06-14 05:25:15
13086,725876,529,home,1,3-4-3,1,0,26,380321,Ludvig Richtnér,Substitute,0,0,0,-1,,,,0,0,-1,,,,2025-06-14 05:25:15
13086,725876,529,home,1,3-4-3,1,0,18,305401,Júlíus Magnússon,Substitute,0,1,304180,24,304180.0,4140.0,69',0,0,-1,,,,2025-06-14 05:25:15
13086,725876,529,home,1,3-4-3,1,0,6,286729,Rasmus Wikstrom,Substitute,0,1,380023,2,380023.0,2700.0,45',0,0,-1,,,,2025-06-14 05:25:15
13086,725876,529,home,1,3-4-3,1,0,13,146012,Johan Larsson,Substitute,0,1,342093,25,342093.0,3900.0,65',0,0,-1,,,,2025-06-14 05:25:15
13086,725876,529,home,1,3-4-3,1,0,4,202682,Daniel Granli,Substitute,0,0,0,-1,,,,0,0,-1,,,,2025-06-14 05:25:15
13086,725876,529,home,1,3-4-3,1,0,30,176191,Lucas Hägg Johansson,Substitute,0,0,0,-1,,,,0,0,-1,,,,2025-06-14 05:25:15
13086,725876,529,home,1,3-4-3,1,0,20,362584,Gottfrid Rapp,Substitute,0,1,388173,21,388173.0,3540.0,59',0,0,-1,,,,2025-06-14 05:25:15
13086,725876,2339,away,0,4-3-3,1,1,45,219533,Filip Manojlovic,Goalkeeper,1,0,0,-1,,,,0,0,-1,,,,2025-05-20 04:53:39
13086,725876,2339,away,0,4-3-3,1,1,12,357136,Theo Bergvall,Right Back,2,0,0,-1,,,,1,357204,19,357204.0,3420.0,57',2025-05-20 04:53:39
13086,725876,2339,away,0,4-3-3,1,1,27,371596,Keita Kosugi,Left Back,3,0,0,-1,,,,0,0,-1,,,,2025-05-20 04:53:39
13086,725876,2339,away,0,4-3-3,1,1,14,272148,Hampus Finndell,Center Midfielder,4,0,0,-1,,,,1,368579,25,368579.0,4080.0,68',2025-05-20 04:53:39
13086,725876,2339,away,0,4-3-3,1,1,4,237053,Jacob Une,Center Right Defender,5,0,0,-1,,,,0,0,-1,,,,2025-06-02 04:53:23
13086,725876,2339,away,0,4-3-3,1,1,3,172855,Marcus Danielson,Center Left Defender,6,0,0,-1,,,,1,289721,5,289721.0,2700.0,45',2025-06-02 04:53:23
13086,725876,2339,away,0,4-3-3,1,1,20,364226,Matias Siltanen,Right Midfielder,7,0,0,-1,,,,0,0,-1,,,,2025-05-20 04:53:39
13086,725876,2339,away,0,4-3-3,1,1,13,334021,Daniel Stensson,Left Midfielder,8,0,0,-1,,,,0,0,-1,,,,2025-05-20 04:53:39
13086,725876,2339,away,0,4-3-3,1,1,9,330460,August Priske,Forward,9,0,0,-1,,,,1,236989,34,236989.0,5160.0,86',2025-05-20 04:53:39
13086,725876,2339,away,0,4-3-3,1,1,29,275575,Santeri Haarala,Right Forward,10,0,0,-1,,,,1,350206,32,350206.0,3420.0,57',2025-05-20 04:53:39
13086,725876,2339,away,0,4-3-3,1,1,10,164556,Tokmac Nguen,Left Forward,11,0,0,-1,,,,0,0,-1,,,,2025-05-20 04:53:39
13086,725876,2339,away,0,4-3-3,1,0,38,402950,Melvin Vucenovic Persson,Substitute,0,0,0,-1,,,,0,0,-1,,,,2025-05-20 04:53:39
13086,725876,2339,away,0,4-3-3,1,0,36,380775,Alieu Atlee Manneh,Substitute,0,0,0,-1,,,,0,0,-1,,,,2025-05-20 04:53:39
13086,725876,2339,away,0,4-3-3,1,0,31,403140,Ahmed Saeed,Substitute,0,0,0,-1,,,,0,0,-1,,,,2025-05-20 04:53:39
13086,725876,2339,away,0,4-3-3,1,0,5,289721,Miro Tenho,Substitute,0,1,172855,3,172855.0,2700.0,45',0,0,-1,,,,2025-05-20 04:53:39
13086,725876,2339,away,0,4-3-3,1,0,25,368579,Kalipha Jawla,Substitute,0,1,272148,14,272148.0,4080.0,68',0,0,-1,,,,2025-05-20 04:53:39
13086,725876,2339,away,0,4-3-3,1,0,19,357204,Viktor Bergh,Substitute,0,1,357136,12,357136.0,3420.0,57',0,0,-1,,,,2025-05-20 04:53:39
13086,725876,2339,away,0,4-3-3,1,0,32,350206,Isak Alemayehu,Substitute,0,1,275575,29,275575.0,3420.0,57',0,0,-1,,,,2025-05-20 04:53:39
13086,725876,2339,away,0,4-3-3,1,0,34,236989,Alexander Anderson,Substitute,0,1,330460,9,330460.0,5160.0,86',0,0,-1,,,,2025-05-20 04:53:39
13086,725876,2339,away,0,4-3-3,1,0,35,203266,Jacob Rinne,Substitute,0,0,0,-1,,,,0,0,-1,,,,2025-05-20 04:53:39
13086,725877,7834,home,1,4-2-3-1,1,1,99,125312,Etrit Berisha,Goalkeeper,1,0,0,-1,,,,0,0,-1,,,,2025-05-19 04:54:17
13086,725877,7834,home,1,4-2-3-1,1,1,28,394448,Filip Öhman,Right Back,2,0,0,-1,,,,1,361537,13,361537.0,4020.0,67',2025-05-19 04:54:17
13086,725877,7834,home,1,4-2-3-1,1,1,21,194293,Adam Lundkvist,Left Back,3,0,0,-1,,,,1,330551,17,330551.0,4560.0,76',2025-06-02 04:53:23
13086,725877,7834,home,1,4-2-3-1,1,1,16,357139,Pontus Dahbo,Left Midfielder,4,0,0,-1,,,,0,0,-1,,,,2025-05-19 04:54:17
13086,725877,7834,home,1,4-2-3-1,1,1,8,355408,Silas Andersen,Center Right Defender,5,0,0,-1,,,,0,0,-1,,,,2025-05-19 04:54:17
13086,725877,7834,home,1,4-2-3-1,1,1,4,271086,Marius Lode,Center Left Defender,6,0,0,-1,,,,0,0,-1,,,,2025-05-19 04:54:17
13086,725877,7834,home,1,4-2-3-1,1,1,39,364749,Isak Brusberg,Attacking Midfielder Right,7,0,0,-1,,,,1,146579,42,146579.0,5040.0,84',2025-05-19 04:54:17
13086,725877,7834,home,1,4-2-3-1,1,1,15,356369,Samuel Leach Holm,Right Midfielder,8,0,0,-1,,,,0,0,-1,,,,2025-06-02 04:53:23
13086,725877,7834,home,1,4-2-3-1,1,1,19,366143,John Paul Dembe,Forward,9,0,0,-1,,,,0,0,-1,,,,2025-05-19 04:54:17
13086,725877,7834,home,1,4-2-3-1,1,1,10,239184,Mikkel Rygaard,Attacking Midfielder,10,0,0,-1,,,,0,0,-1,,,,2025-06-02 04:53:23
13086,725877,7834,home,1,4-2-3-1,1,1,29,366829,Severin Nioule,Attacking Midfielder Left,11,0,0,-1,,,,0,0,-1,,,,2025-05-19 04:54:17
13086,725877,7834,home,1,4-2-3-1,1,0,41,403609,Malte Ljungkull,Substitute,0,0,0,-1,,,,0,0,-1,,,,2025-05-19 04:54:17
13086,725877,7834,home,1,4-2-3-1,1,0,26,133980,Peter Abrahamsson,Substitute,0,0,0,-1,,,,0,0,-1,,,,2025-05-19 04:54:17
13086,725877,7834,home,1,4-2-3-1,1,0,40,401297,Chris Jansson,Substitute,0,0,0,-1,,,,0,0,-1,,,,2025-05-19 04:54:17
13086,725877,7834,home,1,4-2-3-1,1,0,42,146579,Nikola Mitrovic,Substitute,0,1,364749,39,364749.0,5040.0,84',0,0,-1,,,,2025-05-19 04:54:17
13086,725877,7834,home,1,4-2-3-1,1,0,44,393324,Harry Hilvenius,Substitute,0,0,0,-1,,,,0,0,-1,,,,2025-05-19 04:54:17
13086,725877,7834,home,1,4-2-3-1,1,0,22,380234,Nikola Zecevic,Substitute,0,0,0,-1,,,,0,0,-1,,,,2025-05-19 04:54:17
13086,725877,7834,home,1,4-2-3-1,1,0,13,361537,Sigge Jansson,Substitute,0,1,394448,28,394448.0,4020.0,67',0,0,-1,,,,2025-05-19 04:54:17
13086,725877,7834,home,1,4-2-3-1,1,0,17,330551,Ben Engdahl,Substitute,0,1,194293,21,194293.0,4560.0,76',0,0,-1,,,,2025-05-19 04:54:17
13086,725877,7834,home,1,4-2-3-1,1,0,45,380930,Lion Beqiri,Substitute,0,0,0,-1,,,,0,0,-1,,,,2025-05-19 04:54:17
13086,725877,21382,away,0,4-3-3,1,1,1,277177,Hugo Keto,Goalkeeper,1,0,0,-1,,,,0,0,-1,,,,2025-05-19 04:54:17
13086,725877,21382,away,0,4-3-3,1,1,5,334035,Victor Larsson,Right Back,2,0,0,-1,,,,0,0,-1,,,,2025-05-19 04:54:17
13086,725877,21382,away,0,4-3-3,1,1,3,272272,Axel Björnström,Left Back,3,0,0,-1,,,,1,380552,2,380552.0,5040.0,84',2025-06-02 04:53:23
13086,725877,21382,away,0,4-3-3,1,1,8,272404,Luke Le Roux,Center Midfielder,4,0,0,-1,,,,0,0,-1,,,,2025-05-19 04:54:17
13086,725877,21382,away,0,4-3-3,1,1,6,267616,Hugo Andersson,Center Right Defender,5,0,0,-1,,,,0,0,-1,,,,2025-05-19 04:54:17
13086,725877,21382,away,0,4-3-3,1,1,24,357202,Emin Grozdanic,Center Left Defender,6,0,0,-1,,,,0,0,-1,,,,2025-05-19 04:54:17
13086,725877,21382,away,0,4-3-3,1,1,11,303480,Wenderson,Right Midfielder,7,0,0,-1,,,,0,0,-1,,,,2025-05-19 04:54:17
13086,725877,21382,away,0,4-3-3,1,1,22,158993,Simon Thern,Left Midfielder,8,0,0,-1,,,,1,344869,28,344869.0,3480.0,58',2025-05-19 04:54:17
13086,725877,21382,away,0,4-3-3,1,1,9,337564,Johnbosco Samuel Kalu,Forward,9,0,0,-1,,,,1,185955,15,185955.0,2700.0,45',2025-05-19 04:54:17
13086,725877,21382,away,0,4-3-3,1,1,18,381397,Mohammad Alsalkhadi,Right Forward,10,0,0,-1,,,,1,193351,7,193351.0,2640.0,44',2025-05-19 04:54:17
13086,725877,21382,away,0,4-3-3,1,1,10,345479,Ajdin Zeljkovic,Left Forward,11,0,0,-1,,,,1,353250,32,353250.0,3480.0,58',2025-05-19 04:54:17
13086,725877,21382,away,0,4-3-3,1,0,4,383897,Rufai Mohammed,Substitute,0,0,0,-1,,,,0,0,-1,,,,2025-06-02 04:53:23
13086,725877,21382,away,0,4-3-3,1,0,2,380552,Johan Rapp,Substitute,0,1,272272,3,272272.0,5040.0,84',0,0,-1,,,,2025-05-19 04:54:17
13086,725877,21382,away,0,4-3-3,1,0,20,334028,Freddy Winsth,Substitute,0,0,0,-1,,,,0,0,-1,,,,2025-06-02 04:53:23
13086,725877,21382,away,0,4-3-3,1,0,32,353250,Kenan Bilalovic,Substitute,0,1,345479,10,345479.0,3480.0,58',0,0,-1,,,,2025-05-19 04:54:17
13086,725877,21382,away,0,4-3-3,1,0,39,341335,Viktor Andersson,Substitute,0,0,0,-1,,,,0,0,-1,,,,2025-05-19 04:54:17
13086,725877,21382,away,0,4-3-3,1,0,21,303750,Abdulrazaq Ishaq,Substitute,0,0,0,-1,,,,0,0,-1,,,,2025-06-02 04:53:23
13086,725877,21382,away,0,4-3-3,1,0,7,193351,Carl Johansson,Substitute,0,1,381397,18,381397.0,2640.0,44',0,0,-1,,,,2025-05-19 04:54:17
13086,725877,21382,away,0,4-3-3,1,0,15,185955,Pawel Cibicki,Substitute,0,1,337564,9,337564.0,2700.0,45',0,0,-1,,,,2025-05-19 04:54:17
13086,725877,21382,away,0,4-3-3,1,0,28,344869,Frank Junior Adjei,Substitute,0,1,158993,22,158993.0,3480.0,58',0,0,-1,,,,2025-06-02 04:53:23
13086,725878,2720,home,1,4-4-2,1,1,33,307800,Melker Ellborg,Goalkeeper,1,0,0,-1,,,,0,0,-1,,,,2025-05-19 04:54:17
13086,725878,2720,home,1,4-4-2,1,1,17,193186,Jens Stryger Larsen,Right Back,2,0,0,-1,,,,1,9101,2,9101.0,4620.0,77',2025-05-19 04:54:17
13086,725878,2720,home,1,4-4-2,1,1,25,301219,Busanello,Left Back,3,0,0,-1,,,,0,0,-1,,,,2025-05-19 04:54:17
13086,725878,2720,home,1,4-4-2,1,1,7,315679,Otto Rosengren,Center Right Midfielder,4,0,0,-1,,,,0,0,-1,,,,2025-05-19 04:54:17
13086,725878,2720,home,1,4-4-2,1,1,18,135579,Pontus Jansson,Center Right Defender,5,0,0,-1,,,,1,75987,13,75987.0,5160.0,86',2025-05-19 04:54:17
13086,725878,2720,home,1,4-4-2,1,1,19,279135,Colin Rösler,Center Left Defender,6,0,0,-1,,,,0,0,-1,,,,2025-05-19 04:54:17
13086,725878,2720,home,1,4-4-2,1,1,29,218450,Sead Haksabanovic,Right Midfielder,7,0,0,-1,,,,1,138055,16,138055.0,3900.0,65',2025-05-19 04:54:17
13086,725878,2720,home,1,4-4-2,1,1,23,286434,Lasse Berg Johnsen,Center Left Midfielder,8,0,0,-1,,,,1,255228,8,255228.0,4620.0,77',2025-06-02 04:53:23
13086,725878,2720,home,1,4-4-2,1,1,9,166657,Isaac Kiese Thelin,Center Left Forward,9,0,0,-1,,,,0,0,-1,,,,2025-05-19 04:54:17
13086,725878,2720,home,1,4-4-2,1,1,10,149538,Anders Christiansen,Center Right Forward,10,0,0,-1,,,,1,314164,22,314164.0,3900.0,65',2025-05-19 04:54:17
13086,725878,2720,home,1,4-4-2,1,1,38,330239,Hugo Bolin,Left Midfielder,11,0,0,-1,,,,0,0,-1,,,,2025-05-19 04:54:17
13086,725878,2720,home,1,4-4-2,1,0,32,360023,Daniel Gudjohnsen,Substitute,0,0,0,-1,,,,0,0,-1,,,,2025-05-19 04:54:17
13086,725878,2720,home,1,4-4-2,1,0,35,380679,Nils Zätterström,Substitute,0,0,0,-1,,,,0,0,-1,,,,2025-05-19 04:54:17
13086,725878,2720,home,1,4-4-2,1,0,13,75987,Martin Olsson,Substitute,0,1,135579,18,135579.0,5160.0,86',0,0,-1,,,,2025-05-19 04:54:17
13086,725878,2720,home,1,4-4-2,1,0,22,314164,Taha Ali,Substitute,0,1,149538,10,149538.0,3900.0,65',0,0,-1,,,,2025-06-02 04:53:23
13086,725878,2720,home,1,4-4-2,1,0,8,255228,Arnór Sigurdsson,Substitute,0,1,286434,23,286434.0,4620.0,77',0,0,-1,,,,2025-05-19 04:54:17
13086,725878,2720,home,1,4-4-2,1,0,1,198227,Ricardo Friedrich,Substitute,0,0,0,-1,,,,0,0,-1,,,,2025-06-02 04:53:23
13086,725878,2720,home,1,4-4-2,1,0,16,138055,Oliver Berg,Substitute,0,1,218450,29,218450.0,3900.0,65',0,0,-1,,,,2025-05-19 04:54:17
13086,725878,2720,home,1,4-4-2,1,0,2,9101,Johan Karlsson,Substitute,0,1,193186,17,193186.0,4620.0,77',0,0,-1,,,,2025-05-19 04:54:17
13086,725878,2720,home,1,4-4-2,1,0,11,308880,Emmanuel Ekong,Substitute,0,0,0,-1,,,,0,0,-1,,,,2025-05-19 04:54:17
13086,725878,3017,away,0,5-4-1,1,1,12,195094,Tim Erlandsson,Goalkeeper,1,0,0,-1,,,,0,0,-1,,,,2025-05-19 04:54:17
13086,725878,3017,away,0,5-4-1,1,1,11,357140,Villiam Granath,Right Back,2,0,0,-1,,,,1,334002,28,334002.0,5100.0,85',2025-05-19 04:54:17
13086,725878,3017,away,0,5-4-1,1,1,15,357505,Gustav Friberg,Left Back,3,0,0,-1,,,,0,0,-1,,,,2025-05-19 04:54:17
13086,725878,3017,away,0,5-4-1,1,1,21,121282,Marcus Olsson,Center Left Defender,4,0,0,-1,,,,0,0,-1,,,,2025-06-02 04:53:23
13086,725878,3017,away,0,5-4-1,1,1,4,289329,Filip Schyberg,Center Defender,5,0,0,-1,,,,0,0,-1,,,,2025-05-19 04:54:17
13086,725878,3017,away,0,5-4-1,1,1,2,381647,Bleon Kurtulus,Center Right Defender,6,0,0,-1,,,,0,0,-1,,,,2025-05-19 04:54:17
13086,725878,3017,away,0,5-4-1,1,1,29,399508,Erik Arvidsson,Right Midfielder,7,0,0,-1,,,,1,289719,8,289719.0,3480.0,58',2025-05-19 04:54:17
13086,725878,3017,away,0,5-4-1,1,1,6,147211,Joel Allansson,Center Right Midfielder,8,0,0,-1,,,,1,237843,13,237843.0,4200.0,70',2025-05-19 04:54:17
13086,725878,3017,away,0,5-4-1,1,1,9,329971,Yannick Agnero,Forward,9,0,0,-1,,,,1,357142,3,357142.0,5100.0,85',2025-05-19 04:54:17
13086,725878,3017,away,0,5-4-1,1,1,25,321176,Aleksander Damnjanovic,Center Left Midfielder,10,0,0,-1,,,,0,0,-1,,,,2025-06-02 04:53:23
13086,725878,3017,away,0,5-4-1,1,1,18,357130,Naeem Mohammed,Left Midfielder,11,0,0,-1,,,,1,159454,14,159454.0,4200.0,70',2025-05-19 04:54:17
13086,725878,3017,away,0,5-4-1,1,0,26,359293,Mans Andersson,Substitute,0,0,0,-1,,,,0,0,-1,,,,2025-05-19 04:54:17
13086,725878,3017,away,0,5-4-1,1,0,3,357142,Gabriel Wallentin,Substitute,0,1,329971,9,329971.0,5100.0,85',0,0,-1,,,,2025-05-19 04:54:17
13086,725878,3017,away,0,5-4-1,1,0,28,334002,Malte Persson,Substitute,0,1,357140,11,357140.0,5100.0,85',0,0,-1,,,,2025-05-19 04:54:17
13086,725878,3017,away,0,5-4-1,1,0,14,159454,Blair Turgott,Substitute,0,1,357130,18,357130.0,4200.0,70',0,0,-1,,,,2025-05-19 04:54:17
13086,725878,3017,away,0,5-4-1,1,0,20,317094,Pawel Chrupalla,Substitute,0,0,0,-1,,,,0,0,-1,,,,2025-05-19 04:54:17
13086,725878,3017,away,0,5-4-1,1,0,8,289719,Niilo Mäenpää,Substitute,0,1,399508,29,399508.0,3480.0,58',0,0,-1,,,,2025-06-02 04:53:23
13086,725878,3017,away,0,5-4-1,1,0,1,264481,Tim Rönning,Substitute,0,0,0,-1,,,,0,0,-1,,,,2025-05-19 04:54:17
13086,725878,3017,away,0,5-4-1,1,0,13,237843,Gíisli Eyjólfsson,Substitute,0,1,147211,6,147211.0,4200.0,70',0,0,-1,,,,2025-06-02 04:53:23
13086,725878,3017,away,0,5-4-1,1,0,10,356384,Albin Ahlstrand,Substitute,0,0,0,-1,,,,0,0,-1,,,,2025-05-19 04:54:17
13086,725879,20301,home,1,4-2-3-1,1,1,1,301377,Noel Törnqvist,Goalkeeper,1,0,0,-1,,,,0,0,-1,,,,2025-06-02 04:53:23
13086,725879,20301,home,1,4-2-3-1,1,1,14,312876,Herman Johansson,Right Back,2,0,0,-1,,,,0,0,-1,,,,2025-05-20 04:53:39
13086,725879,20301,home,1,4-2-3-1,1,1,11,269109,Timo Stavitski,Left Back,3,0,0,-1,,,,1,346501,27,346501.0,5160.0,86',2025-05-20 04:53:39
13086,725879,20301,home,1,4-2-3-1,1,1,10,249171,Nicklas Rojkjaer,Left Midfielder,4,0,0,-1,,,,1,389637,39,389637.0,5160.0,86',2025-05-20 04:53:39
13086,725879,20301,home,1,4-2-3-1,1,1,5,356281,Abdullah Iqbal,Center Right Defender,5,0,0,-1,,,,0,0,-1,,,,2025-05-20 04:53:39
13086,725879,20301,home,1,4-2-3-1,1,1,24,172917,Tom Pettersson,Center Left Defender,6,0,0,-1,,,,0,0,-1,,,,2025-05-20 04:53:39
13086,725879,20301,home,1,4-2-3-1,1,1,17,357145,Elliot Stroud,Attacking Midfielder Right,7,0,0,-1,,,,0,0,-1,,,,2025-05-20 04:53:39
13086,725879,20301,home,1,4-2-3-1,1,1,22,192793,Jesper Gustavsson,Right Midfielder,8,0,0,-1,,,,0,0,-1,,,,2025-05-20 04:53:39
13086,725879,20301,home,1,4-2-3-1,1,1,18,293925,Jacob Bergstrom,Forward,9,0,0,-1,,,,1,301382,16,301382.0,4200.0,70',2025-05-25 04:51:56
13086,725879,20301,home,1,4-2-3-1,1,1,7,303651,Viktor Gustafson,Attacking Midfielder,10,0,0,-1,,,,1,361860,15,361860.0,4200.0,70',2025-05-25 04:51:56
13086,725879,20301,home,1,4-2-3-1,1,1,19,380320,Abdoulie Manneh,Attacking Midfielder Left,11,0,0,-1,,,,1,356408,6,356408.0,3420.0,57',2025-05-20 04:53:39
13086,725879,20301,home,1,4-2-3-1,1,0,16,301382,Alexander Johansson,Substitute,0,1,293925,18,293925.0,4200.0,70',0,0,-1,,,,2025-05-25 04:51:56
13086,725879,20301,home,1,4-2-3-1,1,0,27,346501,Ludvig Tidstrand,Substitute,0,1,269109,11,269109.0,5160.0,86',0,0,-1,,,,2025-05-20 04:53:39
13086,725879,20301,home,1,4-2-3-1,1,0,35,151931,Alexander Lundin,Substitute,0,0,0,-1,,,,0,0,-1,,,,2025-05-20 04:53:39
13086,725879,20301,home,1,4-2-3-1,1,0,25,346502,Argjend Miftari,Substitute,0,0,0,-1,,,,0,0,-1,,,,2025-05-20 04:53:39
13086,725879,20301,home,1,4-2-3-1,1,0,6,356408,Ludwig Malachowski,Substitute,0,1,380320,19,380320.0,3420.0,57',0,0,-1,,,,2025-06-02 04:53:23
13086,725879,20301,home,1,4-2-3-1,1,0,26,357118,Uba Charles,Substitute,0,0,0,-1,,,,0,0,-1,,,,2025-05-20 04:53:39
13086,725879,20301,home,1,4-2-3-1,1,0,15,361860,Bork Bang-Kittilsen,Substitute,0,1,303651,7,303651.0,4200.0,70',0,0,-1,,,,2025-05-25 04:51:56
13086,725879,20301,home,1,4-2-3-1,1,0,39,389637,Romeo Leandersson,Substitute,0,1,249171,10,249171.0,5160.0,86',0,0,-1,,,,2025-05-20 04:53:39
13086,725879,20301,home,1,4-2-3-1,1,0,23,403153,Olle Lindberg,Substitute,0,0,0,-1,,,,0,0,-1,,,,2025-05-20 04:53:39
13086,725879,8221,away,0,5-3-2,1,1,25,146116,Davor Blazevic,Goalkeeper,1,0,0,-1,,,,0,0,-1,,,,2025-05-20 04:53:39
13086,725879,8221,away,0,5-3-2,1,1,21,302691,Alex Timossi Andersson,Right Back,2,0,0,-1,,,,0,0,-1,,,,2025-05-20 04:53:39
13086,725879,8221,away,0,5-3-2,1,1,6,313932,Oliver Zandén,Left Back,3,0,0,-1,,,,0,0,-1,,,,2025-06-02 04:53:23
13086,725879,8221,away,0,5-3-2,1,1,5,251486,Serge-Junior Martinsson Ngouali,Center Left Defender,4,0,0,-1,,,,0,0,-1,,,,2025-06-02 04:53:23
13086,725879,8221,away,0,5-3-2,1,1,3,162464,Even Hovland,Center Defender,5,0,0,-1,,,,0,0,-1,,,,2025-05-20 04:53:39
13086,725879,8221,away,0,5-3-2,1,1,2,306206,Hlynur Freyr Karlsson,Center Right Defender,6,0,0,-1,,,,1,134643,39,134643.0,5160.0,86',2025-05-20 04:53:39
13086,725879,8221,away,0,5-3-2,1,1,19,243322,Daleho Irandust,Center Right Midfielder,7,0,0,-1,,,,0,0,-1,,,,2025-05-20 04:53:39
13086,725879,8221,away,0,5-3-2,1,1,24,257624,Kevin Ackermann,Center Midfielder,8,0,0,-1,,,,1,347458,27,347458.0,4440.0,74',2025-06-02 04:53:23
13086,725879,8221,away,0,5-3-2,1,1,7,320883,Victor Lind,Center Left Forward,9,0,0,-1,,,,0,0,-1,,,,2025-05-20 04:53:39
13086,725879,8221,away,0,5-3-2,1,1,23,399426,Ezekiel Alladoh,Center Right Forward,10,0,0,-1,,,,0,0,-1,,,,2025-05-20 04:53:39
13086,725879,8221,away,0,5-3-2,1,1,10,356378,Wilmer Odefalk,Center Left Midfielder,11,0,0,-1,,,,1,274984,16,274984.0,2700.0,45',2025-05-20 04:53:39
13086,725879,8221,away,0,5-3-2,1,0,27,347458,Kaare Barslund,Substitute,0,1,257624,24,257624.0,4440.0,74',0,0,-1,,,,2025-05-20 04:53:39
13086,725879,8221,away,0,5-3-2,1,0,40,390019,Leo Cavallius,Substitute,0,0,0,-1,,,,0,0,-1,,,,2025-05-20 04:53:39
13086,725879,8221,away,0,5-3-2,1,0,17,357143,Anton Kurochkin,Substitute,0,0,0,-1,,,,0,0,-1,,,,2025-05-20 04:53:39
13086,725879,8221,away,0,5-3-2,1,0,20,354886,Martin Vetkal,Substitute,0,0,0,-1,,,,0,0,-1,,,,2025-05-20 04:53:39
13086,725879,8221,away,0,5-3-2,1,0,77,321070,Frederik Christensen,Substitute,0,0,0,-1,,,,0,0,-1,,,,2025-06-02 04:53:23
13086,725879,8221,away,0,5-3-2,1,0,16,274984,Adam Jakobsen,Substitute,0,1,356378,10,356378.0,2700.0,45',0,0,-1,,,,2025-05-20 04:53:39
13086,725879,8221,away,0,5-3-2,1,0,4,208616,Eric Bjorkander,Substitute,0,0,0,-1,,,,0,0,-1,,,,2025-05-20 04:53:39
13086,725879,8221,away,0,5-3-2,1,0,39,134643,Nabil Bahoui,Substitute,0,1,306206,2,306206.0,5160.0,86',0,0,-1,,,,2025-05-20 04:53:39
13086,725879,8221,away,0,5-3-2,1,0,32,399427,Oskar Cotton,Substitute,0,0,0,-1,,,,0,0,-1,,,,2025-05-20 04:53:39
13086,725880,8547,home,0,4-3-3,1,1,1,313973,Ismael Diawara,Goalkeeper,1,0,0,-1,,,,0,0,-1,,,,2025-06-02 04:53:23
13086,725880,8547,home,0,4-3-3,1,1,13,298341,Jakob Voelkerling Persson,Right Back,2,0,0,-1,,,,1,382138,20,382138.0,5400.0,90'+4',2025-05-20 04:53:39
13086,725880,8547,home,0,4-3-3,1,1,33,342596,Saba Mamatsashvili,Left Back,3,0,0,-1,,,,0,0,-1,,,,2025-05-20 04:53:39
13086,725880,8547,home,0,4-3-3,1,1,10,358564,Melker Heier,Center Midfielder,4,0,0,-1,,,,1,315677,18,315677.0,5400.0,90'+4',2025-05-20 04:53:39
13086,725880,8547,home,0,4-3-3,1,1,15,186504,Simon Sandberg,Center Right Defender,5,0,0,-1,,,,1,25076,5,25076.0,5400.0,90'+4',2025-05-20 04:53:39
13086,725880,8547,home,0,4-3-3,1,1,4,366597,Tobias Anker,Center Left Defender,6,0,0,-1,,,,0,0,-1,,,,2025-05-20 04:53:39
13086,725880,8547,home,0,4-3-3,1,1,14,323176,Leo Walta,Right Midfielder,7,0,0,-1,,,,0,0,-1,,,,2025-05-20 04:53:39
13086,725880,8547,home,0,4-3-3,1,1,17,15527,Marcus Lindberg,Left Midfielder,8,0,0,-1,,,,1,359495,36,359495.0,5040.0,84',2025-05-20 04:53:39
13086,725880,8547,home,0,4-3-3,1,1,9,322993,Robbie Ure,Forward,9,0,0,-1,,,,0,0,-1,,,,2025-05-20 04:53:39
13086,725880,8547,home,0,4-3-3,1,1,19,309271,Noel Milleskog,Right Forward,10,0,0,-1,,,,1,344867,29,344867.0,3780.0,63',2025-05-20 04:53:39
13086,725880,8547,home,0,4-3-3,1,1,7,22706,Joakim Persson,Left Forward,11,0,0,-1,,,,0,0,-1,,,,2025-05-20 04:53:39
13086,725880,8547,home,0,4-3-3,1,0,24,401059,Victor Svensson,Substitute,0,0,0,-1,,,,0,0,-1,,,,2025-05-20 04:53:39
13086,725880,8547,home,0,4-3-3,1,0,20,382138,Victor Ekström,Substitute,0,1,298341,13,298341.0,5400.0,90'+4',0,0,-1,,,,2025-05-20 04:53:39
13086,725880,8547,home,0,4-3-3,1,0,36,359495,August Ljungberg,Substitute,0,1,15527,17,15527.0,5040.0,84',0,0,-1,,,,2025-05-20 04:53:39
13086,725880,8547,home,0,4-3-3,1,0,29,344867,Isak Bjerkebo,Substitute,0,1,309271,19,309271.0,3780.0,63',0,0,-1,,,,2025-05-20 04:53:39
13086,725880,8547,home,0,4-3-3,1,0,34,325348,David Celic,Substitute,0,0,0,-1,,,,0,0,-1,,,,2025-05-20 04:53:39
13086,725880,8547,home,0,4-3-3,1,0,18,315677,Adam Wikman,Substitute,0,1,358564,10,358564.0,5400.0,90'+4',0,0,-1,,,,2025-06-02 04:53:23
13086,725880,8547,home,0,4-3-3,1,0,8,311741,Andreas Pyndt,Substitute,0,0,0,-1,,,,0,0,-1,,,,2025-06-02 04:53:23
13086,725880,8547,home,0,4-3-3,1,0,21,235518,Dennis Widgren,Substitute,0,0,0,-1,,,,0,0,-1,,,,2025-05-20 04:53:39
13086,725880,8547,home,0,4-3-3,1,0,5,25076,Tobias Carlsson,Substitute,0,1,186504,15,186504.0,5400.0,90'+4',0,0,-1,,,,2025-05-20 04:53:39
13086,725880,8544,away,1,4-3-3,1,1,40,19242,David Andersson,Goalkeeper,1,0,0,-1,,,,0,0,-1,,,,2025-05-20 04:53:39
13086,725880,8544,away,1,4-3-3,1,1,37,345975,Moutaz Neffati,Right Back,2,0,0,-1,,,,1,232279,7,232279.0,3900.0,65',2025-05-20 04:53:39
13086,725880,8544,away,1,4-3-3,1,1,14,306290,Yahya Kalley,Left Back,3,0,0,-1,,,,1,359167,3,359167.0,3900.0,65',2025-05-20 04:53:39
13086,725880,8544,away,1,4-3-3,1,1,21,334003,Jesper Ceesay,Center Midfielder,4,0,0,-1,,,,0,0,-1,,,,2025-05-20 04:53:39
13086,725880,8544,away,1,4-3-3,1,1,4,356374,Amadeus Sögaard,Center Right Defender,5,0,0,-1,,,,1,238431,19,238431.0,3180.0,53',2025-05-20 04:53:39
13086,725880,8544,away,1,4-3-3,1,1,2,357205,Kojo Peprah Oppong,Center Left Defender,6,0,0,-1,,,,0,0,-1,,,,2025-06-02 04:53:23
13086,725880,8544,away,1,4-3-3,1,1,10,188022,David Moberg-Karlsson,Right Midfielder,7,0,0,-1,,,,0,0,-1,,,,2025-05-20 04:53:39
13086,725880,8544,away,1,4-3-3,1,1,9,230353,Arnór Traustason,Left Midfielder,8,0,0,-1,,,,0,0,-1,,,,2025-05-20 04:53:39
13086,725880,8544,away,1,4-3-3,1,1,22,287215,Tim Prica,Forward,9,0,0,-1,,,,1,389749,28,389749.0,5280.0,88',2025-05-20 04:53:39
13086,725880,8544,away,1,4-3-3,1,1,15,290034,Sebastian Jorgensen,Right Forward,10,0,0,-1,,,,1,364988,25,364988.0,5280.0,88',2025-05-20 04:53:39
13086,725880,8544,away,1,4-3-3,1,1,8,321404,Ísak Andri Sigurgeirsson,Left Forward,11,0,0,-1,,,,0,0,-1,,,,2025-05-20 04:53:39
13086,725880,8544,away,1,4-3-3,1,0,25,364988,Kevin Höög Jansson,Substitute,0,1,290034,15,290034.0,5280.0,88',0,0,-1,,,,2025-05-20 04:53:39
13086,725880,8544,away,1,4-3-3,1,0,24,334015,Anton Eriksson,Substitute,0,0,0,-1,,,,0,0,-1,,,,2025-05-20 04:53:39
13086,725880,8544,away,1,4-3-3,1,0,3,359167,Marcus Baggesen,Substitute,0,1,306290,14,306290.0,3900.0,65',0,0,-1,,,,2025-05-20 04:53:39
13086,725880,8544,away,1,4-3-3,1,0,30,380189,Theo Krantz,Substitute,0,0,0,-1,,,,0,0,-1,,,,2025-05-20 04:53:39
13086,725880,8544,away,1,4-3-3,1,0,7,232279,Alexander Fransson,Substitute,0,1,345975,37,345975.0,3900.0,65',0,0,-1,,,,2025-05-20 04:53:39
13086,725880,8544,away,1,4-3-3,1,0,19,238431,Max Watson,Substitute,0,1,356374,4,356374.0,3180.0,53',0,0,-1,,,,2025-05-20 04:53:39
13086,725880,8544,away,1,4-3-3,1,0,28,389749,Åke Andersson,Substitute,0,1,287215,22,287215.0,5280.0,88',0,0,-1,,,,2025-05-20 04:53:39
13086,725880,8544,away,1,4-3-3,1,0,11,286930,Ismet Lushaku,Substitute,0,0,0,-1,,,,0,0,-1,,,,2025-05-20 04:53:39
13086,725880,8544,away,1,4-3-3,1,0,20,400367,Axel Brönner,Substitute,0,0,0,-1,,,,0,0,-1,,,,2025-05-20 04:53:39
13086,725881,2936,home,0,4-3-3,1,1,13,400366,Robin Wallinder,Goalkeeper,1,0,0,-1,,,,0,0,-1,,,,2025-05-19 04:54:17
13086,725881,2936,home,0,4-3-3,1,1,3,380190,Kingsley Gyamfi,Right Back,2,0,0,-1,,,,0,0,-1,,,,2025-05-19 04:54:17
13086,725881,2936,home,0,4-3-3,1,1,14,173508,Dennis Olsson,Left Back,3,0,0,-1,,,,0,0,-1,,,,2025-05-19 04:54:17
13086,725881,2936,home,0,4-3-3,1,1,26,238868,Magnus Christensen,Center Midfielder,4,0,0,-1,,,,0,0,-1,,,,2025-05-19 04:54:17
13086,725881,2936,home,0,4-3-3,1,1,5,354352,Mattis Adolfsson,Center Right Defender,5,0,0,-1,,,,0,0,-1,,,,2025-05-19 04:54:17
13086,725881,2936,home,0,4-3-3,1,1,15,316395,Ivan Kricak,Center Left Defender,6,0,0,-1,,,,0,0,-1,,,,2025-05-19 04:54:17
13086,725881,2936,home,0,4-3-3,1,1,6,307747,Noah Soderberg,Right Midfielder,7,0,0,-1,,,,1,385181,8,385181.0,4680.0,78',2025-05-19 04:54:17
13086,725881,2936,home,0,4-3-3,1,1,7,302001,David Seger,Left Midfielder,8,0,0,-1,,,,0,0,-1,,,,2025-05-19 04:54:17
13086,725881,2936,home,0,4-3-3,1,1,20,217300,Alibek Aliev,Forward,9,0,0,-1,,,,1,162497,29,,,,2025-05-19 04:54:17
13086,725881,2936,home,0,4-3-3,1,1,19,289844,Matias Tamminen,Right Forward,10,0,0,-1,,,,1,312878,10,312878.0,5100.0,85',2025-05-19 04:54:17
13086,725881,2936,home,0,4-3-3,1,1,25,392578,Youssoupha Sanyang,Left Forward,11,0,0,-1,,,,0,0,-1,,,,2025-05-19 04:54:17
13086,725881,2936,home,0,4-3-3,1,0,29,162497,Christian Kouakou,Substitute,0,1,217300,20,217300.0,3840.0,64',0,0,-1,,,,2025-05-27 04:52:03
13086,725881,2936,home,0,4-3-3,1,0,22,400372,Oskar Gabrielsson,Substitute,0,0,0,-1,,,,0,0,-1,,,,2025-05-19 04:54:17
13086,725881,2936,home,0,4-3-3,1,0,32,400368,Carl Lundahl Persson,Substitute,0,0,0,-1,,,,0,0,-1,,,,2025-05-19 04:54:17
13086,725881,2936,home,0,4-3-3,1,0,17,399628,Vincent Poppler,Substitute,0,0,0,-1,,,,0,0,-1,,,,2025-05-19 04:54:17
13086,725881,2936,home,0,4-3-3,1,0,23,222639,Vladimir Rodic,Substitute,0,0,0,-1,,,,0,0,-1,,,,2025-05-19 04:54:17
13086,725881,2936,home,0,4-3-3,1,0,4,238435,Sebastian Starke Hedlund,Substitute,0,0,0,-1,,,,0,0,-1,,,,2025-05-19 04:54:17
13086,725881,2936,home,0,4-3-3,1,0,16,349204,Raymond Adjei,Substitute,0,0,0,-1,,,,0,0,-1,,,,2025-05-19 04:54:17
13086,725881,2936,home,0,4-3-3,1,0,10,312878,Albin Morfelt,Substitute,0,1,289844,19,289844.0,5100.0,85',0,0,-1,,,,2025-05-19 04:54:17
13086,725881,2936,home,0,4-3-3,1,0,8,385181,Daniel Ask,Substitute,0,1,307747,6,307747.0,4680.0,78',0,0,-1,,,,2025-05-19 04:54:17
13086,725881,8222,away,0,4-3-3,1,1,1,312877,Mergim Krasniqi,Goalkeeper,1,0,0,-1,,,,0,0,-1,,,,2025-05-19 04:54:17
13086,725881,8222,away,0,4-3-3,1,1,12,356377,Robin Frej,Right Back,2,0,0,-1,,,,1,379958,5,379958.0,5220.0,87',2025-05-19 04:54:17
13086,725881,8222,away,0,4-3-3,1,1,2,400217,Matteo de Brienne,Left Back,3,0,0,-1,,,,1,378806,6,378806.0,2700.0,45',2025-06-02 04:53:23
13086,725881,8222,away,0,4-3-3,1,1,7,378811,Joackim Åberg,Center Midfielder,4,0,0,-1,,,,1,313931,18,313931.0,3720.0,62',2025-05-19 04:54:17
13086,725881,8222,away,0,4-3-3,1,1,22,378820,Anes Cardaklija,Center Right Defender,5,0,0,-1,,,,0,0,-1,,,,2025-05-19 04:54:17
13086,725881,8222,away,0,4-3-3,1,1,4,333728,Oskar Ågren,Center Left Defender,6,0,0,-1,,,,0,0,-1,,,,2025-06-02 04:53:23
13086,725881,8222,away,0,4-3-3,1,1,9,378816,Gustav Lundgren,Right Midfielder,7,0,0,-1,,,,0,0,-1,,,,2025-05-19 04:54:17
13086,725881,8222,away,0,4-3-3,1,1,32,359795,Harun Ibrahim,Left Midfielder,8,0,0,-1,,,,0,0,-1,,,,2025-05-19 04:54:17
13086,725881,8222,away,0,4-3-3,1,1,19,308726,Ibrahim Diabate,Forward,9,0,0,-1,,,,0,0,-1,,,,2025-05-19 04:54:17
13086,725881,8222,away,0,4-3-3,1,1,16,400221,Rasmus Niklasson Petrovic,Right Forward,10,0,0,-1,,,,1,334033,11,334033.0,2700.0,45',2025-05-19 04:54:17
13086,725881,8222,away,0,4-3-3,1,1,26,241105,Chovanie Amatkarijo,Left Forward,11,0,0,-1,,,,1,149765,25,149765.0,3720.0,62',2025-05-19 04:54:17
13086,725881,8222,away,0,4-3-3,1,0,10,347031,Amin Boudri,Substitute,0,0,0,-1,,,,0,0,-1,,,,2025-05-19 04:54:17
13086,725881,8222,away,0,4-3-3,1,0,5,379958,Robin Wendin Thomasson,Substitute,0,1,356377,12,356377.0,5220.0,87',0,0,-1,,,,2025-06-02 04:53:23
13086,725881,8222,away,0,4-3-3,1,0,24,378826,Filip Beckman,Substitute,0,0,0,-1,,,,0,0,-1,,,,2025-05-19 04:54:17
13086,725881,8222,away,0,4-3-3,1,0,6,378806,August Wängberg,Substitute,0,1,400217,2,400217.0,2700.0,45',0,0,-1,,,,2025-05-19 04:54:17
13086,725881,8222,away,0,4-3-3,1,0,13,360878,Kees Sims,Substitute,0,0,0,-1,,,,0,0,-1,,,,2025-05-19 04:54:17
13086,725881,8222,away,0,4-3-3,1,0,11,334033,Edvin Becirovic,Substitute,0,1,400221,16,400221.0,2700.0,45',0,0,-1,,,,2025-05-19 04:54:17
13086,725881,8222,away,0,4-3-3,1,0,18,313931,Kevin Holmén,Substitute,0,1,378811,7,378811.0,3720.0,62',0,0,-1,,,,2025-06-02 04:53:23
13086,725881,8222,away,0,4-3-3,1,0,8,312852,William Milovanovic,Substitute,0,0,0,-1,,,,0,0,-1,,,,2025-05-19 04:54:17
13086,725881,8222,away,0,4-3-3,1,0,25,149765,Jonas Lindberg,Substitute,0,1,241105,26,241105.0,3720.0,62',0,0,-1,,,,2025-05-19 04:54:17
13086,725882,8221,home,0,4-2-3-1,1,1,25,146116,Davor Blazevic,Goalkeeper,1,0,0,-1,,,,0,0,-1,,,,2025-05-26 04:52:38
13086,725882,8221,home,0,4-2-3-1,1,1,21,302691,Alex Timossi Andersson,Right Back,2,0,0,-1,,,,0,0,-1,,,,2025-05-26 04:52:38
13086,725882,8221,home,0,4-2-3-1,1,1,77,321070,Frederik Christensen,Left Back,3,0,0,-1,,,,0,0,-1,,,,2025-06-02 04:53:23
13086,725882,8221,home,0,4-2-3-1,1,1,5,251486,Serge-Junior Martinsson Ngouali,Left Midfielder,4,0,0,-1,,,,0,0,-1,,,,2025-06-02 04:53:23
13086,725882,8221,home,0,4-2-3-1,1,1,2,306206,Hlynur Freyr Karlsson,Center Right Defender,5,0,0,-1,,,,0,0,-1,,,,2025-05-26 04:52:38
13086,725882,8221,home,0,4-2-3-1,1,1,3,162464,Even Hovland,Center Left Defender,6,0,0,-1,,,,0,0,-1,,,,2025-05-26 04:52:38
13086,725882,8221,home,0,4-2-3-1,1,1,19,243322,Daleho Irandust,Attacking Midfielder Right,7,0,0,-1,,,,0,0,-1,,,,2025-05-26 04:52:38
13086,725882,8221,home,0,4-2-3-1,1,1,31,399423,Love Arrhov,Right Midfielder,8,0,0,-1,,,,1,356378,10,356378.0,4920.0,82',2025-05-26 04:52:38
13086,725882,8221,home,0,4-2-3-1,1,1,23,399426,Ezekiel Alladoh,Forward,9,0,0,-1,,,,0,0,-1,,,,2025-05-26 04:52:38
13086,725882,8221,home,0,4-2-3-1,1,1,16,274984,Adam Jakobsen,Attacking Midfielder,10,0,0,-1,,,,0,0,-1,,,,2025-05-26 04:52:38
13086,725882,8221,home,0,4-2-3-1,1,1,7,320883,Victor Lind,Attacking Midfielder Left,11,0,0,-1,,,,1,134643,39,134643.0,4140.0,69',2025-05-26 04:52:38
13086,725882,8221,home,0,4-2-3-1,1,0,40,390019,Leo Cavallius,Substitute,0,0,0,-1,,,,0,0,-1,,,,2025-05-26 04:52:38
13086,725882,8221,home,0,4-2-3-1,1,0,27,347458,Kaare Barslund,Substitute,0,0,0,-1,,,,0,0,-1,,,,2025-05-26 04:52:38
13086,725882,8221,home,0,4-2-3-1,1,0,24,257624,Kevin Ackermann,Substitute,0,0,0,-1,,,,0,0,-1,,,,2025-06-02 04:53:23
13086,725882,8221,home,0,4-2-3-1,1,0,10,356378,Wilmer Odefalk,Substitute,0,1,399423,31,399423.0,4920.0,82',0,0,-1,,,,2025-05-26 04:52:38
13086,725882,8221,home,0,4-2-3-1,1,0,4,208616,Eric Bjorkander,Substitute,0,0,0,-1,,,,0,0,-1,,,,2025-05-26 04:52:38
13086,725882,8221,home,0,4-2-3-1,1,0,39,134643,Nabil Bahoui,Substitute,0,1,320883,7,320883.0,4140.0,69',0,0,-1,,,,2025-05-26 04:52:38
13086,725882,8221,home,0,4-2-3-1,1,0,17,357143,Anton Kurochkin,Substitute,0,0,0,-1,,,,0,0,-1,,,,2025-05-26 04:52:38
13086,725882,8221,home,0,4-2-3-1,1,0,14,384107,Kamilcan Sever,Substitute,0,0,0,-1,,,,0,0,-1,,,,2025-05-26 04:52:38
13086,725882,8221,home,0,4-2-3-1,1,0,32,399427,Oskar Cotton,Substitute,0,0,0,-1,,,,0,0,-1,,,,2025-05-26 04:52:38
13086,725882,994,away,1,5-4-1,1,1,15,133993,Kristoffer Nordfeldt,Goalkeeper,1,0,0,-1,,,,0,0,-1,,,,2025-05-26 04:52:38
13086,725882,994,away,1,5-4-1,1,1,17,229692,Mads Thychosen,Right Back,2,0,0,-1,,,,0,0,-1,,,,2025-05-26 04:52:38
13086,725882,994,away,1,5-4-1,1,1,19,237759,Dino Besirovic,Left Back,3,0,0,-1,,,,1,261614,16,,,,2025-05-26 04:52:38
13086,725882,994,away,1,5-4-1,1,1,3,258904,Thomas Isherwood,Center Left Defender,4,0,0,-1,,,,0,0,-1,,,,2025-06-02 04:53:23
13086,725882,994,away,1,5-4-1,1,1,4,223140,Sotiris Papagiannopoulos,Center Defender,5,0,0,-1,,,,0,0,-1,,,,2025-05-26 04:52:38
13086,725882,994,away,1,5-4-1,1,1,32,222606,Filip Benkovic,Center Right Defender,6,0,0,-1,,,,0,0,-1,,,,2025-05-26 04:52:38
13086,725882,994,away,1,5-4-1,1,1,8,236162,Johan Hove,Right Midfielder,7,0,0,-1,,,,1,347636,45,347636.0,5400.0,90'+2',2025-05-26 04:52:38
13086,725882,994,away,1,5-4-1,1,1,7,193105,Anton Saletros,Center Right Midfielder,8,0,0,-1,,,,0,0,-1,,,,2025-05-26 04:52:38
13086,725882,994,away,1,5-4-1,1,1,9,305500,Andronikos Kakoulis,Forward,9,0,0,-1,,,,1,146893,11,146893.0,5400.0,90'+1',2025-05-26 04:52:38
13086,725882,994,away,1,5-4-1,1,1,9,305500,Andronikos Kakoulis,Forward,9,0,0,-1,,,,1,146893,11,146893.0,3900.0,65',2025-05-26 04:52:38
13086,725882,994,away,1,5-4-1,1,1,33,322466,Áron Csongvai,Center Left Midfielder,10,0,0,-1,,,,0,0,-1,,,,2025-06-02 04:53:23
13086,725882,994,away,1,5-4-1,1,1,10,215152,Bersant Celina,Left Midfielder,11,0,0,-1,,,,1,325409,5,325409.0,3900.0,65',2025-05-26 04:52:38
13086,725882,994,away,1,5-4-1,1,0,30,218410,Kalle Joelsson,Substitute,0,0,0,-1,,,,0,0,-1,,,,2025-05-26 04:52:38
13086,725882,994,away,1,5-4-1,1,0,22,172923,Jere Uronen,Substitute,0,1,146893,11,146893.0,3900.0,65',0,0,-1,,,,2025-05-26 04:52:38
13086,725882,994,away,1,5-4-1,1,0,22,172923,Jere Uronen,Substitute,0,1,146893,11,146893.0,5400.0,90'+1',0,0,-1,,,,2025-05-26 04:52:38
13086,725882,994,away,1,5-4-1,1,0,18,357135,Abdihakim Ali,Substitute,0,0,0,-1,,,,0,0,-1,,,,2025-06-02 04:53:23
13086,725882,994,away,1,5-4-1,1,0,45,347636,Taha Ayari,Substitute,0,1,236162,8,236162.0,5400.0,90'+2',0,0,-1,,,,2025-05-26 04:52:38
13086,725882,994,away,1,5-4-1,1,0,47,346655,Alexander Fesshaie,Substitute,0,0,0,-1,,,,0,0,-1,,,,2025-06-02 04:53:23
13086,725882,994,away,1,5-4-1,1,0,43,334029,Victor Andersson,Substitute,0,0,0,-1,,,,0,0,-1,,,,2025-05-26 04:52:38
13086,725882,994,away,1,5-4-1,1,0,5,325409,Kazper Karlsson,Substitute,0,1,215152,10,215152.0,3900.0,65',0,0,-1,,,,2025-05-26 04:52:38
13086,725882,994,away,1,5-4-1,1,0,16,261614,Benjamin Tiedemann Hansen,Substitute,0,1,237759,19,237759.0,5400.0,90'+2',0,0,-1,,,,2025-06-02 04:53:23
13086,725882,994,away,1,5-4-1,1,0,11,146893,John Guidetti,Substitute,0,1,305500,9,305500.0,3900.0,65',1,172923,22,172923.0,5400.0,90'+1',2025-05-26 04:52:38
13086,725883,2556,home,1,4-3-3,1,1,25,359784,Elis Bishesari,Goalkeeper,1,0,0,-1,,,,0,0,-1,,,,2025-05-26 04:52:38
13086,725883,2556,home,1,4-3-3,1,1,18,349811,Felix Eriksson,Right Back,2,0,0,-1,,,,1,220974,5,220974.0,5220.0,87',2025-05-26 04:52:38
13086,725883,2556,home,1,4-3-3,1,1,22,383948,Noah Tolf,Left Back,3,0,0,-1,,,,1,179771,6,179771.0,5400.0,90'+5',2025-05-26 04:52:38
13086,725883,2556,home,1,4-3-3,1,1,15,307947,David Kruse,Center Midfielder,4,0,0,-1,,,,0,0,-1,,,,2025-05-26 04:52:38
13086,725883,2556,home,1,4-3-3,1,1,13,83736,Gustav Svensson,Center Right Defender,5,0,0,-1,,,,0,0,-1,,,,2025-05-26 04:52:38
13086,725883,2556,home,1,4-3-3,1,1,3,241163,August Erlingmark,Center Left Defender,6,0,0,-1,,,,0,0,-1,,,,2025-05-26 04:52:38
13086,725883,2556,home,1,4-3-3,1,1,23,289882,Kolbeinn Thordarson,Right Midfielder,7,0,0,-1,,,,0,0,-1,,,,2025-05-26 04:52:38
13086,725883,2556,home,1,4-3-3,1,1,8,297985,Imam Jagne,Left Midfielder,8,0,0,-1,,,,1,313971,21,313971.0,5220.0,87',2025-06-02 04:53:23
13086,725883,2556,home,1,4-3-3,1,1,9,303768,Max Fenger,Forward,9,0,0,-1,,,,0,0,-1,,,,2025-05-26 04:52:38
13086,725883,2556,home,1,4-3-3,1,1,17,252746,Eman Markovic,Right Forward,10,0,0,-1,,,,1,343958,29,343958.0,4200.0,70',2025-05-26 04:52:38
13086,725883,2556,home,1,4-3-3,1,1,14,219163,Tobias Heintz,Left Forward,11,0,0,-1,,,,0,0,-1,,,,2025-05-26 04:52:38
13086,725883,2556,home,1,4-3-3,1,0,31,381084,David Mikhail,Substitute,0,0,0,-1,,,,0,0,-1,,,,2025-05-26 04:52:38
13086,725883,2556,home,1,4-3-3,1,0,26,380238,Benjamin Brantlind,Substitute,0,0,0,-1,,,,0,0,-1,,,,2025-05-26 04:52:38
13086,725883,2556,home,1,4-3-3,1,0,7,390390,Sebastian Clemmensen,Substitute,0,0,0,-1,,,,0,0,-1,,,,2025-05-26 04:52:38
13086,725883,2556,home,1,4-3-3,1,0,16,343826,Linus Carlstrand,Substitute,0,0,0,-1,,,,0,0,-1,,,,2025-05-26 04:52:38
13086,725883,2556,home,1,4-3-3,1,0,21,313971,Adam Carlén,Substitute,0,1,297985,8,297985.0,5220.0,87',0,0,-1,,,,2025-05-26 04:52:38
13086,725883,2556,home,1,4-3-3,1,0,30,222784,Ramon Pascal Lundqvist,Substitute,0,0,0,-1,,,,0,0,-1,,,,2025-06-02 04:53:23
13086,725883,2556,home,1,4-3-3,1,0,5,220974,Jonas Bager,Substitute,0,1,349811,18,349811.0,5220.0,87',0,0,-1,,,,2025-05-26 04:52:38
13086,725883,2556,home,1,4-3-3,1,0,6,179771,Anders Trondsen,Substitute,0,1,383948,22,383948.0,5400.0,90'+5',0,0,-1,,,,2025-05-26 04:52:38
13086,725883,2556,home,1,4-3-3,1,0,29,343958,Thomas Santos,Substitute,0,1,252746,17,252746.0,4200.0,70',0,0,-1,,,,2025-05-26 04:52:38
13086,725883,2720,away,0,5-3-2,1,1,33,307800,Melker Ellborg,Goalkeeper,1,0,0,-1,,,,0,0,-1,,,,2025-05-26 04:52:38
13086,725883,2720,away,0,5-3-2,1,1,37,364698,Adrian Skogmar,Right Back,2,0,0,-1,,,,1,330239,38,330239.0,3600.0,60',2025-05-26 04:52:38
13086,725883,2720,away,0,5-3-2,1,1,2,9101,Johan Karlsson,Left Back,3,0,0,-1,,,,0,0,-1,,,,2025-05-26 04:52:38
13086,725883,2720,away,0,5-3-2,1,1,25,301219,Busanello,Center Left Defender,4,0,0,-1,,,,0,0,-1,,,,2025-05-26 04:52:38
13086,725883,2720,away,0,5-3-2,1,1,19,279135,Colin Rösler,Center Defender,5,0,0,-1,,,,0,0,-1,,,,2025-05-26 04:52:38
13086,725883,2720,away,0,5-3-2,1,1,17,193186,Jens Stryger Larsen,Center Right Defender,6,0,0,-1,,,,1,162738,6,162738.0,3600.0,60',2025-05-26 04:52:38
13086,725883,2720,away,0,5-3-2,1,1,7,315679,Otto Rosengren,Center Right Midfielder,7,0,0,-1,,,,0,0,-1,,,,2025-05-26 04:52:38
13086,725883,2720,away,0,5-3-2,1,1,23,286434,Lasse Berg Johnsen,Center Midfielder,8,0,0,-1,,,,0,0,-1,,,,2025-06-02 04:53:23
13086,725883,2720,away,0,5-3-2,1,1,32,360023,Daniel Gudjohnsen,Center Left Forward,9,0,0,-1,,,,1,166657,9,166657.0,4560.0,76',2025-06-01 04:57:56
13086,725883,2720,away,0,5-3-2,1,1,29,218450,Sead Haksabanovic,Center Right Forward,10,0,0,-1,,,,1,314164,22,314164.0,4560.0,76',2025-06-01 04:57:56
13086,725883,2720,away,0,5-3-2,1,1,8,255228,Arnór Sigurdsson,Center Left Midfielder,11,0,0,-1,,,,1,308880,11,308880.0,3600.0,60',2025-05-26 04:52:38
13086,725883,2720,away,0,5-3-2,1,0,1,198227,Ricardo Friedrich,Substitute,0,0,0,-1,,,,0,0,-1,,,,2025-06-02 04:53:23
13086,725883,2720,away,0,5-3-2,1,0,38,330239,Hugo Bolin,Substitute,0,1,364698,37,364698.0,3600.0,60',0,0,-1,,,,2025-05-26 04:52:38
13086,725883,2720,away,0,5-3-2,1,0,40,381395,Kenan Busuladzic,Substitute,0,0,0,-1,,,,0,0,-1,,,,2025-05-26 04:52:38
13086,725883,2720,away,0,5-3-2,1,0,11,308880,Emmanuel Ekong,Substitute,0,1,255228,8,255228.0,3600.0,60',0,0,-1,,,,2025-05-26 04:52:38
13086,725883,2720,away,0,5-3-2,1,0,9,166657,Isaac Kiese Thelin,Substitute,0,1,360023,32,360023.0,4560.0,76',0,0,-1,,,,2025-05-26 04:52:38
13086,725883,2720,away,0,5-3-2,1,0,6,162738,Oscar Lewicki,Substitute,0,1,193186,17,193186.0,3600.0,60',0,0,-1,,,,2025-05-26 04:52:38
13086,725883,2720,away,0,5-3-2,1,0,10,149538,Anders Christiansen,Substitute,0,0,0,-1,,,,0,0,-1,,,,2025-05-26 04:52:38
13086,725883,2720,away,0,5-3-2,1,0,16,138055,Oliver Berg,Substitute,0,0,0,-1,,,,0,0,-1,,,,2025-05-26 04:52:38
13086,725883,2720,away,0,5-3-2,1,0,22,314164,Taha Ali,Substitute,0,1,218450,29,218450.0,4560.0,76',0,0,-1,,,,2025-06-02 04:53:23
13086,725884,8544,home,0,4-2-3-1,1,1,40,19242,David Andersson,Goalkeeper,1,0,0,-1,,,,0,0,-1,,,,2025-05-27 04:52:03
13086,725884,8544,home,0,4-2-3-1,1,1,37,345975,Moutaz Neffati,Right Back,2,0,0,-1,,,,0,0,-1,,,,2025-05-27 04:52:03
13086,725884,8544,home,0,4-2-3-1,1,1,3,359167,Marcus Baggesen,Left Back,3,0,0,-1,,,,1,364988,25,364988.0,5400.0,90'+3',2025-05-27 04:52:03
13086,725884,8544,home,0,4-2-3-1,1,1,20,400367,Axel Brönner,Left Midfielder,4,0,0,-1,,,,1,286930,11,286930.0,3600.0,60',2025-05-27 04:52:03
13086,725884,8544,home,0,4-2-3-1,1,1,19,238431,Max Watson,Center Right Defender,5,0,0,-1,,,,0,0,-1,,,,2025-05-27 04:52:03
13086,725884,8544,home,0,4-2-3-1,1,1,2,357205,Kojo Peprah Oppong,Center Left Defender,6,0,0,-1,,,,0,0,-1,,,,2025-06-02 04:53:23
13086,725884,8544,home,0,4-2-3-1,1,1,10,188022,David Moberg-Karlsson,Attacking Midfielder Right,7,0,0,-1,,,,1,287215,22,287215.0,3600.0,60',2025-05-27 04:52:03
13086,725884,8544,home,0,4-2-3-1,1,1,7,232279,Alexander Fransson,Right Midfielder,8,0,0,-1,,,,1,334003,21,334003.0,3600.0,60',2025-05-27 04:52:03
13086,725884,8544,home,0,4-2-3-1,1,1,15,290034,Sebastian Jorgensen,Forward,9,0,0,-1,,,,0,0,-1,,,,2025-05-27 04:52:03
13086,725884,8544,home,0,4-2-3-1,1,1,9,230353,Arnór Traustason,Attacking Midfielder,10,0,0,-1,,,,0,0,-1,,,,2025-05-27 04:52:03
13086,725884,8544,home,0,4-2-3-1,1,1,8,321404,Ísak Andri Sigurgeirsson,Attacking Midfielder Left,11,0,0,-1,,,,0,0,-1,,,,2025-05-27 04:52:03
13086,725884,8544,home,0,4-2-3-1,1,0,24,334015,Anton Eriksson,Substitute,0,0,0,-1,,,,0,0,-1,,,,2025-05-27 04:52:03
13086,725884,8544,home,0,4-2-3-1,1,0,21,334003,Jesper Ceesay,Substitute,0,1,232279,7,232279.0,3600.0,60',0,0,-1,,,,2025-05-27 04:52:03
13086,725884,8544,home,0,4-2-3-1,1,0,4,356374,Amadeus Sögaard,Substitute,0,0,0,-1,,,,0,0,-1,,,,2025-05-27 04:52:03
13086,725884,8544,home,0,4-2-3-1,1,0,14,306290,Yahya Kalley,Substitute,0,0,0,-1,,,,0,0,-1,,,,2025-05-27 04:52:03
13086,725884,8544,home,0,4-2-3-1,1,0,25,364988,Kevin Höög Jansson,Substitute,0,1,359167,3,359167.0,5400.0,90'+3',0,0,-1,,,,2025-05-27 04:52:03
13086,725884,8544,home,0,4-2-3-1,1,0,30,380189,Theo Krantz,Substitute,0,0,0,-1,,,,0,0,-1,,,,2025-05-27 04:52:03
13086,725884,8544,home,0,4-2-3-1,1,0,28,389749,Åke Andersson,Substitute,0,0,0,-1,,,,0,0,-1,,,,2025-05-27 04:52:03
13086,725884,8544,home,0,4-2-3-1,1,0,22,287215,Tim Prica,Substitute,0,1,188022,10,188022.0,3600.0,60',0,0,-1,,,,2025-05-27 04:52:03
13086,725884,8544,home,0,4-2-3-1,1,0,11,286930,Ismet Lushaku,Substitute,0,1,400367,20,400367.0,3600.0,60',0,0,-1,,,,2025-05-27 04:52:03
13086,725884,20301,away,0,3-4-2-1,1,1,1,301377,Noel Törnqvist,Goalkeeper,1,0,0,-1,,,,0,0,-1,,,,2025-06-02 04:53:23
13086,725884,20301,away,0,3-4-2-1,1,1,17,357145,Elliot Stroud,Right Midfielder,2,0,0,-1,,,,0,0,-1,,,,2025-05-27 04:52:03
13086,725884,20301,away,0,3-4-2-1,1,1,11,269109,Timo Stavitski,Left Midfielder,3,0,0,-1,,,,1,357118,26,357118.0,4920.0,82',2025-05-27 04:52:03
13086,725884,20301,away,0,3-4-2-1,1,1,11,269109,Timo Stavitski,Left Midfielder,3,0,0,-1,,,,1,357118,26,357118.0,900.0,15',2025-05-27 04:52:03
13086,725884,20301,away,0,3-4-2-1,1,1,24,172917,Tom Pettersson,Center Left Defender,4,0,0,-1,,,,0,0,-1,,,,2025-05-27 04:52:03
13086,725884,20301,away,0,3-4-2-1,1,1,4,306289,Axel Norén,Center Defender,5,0,0,-1,,,,0,0,-1,,,,2025-05-27 04:52:03
13086,725884,20301,away,0,3-4-2-1,1,1,14,312876,Herman Johansson,Center Right Defender,6,0,0,-1,,,,0,0,-1,,,,2025-05-27 04:52:03
13086,725884,20301,away,0,3-4-2-1,1,1,22,192793,Jesper Gustavsson,Center Right Midfielder,7,0,0,-1,,,,0,0,-1,,,,2025-05-27 04:52:03
13086,725884,20301,away,0,3-4-2-1,1,1,10,249171,Nicklas Rojkjaer,Center Left Midfielder,8,0,0,-1,,,,0,0,-1,,,,2025-05-27 04:52:03
13086,725884,20301,away,0,3-4-2-1,1,1,18,293925,Jacob Bergstrom,Forward,9,0,0,-1,,,,1,301382,16,301382.0,4380.0,73',2025-05-27 04:52:03
13086,725884,20301,away,0,3-4-2-1,1,1,6,356408,Ludwig Malachowski,Center Right Forward,10,0,0,-1,,,,1,361860,15,361860.0,4380.0,73',2025-06-02 04:53:23
13086,725884,20301,away,0,3-4-2-1,1,1,19,380320,Abdoulie Manneh,Center Left Forward,11,0,0,-1,,,,1,389637,39,389637.0,4980.0,83',2025-05-27 04:52:03
13086,725884,20301,away,0,3-4-2-1,1,0,15,361860,Bork Bang-Kittilsen,Substitute,0,1,356408,6,356408.0,4380.0,73',0,0,-1,,,,2025-05-27 04:52:03
13086,725884,20301,away,0,3-4-2-1,1,0,39,389637,Romeo Leandersson,Substitute,0,1,380320,19,380320.0,4980.0,83',0,0,-1,,,,2025-05-27 04:52:03
13086,725884,20301,away,0,3-4-2-1,1,0,35,151931,Alexander Lundin,Substitute,0,0,0,-1,,,,0,0,-1,,,,2025-05-27 04:52:03
13086,725884,20301,away,0,3-4-2-1,1,0,26,357118,Uba Charles,Substitute,0,1,269109,11,269109.0,900.0,15',1,346501,27,346501.0,4920.0,82',2025-05-27 04:52:03
13086,725884,20301,away,0,3-4-2-1,1,0,25,346502,Argjend Miftari,Substitute,0,0,0,-1,,,,0,0,-1,,,,2025-05-27 04:52:03
13086,725884,20301,away,0,3-4-2-1,1,0,27,346501,Ludvig Tidstrand,Substitute,0,1,357118,26,357118.0,4920.0,82',0,0,-1,,,,2025-05-27 04:52:03
13086,725884,20301,away,0,3-4-2-1,1,0,27,346501,Ludvig Tidstrand,Substitute,0,1,357118,26,357118.0,900.0,15',0,0,-1,,,,2025-05-27 04:52:03
13086,725884,20301,away,0,3-4-2-1,1,0,16,301382,Alexander Johansson,Substitute,0,1,293925,18,293925.0,4380.0,73',0,0,-1,,,,2025-05-27 04:52:03
13086,725885,8222,home,1,4-3-3,1,1,1,312877,Mergim Krasniqi,Goalkeeper,1,0,0,-1,,,,0,0,-1,,,,2025-05-25 04:51:56
13086,725885,8222,home,1,4-3-3,1,1,6,378806,August Wängberg,Right Back,2,0,0,-1,,,,0,0,-1,,,,2025-05-25 04:51:56
13086,725885,8222,home,1,4-3-3,1,1,5,379958,Robin Wendin Thomasson,Left Back,3,0,0,-1,,,,0,0,-1,,,,2025-06-02 04:53:23
13086,725885,8222,home,1,4-3-3,1,1,18,313931,Kevin Holmén,Center Midfielder,4,0,0,-1,,,,1,149765,25,149765.0,4200.0,70',2025-06-02 04:53:23
13086,725885,8222,home,1,4-3-3,1,1,12,356377,Robin Frej,Center Right Defender,5,0,0,-1,,,,0,0,-1,,,,2025-05-25 04:51:56
13086,725885,8222,home,1,4-3-3,1,1,24,378826,Filip Beckman,Center Left Defender,6,0,0,-1,,,,0,0,-1,,,,2025-05-25 04:51:56
13086,725885,8222,home,1,4-3-3,1,1,8,312852,William Milovanovic,Right Midfielder,7,0,0,-1,,,,1,359795,32,359795.0,3720.0,62',2025-05-25 04:51:56
13086,725885,8222,home,1,4-3-3,1,1,10,347031,Amin Boudri,Left Midfielder,8,0,0,-1,,,,1,315674,21,315674.0,4860.0,81',2025-05-25 04:51:56
13086,725885,8222,home,1,4-3-3,1,1,19,308726,Ibrahim Diabaté,Forward,9,0,0,-1,,,,0,0,-1,,,,2025-06-21 04:51:56
13086,725885,8222,home,1,4-3-3,1,1,9,378816,Gustav Lundgren,Right Forward,10,0,0,-1,,,,0,0,-1,,,,2025-05-25 04:51:56
13086,725885,8222,home,1,4-3-3,1,1,11,334033,Edvin Becirovic,Left Forward,11,0,0,-1,,,,1,400221,16,400221.0,3720.0,62',2025-05-25 04:51:56
13086,725885,8222,home,1,4-3-3,1,0,25,149765,Jonas Lindberg,Substitute,0,1,313931,18,313931.0,4200.0,70',0,0,-1,,,,2025-05-25 04:51:56
13086,725885,8222,home,1,4-3-3,1,0,26,241105,Chovanie Amatkarijo,Substitute,0,0,0,-1,,,,0,0,-1,,,,2025-05-25 04:51:56
13086,725885,8222,home,1,4-3-3,1,0,21,315674,Axel Henriksson,Substitute,0,1,347031,10,347031.0,4860.0,81',0,0,-1,,,,2025-05-25 04:51:56
13086,725885,8222,home,1,4-3-3,1,0,4,333728,Oskar Ågren,Substitute,0,0,0,-1,,,,0,0,-1,,,,2025-06-02 04:53:23
13086,725885,8222,home,1,4-3-3,1,0,22,378820,Anes Cardaklija,Substitute,0,0,0,-1,,,,0,0,-1,,,,2025-05-25 04:51:56
13086,725885,8222,home,1,4-3-3,1,0,16,400221,Rasmus Niklasson Petrovic,Substitute,0,1,334033,11,334033.0,3720.0,62',0,0,-1,,,,2025-05-25 04:51:56
13086,725885,8222,home,1,4-3-3,1,0,2,400217,Matteo de Brienne,Substitute,0,0,0,-1,,,,0,0,-1,,,,2025-06-02 04:53:23
13086,725885,8222,home,1,4-3-3,1,0,13,360878,Kees Sims,Substitute,0,0,0,-1,,,,0,0,-1,,,,2025-05-25 04:51:56
13086,725885,8222,home,1,4-3-3,1,0,32,359795,Harun Ibrahim,Substitute,0,1,312852,8,312852.0,3720.0,62',0,0,-1,,,,2025-05-25 04:51:56
13086,725885,8547,away,0,4-2-3-1,1,1,1,313973,Ismael Diawara,Goalkeeper,1,0,0,-1,,,,0,0,-1,,,,2025-06-02 04:53:23
13086,725885,8547,away,0,4-2-3-1,1,1,13,298341,Jakob Voelkerling Persson,Right Back,2,0,0,-1,,,,1,382138,20,382138.0,4560.0,76',2025-05-25 04:51:56
13086,725885,8547,away,0,4-2-3-1,1,1,33,342596,Saba Mamatsashvili,Left Back,3,0,0,-1,,,,1,299250,3,299250.0,2700.0,45',2025-05-25 04:51:56
13086,725885,8547,away,0,4-2-3-1,1,1,10,358564,Melker Heier,Left Midfielder,4,0,0,-1,,,,1,359495,36,359495.0,5340.0,89',2025-05-25 04:51:56
13086,725885,8547,away,0,4-2-3-1,1,1,5,25076,Tobias Carlsson,Center Right Defender,5,0,0,-1,,,,0,0,-1,,,,2025-05-25 04:51:56
13086,725885,8547,away,0,4-2-3-1,1,1,4,366597,Tobias Anker,Center Left Defender,6,0,0,-1,,,,0,0,-1,,,,2025-05-25 04:51:56
13086,725885,8547,away,0,4-2-3-1,1,1,29,344867,Isak Bjerkebo,Attacking Midfielder Right,7,0,0,-1,,,,1,309271,19,309271.0,3780.0,63',2025-05-25 04:51:56
13086,725885,8547,away,0,4-2-3-1,1,1,17,15527,Marcus Lindberg,Right Midfielder,8,0,0,-1,,,,1,315677,18,315677.0,3780.0,63',2025-05-25 04:51:56
13086,725885,8547,away,0,4-2-3-1,1,1,9,322993,Robbie Ure,Forward,9,0,0,-1,,,,0,0,-1,,,,2025-05-25 04:51:56
13086,725885,8547,away,0,4-2-3-1,1,1,14,323176,Leo Walta,Attacking Midfielder,10,0,0,-1,,,,0,0,-1,,,,2025-05-25 04:51:56
13086,725885,8547,away,0,4-2-3-1,1,1,7,22706,Joakim Persson,Attacking Midfielder Left,11,0,0,-1,,,,0,0,-1,,,,2025-05-25 04:51:56
13086,725885,8547,away,0,4-2-3-1,1,0,18,315677,Adam Wikman,Substitute,0,1,15527,17,15527.0,3780.0,63',0,0,-1,,,,2025-06-02 04:53:23
13086,725885,8547,away,0,4-2-3-1,1,0,34,325348,David Celic,Substitute,0,0,0,-1,,,,0,0,-1,,,,2025-05-25 04:51:56
13086,725885,8547,away,0,4-2-3-1,1,0,8,311741,Andreas Pyndt,Substitute,0,0,0,-1,,,,0,0,-1,,,,2025-06-02 04:53:23
13086,725885,8547,away,0,4-2-3-1,1,0,19,309271,Noel Milleskog,Substitute,0,1,344867,29,344867.0,3780.0,63',0,0,-1,,,,2025-05-25 04:51:56
13086,725885,8547,away,0,4-2-3-1,1,0,3,299250,Bogdan Milovanov,Substitute,0,1,342596,33,342596.0,2700.0,45',0,0,-1,,,,2025-05-25 04:51:56
13086,725885,8547,away,0,4-2-3-1,1,0,36,359495,August Ljungberg,Substitute,0,1,358564,10,358564.0,5340.0,89',0,0,-1,,,,2025-05-25 04:51:56
13086,725885,8547,away,0,4-2-3-1,1,0,21,235518,Dennis Widgren,Substitute,0,0,0,-1,,,,0,0,-1,,,,2025-05-25 04:51:56
13086,725885,8547,away,0,4-2-3-1,1,0,20,382138,Victor Ekström,Substitute,0,1,298341,13,298341.0,4560.0,76',0,0,-1,,,,2025-05-25 04:51:56
13086,725885,8547,away,0,4-2-3-1,1,0,24,401059,Victor Svensson,Substitute,0,0,0,-1,,,,0,0,-1,,,,2025-05-25 04:51:56
13086,725886,2339,home,0,4-2-3-1,1,1,45,219533,Filip Manojlovic,Goalkeeper,1,0,0,-1,,,,0,0,-1,,,,2025-05-26 04:52:38
13086,725886,2339,home,0,4-2-3-1,1,1,12,357136,Theo Bergvall,Right Back,2,0,0,-1,,,,1,357204,19,357204.0,4860.0,81',2025-05-26 04:52:38
13086,725886,2339,home,0,4-2-3-1,1,1,27,371596,Keita Kosugi,Left Back,3,0,0,-1,,,,0,0,-1,,,,2025-05-26 04:52:38
13086,725886,2339,home,0,4-2-3-1,1,1,20,364226,Matias Siltanen,Left Midfielder,4,0,0,-1,,,,0,0,-1,,,,2025-05-26 04:52:38
13086,725886,2339,home,0,4-2-3-1,1,1,5,289721,Miro Tenho,Center Right Defender,5,0,0,-1,,,,1,237053,4,237053.0,5100.0,85',2025-05-26 04:52:38
13086,725886,2339,home,0,4-2-3-1,1,1,3,172855,Marcus Danielson,Center Left Defender,6,0,0,-1,,,,0,0,-1,,,,2025-06-02 04:53:23
13086,725886,2339,home,0,4-2-3-1,1,1,9,330460,August Priske,Attacking Midfielder Right,7,0,0,-1,,,,0,0,-1,,,,2025-05-26 04:52:38
13086,725886,2339,home,0,4-2-3-1,1,1,14,272148,Hampus Finndell,Right Midfielder,8,0,0,-1,,,,1,275575,29,275575.0,2700.0,45',2025-05-26 04:52:38
13086,725886,2339,home,0,4-2-3-1,1,1,10,164556,Tokmac Nguen,Forward,9,0,0,-1,,,,0,0,-1,,,,2025-05-26 04:52:38
13086,725886,2339,home,0,4-2-3-1,1,1,7,295863,Tobias Gulliksen,Attacking Midfielder,10,0,0,-1,,,,0,0,-1,,,,2025-06-02 04:53:23
13086,725886,2339,home,0,4-2-3-1,1,1,32,350206,Isak Alemayehu,Attacking Midfielder Left,11,0,0,-1,,,,0,0,-1,,,,2025-05-26 04:52:38
13086,725886,2339,home,0,4-2-3-1,1,0,35,203266,Jacob Rinne,Substitute,0,0,0,-1,,,,0,0,-1,,,,2025-05-26 04:52:38
13086,725886,2339,home,0,4-2-3-1,1,0,31,403140,Ahmed Saeed,Substitute,0,0,0,-1,,,,0,0,-1,,,,2025-05-26 04:52:38
13086,725886,2339,home,0,4-2-3-1,1,0,36,380775,Alieu Atlee Manneh,Substitute,0,0,0,-1,,,,0,0,-1,,,,2025-05-26 04:52:38
13086,725886,2339,home,0,4-2-3-1,1,0,25,368579,Kalipha Jawla,Substitute,0,0,0,-1,,,,0,0,-1,,,,2025-05-26 04:52:38
13086,725886,2339,home,0,4-2-3-1,1,0,19,357204,Viktor Bergh,Substitute,0,1,357136,12,357136.0,4860.0,81',0,0,-1,,,,2025-05-26 04:52:38
13086,725886,2339,home,0,4-2-3-1,1,0,29,275575,Santeri Haarala,Substitute,0,1,272148,14,272148.0,2700.0,45',0,0,-1,,,,2025-05-26 04:52:38
13086,725886,2339,home,0,4-2-3-1,1,0,4,237053,Jacob Une,Substitute,0,1,289721,5,289721.0,5100.0,85',0,0,-1,,,,2025-06-02 04:53:23
13086,725886,2339,home,0,4-2-3-1,1,0,34,236989,Alexander Anderson,Substitute,0,0,0,-1,,,,0,0,-1,,,,2025-05-26 04:52:38
13086,725886,7834,away,0,4-2-3-1,1,1,99,125312,Etrit Berisha,Goalkeeper,1,0,0,-1,,,,0,0,-1,,,,2025-05-26 04:52:38
13086,725886,7834,away,0,4-2-3-1,1,1,28,394448,Filip Öhman,Right Back,2,0,0,-1,,,,1,361537,13,361537.0,4740.0,79',2025-05-26 04:52:38
13086,725886,7834,away,0,4-2-3-1,1,1,21,194293,Adam Lundkvist,Left Back,3,0,0,-1,,,,0,0,-1,,,,2025-06-02 04:53:23
13086,725886,7834,away,0,4-2-3-1,1,1,16,357139,Pontus Dahbo,Left Midfielder,4,0,0,-1,,,,1,380930,45,380930.0,5280.0,88',2025-05-26 04:52:38
13086,725886,7834,away,0,4-2-3-1,1,1,8,355408,Silas Andersen,Center Right Defender,5,0,0,-1,,,,0,0,-1,,,,2025-05-26 04:52:38
13086,725886,7834,away,0,4-2-3-1,1,1,4,271086,Marius Lode,Center Left Defender,6,0,0,-1,,,,0,0,-1,,,,2025-05-26 04:52:38
13086,725886,7834,away,0,4-2-3-1,1,1,39,364749,Isak Brusberg,Attacking Midfielder Right,7,0,0,-1,,,,1,366143,19,366143.0,4380.0,73',2025-05-26 04:52:38
13086,725886,7834,away,0,4-2-3-1,1,1,15,356369,Samuel Leach Holm,Right Midfielder,8,0,0,-1,,,,0,0,-1,,,,2025-06-02 04:53:23
13086,725886,7834,away,0,4-2-3-1,1,1,14,185916,Simon Gustafson,Forward,9,0,0,-1,,,,0,0,-1,,,,2025-05-26 04:52:38
13086,725886,7834,away,0,4-2-3-1,1,1,10,239184,Mikkel Rygaard,Attacking Midfielder,10,0,0,-1,,,,0,0,-1,,,,2025-06-02 04:53:23
13086,725886,7834,away,0,4-2-3-1,1,1,29,366829,Severin Nioule,Attacking Midfielder Left,11,0,0,-1,,,,1,146579,42,146579.0,4740.0,79',2025-05-26 04:52:38
13086,725886,7834,away,0,4-2-3-1,1,0,44,393324,Harry Hilvenius,Substitute,0,0,0,-1,,,,0,0,-1,,,,2025-05-26 04:52:38
13086,725886,7834,away,0,4-2-3-1,1,0,17,330551,Ben Engdahl,Substitute,0,0,0,-1,,,,0,0,-1,,,,2025-05-26 04:52:38
13086,725886,7834,away,0,4-2-3-1,1,0,26,133980,Peter Abrahamsson,Substitute,0,0,0,-1,,,,0,0,-1,,,,2025-05-26 04:52:38
13086,725886,7834,away,0,4-2-3-1,1,0,45,380930,Lion Beqiri,Substitute,0,1,357139,16,357139.0,5280.0,88',0,0,-1,,,,2025-05-26 04:52:38
13086,725886,7834,away,0,4-2-3-1,1,0,22,380234,Nikola Zecevic,Substitute,0,0,0,-1,,,,0,0,-1,,,,2025-05-26 04:52:38
13086,725886,7834,away,0,4-2-3-1,1,0,19,366143,John Paul Dembe,Substitute,0,1,364749,39,364749.0,4380.0,73',0,0,-1,,,,2025-05-26 04:52:38
13086,725886,7834,away,0,4-2-3-1,1,0,42,146579,Nikola Mitrovic,Substitute,0,1,366829,29,366829.0,4740.0,79',0,0,-1,,,,2025-05-26 04:52:38
13086,725886,7834,away,0,4-2-3-1,1,0,13,361537,Sigge Jansson,Substitute,0,1,394448,28,394448.0,4740.0,79',0,0,-1,,,,2025-05-26 04:52:38
13086,725886,7834,away,0,4-2-3-1,1,0,32,121827,Oscar Jansson,Substitute,0,0,0,-1,,,,0,0,-1,,,,2025-05-26 04:52:38
13086,725887,2495,home,1,4-3-3,1,1,1,170727,Warner Hahn,Goalkeeper,1,0,0,-1,,,,0,0,-1,,,,2025-05-28 04:49:12
13086,725887,2495,home,1,4-3-3,1,1,2,382504,Hampus Skoglund,Right Back,2,0,0,-1,,,,1,303702,18,303702.0,2700.0,45',2025-06-02 04:53:23
13086,725887,2495,home,1,4-3-3,1,1,19,251758,Shaquille Pinas,Left Back,3,0,0,-1,,,,0,0,-1,,,,2025-05-28 04:49:12
13086,725887,2495,home,1,4-3-3,1,1,5,218436,Tesfaldet Tekie,Center Midfielder,4,0,0,-1,,,,0,0,-1,,,,2025-05-28 04:49:12
13086,725887,2495,home,1,4-3-3,1,1,4,334038,Victor Eriksson,Center Right Defender,5,0,0,-1,,,,0,0,-1,,,,2025-05-28 04:49:12
13086,725887,2495,home,1,4-3-3,1,1,6,249160,Pavle Vagic,Center Left Defender,6,0,0,-1,,,,0,0,-1,,,,2025-05-28 04:49:12
13086,725887,2495,home,1,4-3-3,1,1,8,22967,Markus Karlsson,Right Midfielder,7,0,0,-1,,,,0,0,-1,,,,2025-05-28 04:49:12
13086,725887,2495,home,1,4-3-3,1,1,20,143585,Nahir Besara,Left Midfielder,8,0,0,-1,,,,1,269195,21,269195.0,5400.0,90'+1',2025-05-28 04:49:12
13086,725887,2495,home,1,4-3-3,1,1,23,313974,Abdelrahman Boudah Saidi,Forward,9,0,0,-1,,,,1,313464,17,,,,2025-06-02 04:53:23
13086,725887,2495,home,1,4-3-3,1,1,26,312880,Montader Madjed,Right Forward,10,0,0,-1,,,,1,315675,9,315675.0,4860.0,81',2025-05-28 04:49:12
13086,725887,2495,home,1,4-3-3,1,1,7,303670,Paulos Abraham,Left Forward,11,0,0,-1,,,,1,399509,13,399509.0,4140.0,69',2025-05-28 04:49:12
13086,725887,2495,home,1,4-3-3,1,0,17,313464,Ibrahima Fofana,Substitute,0,1,313974,23,313974.0,4860.0,81',0,0,-1,,,,2025-05-28 04:49:12
13086,725887,2495,home,1,4-3-3,1,0,27,301372,Felix Jakobsson,Substitute,0,0,0,-1,,,,0,0,-1,,,,2025-05-28 04:49:12
13086,725887,2495,home,1,4-3-3,1,0,9,315675,Jusef Erabi,Substitute,0,1,312880,26,312880.0,4860.0,81',0,0,-1,,,,2025-05-28 04:49:12
13086,725887,2495,home,1,4-3-3,1,0,21,269195,Simon Strand,Substitute,0,1,143585,20,143585.0,5400.0,90'+1',0,0,-1,,,,2025-05-28 04:49:12
13086,725887,2495,home,1,4-3-3,1,0,29,359099,Elohim Kaboré,Substitute,0,0,0,-1,,,,0,0,-1,,,,2025-06-02 04:53:23
13086,725887,2495,home,1,4-3-3,1,0,15,380970,Adrian Lahdo,Substitute,0,0,0,-1,,,,0,0,-1,,,,2025-05-28 04:49:12
13086,725887,2495,home,1,4-3-3,1,0,22,210020,Jacob Ouro Ortmark,Substitute,0,0,0,-1,,,,0,0,-1,,,,2025-06-02 04:53:23
13086,725887,2495,home,1,4-3-3,1,0,13,399509,Jonathan Karlsson,Substitute,0,1,303670,7,303670.0,4140.0,69',0,0,-1,,,,2025-05-28 04:49:12
13086,725887,2495,home,1,4-3-3,1,0,18,303702,Sebastian Tounekti,Substitute,0,1,382504,2,382504.0,2700.0,45',0,0,-1,,,,2025-05-28 04:49:12
13086,725887,20856,away,0,5-3-2,1,1,25,400140,Rasmus Forsell,Goalkeeper,1,0,0,-1,,,,0,0,-1,,,,2025-05-28 04:49:12
13086,725887,20856,away,0,5-3-2,1,1,7,205158,Sebastian Ohlsson,Center Left Defender,2,0,0,-1,,,,0,0,-1,,,,2025-05-28 04:49:12
13086,725887,20856,away,0,5-3-2,1,1,2,256567,Mamadouba Diaby,Left Back,3,0,0,-1,,,,1,357137,23,357137.0,5160.0,86',2025-05-28 04:49:12
13086,725887,20856,away,0,5-3-2,1,1,15,324395,Nasiru Moro,Center Defender,5,0,0,-1,,,,0,0,-1,,,,2025-05-28 04:49:12
13086,725887,20856,away,0,5-3-2,1,1,4,301367,Leon Hien,Center Right Defender,6,0,0,-1,,,,1,236415,12,236415.0,360.0,6',2025-05-28 04:49:12
13086,725887,20856,away,0,5-3-2,1,1,8,301374,Nahom Netabay,Center Right Midfielder,7,0,0,-1,,,,1,398189,18,398189.0,4080.0,68',2025-06-02 04:53:23
13086,725887,20856,away,0,5-3-2,1,1,11,218520,Christos Gravius,Center Midfielder,8,0,0,-1,,,,0,0,-1,,,,2025-05-28 04:49:12
13086,725887,20856,away,0,5-3-2,1,1,19,333259,Omar Faraj,Center Left Forward,9,0,0,-1,,,,0,0,-1,,,,2025-05-28 04:49:12
13086,725887,20856,away,0,5-3-2,1,1,21,398192,Elias Pihlström,Center Right Forward,10,0,0,-1,,,,1,400142,22,400142.0,4080.0,68',2025-05-28 04:49:12
13086,725887,20856,away,0,5-3-2,1,1,20,400141,Elias Barsoum,Center Left Midfielder,11,0,0,-1,,,,0,0,-1,,,,2025-05-28 04:49:12
13086,725887,20856,away,0,5-3-2,1,0,23,357137,Alexander Hedén Lindskog,Substitute,0,1,256567,2,256567.0,5160.0,86',0,0,-1,,,,2025-06-02 04:53:23
13086,725887,20856,away,0,5-3-2,1,0,18,398189,Teo Grönborg,Substitute,0,1,301374,8,301374.0,4080.0,68',0,0,-1,,,,2025-05-28 04:49:12
13086,725887,20856,away,0,5-3-2,1,0,17,178387,Luc Kassi,Substitute,0,0,0,-1,,,,0,0,-1,,,,2025-05-28 04:49:12
13086,725887,20856,away,0,5-3-2,1,0,12,236415,Erik Lindell,Substitute,0,1,301367,4,301367.0,360.0,6',0,0,-1,,,,2025-05-28 04:49:12
13086,725887,20856,away,0,5-3-2,1,0,22,400142,Maill Lundgren,Substitute,0,1,398192,21,398192.0,4080.0,68',0,0,-1,,,,2025-05-28 04:49:12
13086,725887,20856,away,0,5-3-2,1,0,27,400375,Ziyad Salifu,Substitute,0,0,0,-1,,,,0,0,-1,,,,2025-05-28 04:49:12
13086,725887,20856,away,0,5-3-2,1,0,24,402327,Hjalmar Smedberg,Substitute,0,0,0,-1,,,,0,0,-1,,,,2025-05-28 04:49:12
13086,725887,20856,away,0,5-3-2,1,0,1,286770,Willie Jakobsson,Substitute,0,0,0,-1,,,,0,0,-1,,,,2025-05-28 04:49:12
13086,725888,3017,home,0,3-4-3,1,1,12,195094,Tim Erlandsson,Goalkeeper,1,0,0,-1,,,,0,0,-1,,,,2025-05-26 04:52:38
13086,725888,3017,home,0,3-4-3,1,1,11,357140,Villiam Granath,Right Midfielder,2,0,0,-1,,,,0,0,-1,,,,2025-05-26 04:52:38
13086,725888,3017,home,0,3-4-3,1,1,15,357505,Gustav Friberg,Left Midfielder,3,0,0,-1,,,,1,317094,20,317094.0,4500.0,75',2025-05-26 04:52:38
13086,725888,3017,home,0,3-4-3,1,1,21,121282,Marcus Olsson,Center Left Defender,4,0,0,-1,,,,0,0,-1,,,,2025-06-02 04:53:23
13086,725888,3017,home,0,3-4-3,1,1,4,289329,Filip Schyberg,Center Defender,5,0,0,-1,,,,0,0,-1,,,,2025-05-26 04:52:38
13086,725888,3017,home,0,3-4-3,1,1,2,381647,Bleon Kurtulus,Center Right Defender,6,0,0,-1,,,,0,0,-1,,,,2025-05-26 04:52:38
13086,725888,3017,home,0,3-4-3,1,1,6,147211,Joel Allansson,Center Right Midfielder,7,0,0,-1,,,,1,359293,26,359293.0,4500.0,75',2025-05-26 04:52:38
13086,725888,3017,home,0,3-4-3,1,1,25,321176,Aleksander Damnjanovic,Center Left Midfielder,8,0,0,-1,,,,0,0,-1,,,,2025-06-02 04:53:23
13086,725888,3017,home,0,3-4-3,1,1,9,329971,Yannick Agnero,Forward,9,0,0,-1,,,,1,334002,28,334002.0,5160.0,86',2025-05-26 04:52:38
13086,725888,3017,home,0,3-4-3,1,1,18,357130,Naeem Mohammed,Center Right Forward,10,0,0,-1,,,,1,159454,14,159454.0,3960.0,66',2025-05-26 04:52:38
13086,725888,3017,home,0,3-4-3,1,1,29,399508,Erik Arvidsson,Center Left Forward,11,0,0,-1,,,,1,237843,13,237843.0,3960.0,66',2025-05-26 04:52:38
13086,725888,3017,home,0,3-4-3,1,0,26,359293,Mans Andersson,Substitute,0,1,147211,6,147211.0,4500.0,75',0,0,-1,,,,2025-05-26 04:52:38
13086,725888,3017,home,0,3-4-3,1,0,3,357142,Gabriel Wallentin,Substitute,0,0,0,-1,,,,0,0,-1,,,,2025-05-26 04:52:38
13086,725888,3017,home,0,3-4-3,1,0,10,356384,Albin Ahlstrand,Substitute,0,0,0,-1,,,,0,0,-1,,,,2025-05-26 04:52:38
13086,725888,3017,home,0,3-4-3,1,0,28,334002,Malte Persson,Substitute,0,1,329971,9,329971.0,5160.0,86',0,0,-1,,,,2025-05-26 04:52:38
13086,725888,3017,home,0,3-4-3,1,0,20,317094,Pawel Chrupalla,Substitute,0,1,357505,15,357505.0,4500.0,75',0,0,-1,,,,2025-05-26 04:52:38
13086,725888,3017,home,0,3-4-3,1,0,1,264481,Tim Rönning,Substitute,0,0,0,-1,,,,0,0,-1,,,,2025-05-26 04:52:38
13086,725888,3017,home,0,3-4-3,1,0,13,237843,Gíisli Eyjólfsson,Substitute,0,1,399508,29,399508.0,3960.0,66',0,0,-1,,,,2025-06-02 04:53:23
13086,725888,3017,home,0,3-4-3,1,0,14,159454,Blair Turgott,Substitute,0,1,357130,18,357130.0,3960.0,66',0,0,-1,,,,2025-05-26 04:52:38
13086,725888,3017,home,0,3-4-3,1,0,32,403402,Oliver Kapsimalis,Substitute,0,0,0,-1,,,,0,0,-1,,,,2025-05-26 04:52:38
13086,725888,529,away,1,3-4-3,1,1,1,400222,Simon Eriksson,Goalkeeper,1,0,0,-1,,,,0,0,-1,,,,2025-05-26 04:52:38
13086,725888,529,away,1,3-4-3,1,1,15,173040,Simon Hedlund,Right Midfielder,2,0,0,-1,,,,0,0,-1,,,,2025-05-26 04:52:38
13086,725888,529,away,1,3-4-3,1,1,23,134644,Niklas Hult,Left Midfielder,3,0,0,-1,,,,1,389426,28,389426.0,4500.0,75',2025-05-26 04:52:38
13086,725888,529,away,1,3-4-3,1,1,6,286729,Rasmus Wikstrom,Center Left Defender,4,0,0,-1,,,,0,0,-1,,,,2025-05-26 04:52:38
13086,725888,529,away,1,3-4-3,1,1,29,341452,Ibrahim Buhari,Center Defender,5,0,0,-1,,,,0,0,-1,,,,2025-05-26 04:52:38
13086,725888,529,away,1,3-4-3,1,1,8,194092,Sebastian Holmén,Center Right Defender,6,0,0,-1,,,,0,0,-1,,,,2025-05-26 04:52:38
13086,725888,529,away,1,3-4-3,1,1,27,334024,Besfort Zeneli,Center Right Midfielder,7,0,0,-1,,,,1,402326,16,402326.0,4800.0,80',2025-05-26 04:52:38
13086,725888,529,away,1,3-4-3,1,1,10,245883,Simon Olsson,Center Left Midfielder,8,0,0,-1,,,,0,0,-1,,,,2025-05-26 04:52:38
13086,725888,529,away,1,3-4-3,1,1,24,304180,Frederik Ihler,Forward,9,0,0,-1,,,,1,305401,18,305401.0,4500.0,75',2025-05-26 04:52:38
13086,725888,529,away,1,3-4-3,1,1,21,388173,Leo Östman,Center Right Forward,10,0,0,-1,,,,1,362584,20,362584.0,3540.0,59',2025-05-26 04:52:38
13086,725888,529,away,1,3-4-3,1,1,25,342093,Ari Sigurpálsson,Center Left Forward,11,0,0,-1,,,,1,303614,11,303614.0,3540.0,59',2025-05-26 04:52:38
13086,725888,529,away,1,3-4-3,1,0,18,305401,Júlíus Magnússon,Substitute,0,1,304180,24,304180.0,4500.0,75',0,0,-1,,,,2025-05-26 04:52:38
13086,725888,529,away,1,3-4-3,1,0,16,402326,Altti Hellemaa,Substitute,0,1,334024,27,334024.0,4800.0,80',0,0,-1,,,,2025-05-26 04:52:38
13086,725888,529,away,1,3-4-3,1,0,28,389426,Frode Aronsson,Substitute,0,1,134644,23,134644.0,4500.0,75',0,0,-1,,,,2025-05-26 04:52:38
13086,725888,529,away,1,3-4-3,1,0,13,146012,Johan Larsson,Substitute,0,0,0,-1,,,,0,0,-1,,,,2025-05-26 04:52:38
13086,725888,529,away,1,3-4-3,1,0,30,176191,Lucas Hägg Johansson,Substitute,0,0,0,-1,,,,0,0,-1,,,,2025-06-02 04:53:23
13086,725888,529,away,1,3-4-3,1,0,2,380023,Terry Yegbe,Substitute,0,0,0,-1,,,,0,0,-1,,,,2025-05-26 04:52:38
13086,725888,529,away,1,3-4-3,1,0,4,202682,Daniel Granli,Substitute,0,0,0,-1,,,,0,0,-1,,,,2025-05-26 04:52:38
13086,725888,529,away,1,3-4-3,1,0,20,362584,Gottfrid Rapp,Substitute,0,1,388173,21,388173.0,3540.0,59',0,0,-1,,,,2025-05-26 04:52:38
13086,725888,529,away,1,3-4-3,1,0,11,303614,Taylor Silverholt,Substitute,0,1,342093,25,342093.0,3540.0,59',0,0,-1,,,,2025-05-26 04:52:38
13086,725889,21382,home,0,4-1-3-2,1,1,1,277177,Hugo Keto,Goalkeeper,1,0,0,-1,,,,0,0,-1,,,,2025-05-25 04:51:56
13086,725889,21382,home,0,4-1-3-2,1,1,5,334035,Victor Larsson,Right Back,2,0,0,-1,,,,0,0,-1,,,,2025-05-25 04:51:56
13086,725889,21382,home,0,4-1-3-2,1,1,3,272272,Axel Björnström,Left Back,3,0,0,-1,,,,0,0,-1,,,,2025-06-02 04:53:23
13086,725889,21382,home,0,4-1-3-2,1,1,8,272404,Luke Le Roux,Sweeper,4,0,0,-1,,,,0,0,-1,,,,2025-05-25 04:51:56
13086,725889,21382,home,0,4-1-3-2,1,1,6,267616,Hugo Andersson,Center Right Defender,5,0,0,-1,,,,0,0,-1,,,,2025-05-25 04:51:56
13086,725889,21382,home,0,4-1-3-2,1,1,24,357202,Emin Grozdanic,Center Left Defender,6,0,0,-1,,,,0,0,-1,,,,2025-05-25 04:51:56
13086,725889,21382,home,0,4-1-3-2,1,1,7,193351,Carl Johansson,Right Midfielder,7,0,0,-1,,,,1,353250,32,353250.0,4860.0,81',2025-05-25 04:51:56
13086,725889,21382,home,0,4-1-3-2,1,1,11,303480,Wenderson,Center Midfielder,8,0,0,-1,,,,1,303750,21,303750.0,4080.0,68',2025-05-25 04:51:56
13086,725889,21382,home,0,4-1-3-2,1,1,9,337564,Johnbosco Samuel Kalu,Center Right Forward,9,0,0,-1,,,,1,185955,15,185955.0,4860.0,81',2025-05-25 04:51:56
13086,725889,21382,home,0,4-1-3-2,1,1,28,344869,Frank Junior Adjei,Center Left Forward,10,0,0,-1,,,,1,380552,2,380552.0,5400.0,90',2025-06-02 04:53:23
13086,725889,21382,home,0,4-1-3-2,1,1,10,345479,Ajdin Zeljkovic,Left Midfielder,11,0,0,-1,,,,1,381397,18,381397.0,4140.0,69',2025-05-25 04:51:56
13086,725889,21382,home,0,4-1-3-2,1,0,39,341335,Viktor Andersson,,0,0,0,-1,,,,0,0,-1,,,,2025-05-25 04:51:56
13086,725889,21382,home,0,4-1-3-2,1,0,20,334028,Freddy Winsth,,0,0,0,-1,,,,0,0,-1,,,,2025-06-02 04:53:23
13086,725889,21382,home,0,4-1-3-2,1,0,21,303750,Abdulrazaq Ishaq,,0,1,303480,11,303480.0,4080.0,68',0,0,-1,,,,2025-06-02 04:53:23
13086,725889,21382,home,0,4-1-3-2,1,0,32,353250,Kenan Bilalovic,,0,1,193351,7,193351.0,4860.0,81',0,0,-1,,,,2025-05-25 04:51:56
13086,725889,21382,home,0,4-1-3-2,1,0,2,380552,Johan Rapp,,0,1,344869,28,344869.0,5400.0,90',0,0,-1,,,,2025-05-25 04:51:56
13086,725889,21382,home,0,4-1-3-2,1,0,26,380685,Calle Johansson,,0,0,0,-1,,,,0,0,-1,,,,2025-05-25 04:51:56
13086,725889,21382,home,0,4-1-3-2,1,0,18,381397,Mohammad Alsalkhadi,,0,1,345479,10,345479.0,4140.0,69',0,0,-1,,,,2025-05-25 04:51:56
13086,725889,21382,home,0,4-1-3-2,1,0,4,383897,Rufai Mohammed,,0,0,0,-1,,,,0,0,-1,,,,2025-06-02 04:53:23
13086,725889,21382,home,0,4-1-3-2,1,0,15,185955,Pawel Cibicki,,0,1,337564,9,337564.0,4860.0,81',0,0,-1,,,,2025-05-25 04:51:56
13086,725889,2936,away,0,4-2-3-1,1,1,13,400366,Robin Wallinder,Goalkeeper,1,0,0,-1,,,,0,0,-1,,,,2025-05-25 04:51:56
13086,725889,2936,away,0,4-2-3-1,1,1,3,380190,Kingsley Gyamfi,Right Back,2,0,0,-1,,,,0,0,-1,,,,2025-05-25 04:51:56
13086,725889,2936,away,0,4-2-3-1,1,1,14,173508,Dennis Olsson,Left Back,3,0,0,-1,,,,1,400371,21,400371.0,2700.0,45',2025-05-25 04:51:56
13086,725889,2936,away,0,4-2-3-1,1,1,26,238868,Magnus Christensen,Left Midfielder,4,0,0,-1,,,,1,385181,8,385181.0,2700.0,45',2025-05-25 04:51:56
13086,725889,2936,away,0,4-2-3-1,1,1,5,354352,Mattis Adolfsson,Center Right Defender,5,0,0,-1,,,,0,0,-1,,,,2025-05-25 04:51:56
13086,725889,2936,away,0,4-2-3-1,1,1,15,316395,Ivan Kricak,Center Left Defender,6,0,0,-1,,,,0,0,-1,,,,2025-05-25 04:51:56
13086,725889,2936,away,0,4-2-3-1,1,1,19,289844,Matias Tamminen,Attacking Midfielder Right,7,0,0,-1,,,,0,0,-1,,,,2025-05-25 04:51:56
13086,725889,2936,away,0,4-2-3-1,1,1,7,302001,David Seger,Right Midfielder,8,0,0,-1,,,,0,0,-1,,,,2025-05-25 04:51:56
13086,725889,2936,away,0,4-2-3-1,1,1,20,217300,Alibek Aliev,Forward,9,0,0,-1,,,,0,0,-1,,,,2025-05-25 04:51:56
13086,725889,2936,away,0,4-2-3-1,1,1,6,307747,Noah Soderberg,Attacking Midfielder,10,0,0,-1,,,,1,162497,29,,,,2025-05-25 04:51:56
13086,725889,2936,away,0,4-2-3-1,1,1,25,392578,Youssoupha Sanyang,Attacking Midfielder Left,11,0,0,-1,,,,1,311161,18,311161.0,4260.0,71',2025-05-25 04:51:56
13086,725889,2936,away,0,4-2-3-1,1,0,21,400371,Lars Bergquist,Substitute,0,1,173508,14,173508.0,2700.0,45',0,0,-1,,,,2025-05-25 04:51:56
13086,725889,2936,away,0,4-2-3-1,1,0,29,162497,Christian Kouakou,Substitute,0,1,307747,6,307747.0,4800.0,80',0,0,-1,,,,2025-05-28 04:49:12
13086,725889,2936,away,0,4-2-3-1,1,0,4,238435,Sebastian Starke Hedlund,Substitute,0,0,0,-1,,,,0,0,-1,,,,2025-05-25 04:51:56
13086,725889,2936,away,0,4-2-3-1,1,0,18,311161,Daniel Ljung,Substitute,0,1,392578,25,392578.0,4260.0,71',0,0,-1,,,,2025-05-25 04:51:56
13086,725889,2936,away,0,4-2-3-1,1,0,10,312878,Albin Morfelt,Substitute,0,0,0,-1,,,,0,0,-1,,,,2025-05-25 04:51:56
13086,725889,2936,away,0,4-2-3-1,1,0,33,354345,Tatu Varmanen,Substitute,0,0,0,-1,,,,0,0,-1,,,,2025-05-25 04:51:56
13086,725889,2936,away,0,4-2-3-1,1,0,8,385181,Daniel Ask,Substitute,0,1,238868,26,238868.0,2700.0,45',0,0,-1,,,,2025-05-25 04:51:56
13086,725889,2936,away,0,4-2-3-1,1,0,32,400368,Carl Lundahl Persson,Substitute,0,0,0,-1,,,,0,0,-1,,,,2025-05-25 04:51:56
13086,725889,2936,away,0,4-2-3-1,1,0,22,400372,Oskar Gabrielsson,Substitute,0,0,0,-1,,,,0,0,-1,,,,2025-05-25 04:51:56
13086,725890,8221,home,0,4-2-3-1,1,1,25,146116,Davor Blazevic,Goalkeeper,1,0,0,-1,,,,0,0,-1,,,,2025-06-02 04:53:23
13086,725890,8221,home,0,4-2-3-1,1,1,21,302691,Alex Timossi Andersson,Right Back,2,0,0,-1,,,,0,0,-1,,,,2025-06-02 04:53:23
13086,725890,8221,home,0,4-2-3-1,1,1,27,347458,Kaare Barslund,Left Back,3,0,0,-1,,,,1,321070,77,321070.0,2700.0,45',2025-06-02 04:53:23
13086,725890,8221,home,0,4-2-3-1,1,1,5,251486,Serge-Junior Martinsson Ngouali,Left Midfielder,4,0,0,-1,,,,0,0,-1,,,,2025-06-02 04:53:23
13086,725890,8221,home,0,4-2-3-1,1,1,4,208616,Eric Bjorkander,Center Right Defender,5,0,0,-1,,,,0,0,-1,,,,2025-06-02 04:53:23
13086,725890,8221,home,0,4-2-3-1,1,1,3,162464,Even Hovland,Center Left Defender,6,0,0,-1,,,,0,0,-1,,,,2025-06-02 04:53:23
13086,725890,8221,home,0,4-2-3-1,1,1,19,243322,Daleho Irandust,Attacking Midfielder Right,7,0,0,-1,,,,1,356378,10,356378.0,4200.0,70',2025-06-02 04:53:23
13086,725890,8221,home,0,4-2-3-1,1,1,24,257624,Kevin Ackermann,Right Midfielder,8,0,0,-1,,,,1,384107,14,384107.0,4500.0,75',2025-06-02 04:53:23
13086,725890,8221,home,0,4-2-3-1,1,1,23,399426,Ezekiel Alladoh,Forward,9,0,0,-1,,,,1,274984,16,274984.0,2700.0,45',2025-06-02 04:53:23
13086,725890,8221,home,0,4-2-3-1,1,1,39,134643,Nabil Bahoui,Attacking Midfielder,10,0,0,-1,,,,0,0,-1,,,,2025-06-02 04:53:23
13086,725890,8221,home,0,4-2-3-1,1,1,7,320883,Victor Lind,Attacking Midfielder Left,11,0,0,-1,,,,1,357143,17,357143.0,3240.0,54',2025-06-02 04:53:23
13086,725890,8221,home,0,4-2-3-1,1,0,33,399428,Sion Oppong,Substitute,0,0,0,-1,,,,0,0,-1,,,,2025-06-02 04:53:23
13086,725890,8221,home,0,4-2-3-1,1,0,16,274984,Adam Jakobsen,Substitute,0,1,399426,23,399426.0,2700.0,45',0,0,-1,,,,2025-06-02 04:53:23
13086,725890,8221,home,0,4-2-3-1,1,0,2,306206,Hlynur Freyr Karlsson,Substitute,0,0,0,-1,,,,0,0,-1,,,,2025-06-02 04:53:23
13086,725890,8221,home,0,4-2-3-1,1,0,77,321070,Frederik Christensen,Substitute,0,1,347458,27,347458.0,2700.0,45',0,0,-1,,,,2025-06-02 04:53:23
13086,725890,8221,home,0,4-2-3-1,1,0,10,356378,Wilmer Odefalk,Substitute,0,1,243322,19,243322.0,4200.0,70',0,0,-1,,,,2025-06-02 04:53:23
13086,725890,8221,home,0,4-2-3-1,1,0,17,357143,Anton Kurochkin,Substitute,0,1,320883,7,320883.0,3240.0,54',0,0,-1,,,,2025-06-02 04:53:23
13086,725890,8221,home,0,4-2-3-1,1,0,14,384107,Kamilcan Sever,Substitute,0,1,257624,24,257624.0,4500.0,75',0,0,-1,,,,2025-06-02 04:53:23
13086,725890,8221,home,0,4-2-3-1,1,0,40,390019,Leo Cavallius,Substitute,0,0,0,-1,,,,0,0,-1,,,,2025-06-02 04:53:23
13086,725890,8221,home,0,4-2-3-1,1,0,32,399427,Oskar Cotton,Substitute,0,0,0,-1,,,,0,0,-1,,,,2025-06-02 04:53:23
13086,725890,2556,away,1,4-3-3,1,1,25,359784,Elis Bishesari,Goalkeeper,1,0,0,-1,,,,0,0,-1,,,,2025-06-02 04:53:23
13086,725890,2556,away,1,4-3-3,1,1,18,349811,Felix Eriksson,Right Back,2,0,0,-1,,,,1,343826,16,343826.0,5280.0,88',2025-06-02 04:53:23
13086,725890,2556,away,1,4-3-3,1,1,22,383948,Noah Tolf,Left Back,3,0,0,-1,,,,1,179771,6,179771.0,3600.0,60',2025-06-02 04:53:23
13086,725890,2556,away,1,4-3-3,1,1,8,297985,Imam Jagne,Center Midfielder,4,0,0,-1,,,,1,390390,7,390390.0,4200.0,70',2025-06-08 05:13:01
13086,725890,2556,away,1,4-3-3,1,1,13,83736,Gustav Svensson,Center Right Defender,5,0,0,-1,,,,0,0,-1,,,,2025-06-02 04:53:23
13086,725890,2556,away,1,4-3-3,1,1,5,220974,Jonas Bager,Center Left Defender,6,0,0,-1,,,,0,0,-1,,,,2025-06-02 04:53:23
13086,725890,2556,away,1,4-3-3,1,1,23,289882,Kolbeinn Thordarson,Right Midfielder,7,0,0,-1,,,,1,313971,21,313971.0,2700.0,45',2025-06-02 04:53:23
13086,725890,2556,away,1,4-3-3,1,1,15,307947,David Kruse,Left Midfielder,8,0,0,-1,,,,0,0,-1,,,,2025-06-08 05:13:01
13086,725890,2556,away,1,4-3-3,1,1,9,303768,Max Fenger,Forward,9,0,0,-1,,,,0,0,-1,,,,2025-06-02 04:53:23
13086,725890,2556,away,1,4-3-3,1,1,17,252746,Eman Markovic,Right Forward,10,0,0,-1,,,,1,343958,29,343958.0,4200.0,70',2025-06-02 04:53:23
13086,725890,2556,away,1,4-3-3,1,1,14,219163,Tobias Heintz,Left Forward,11,0,0,-1,,,,0,0,-1,,,,2025-06-02 04:53:23
13086,725890,2556,away,1,4-3-3,1,0,12,403450,Linus Dahlgren,Substitute,0,0,0,-1,,,,0,0,-1,,,,2025-06-02 04:53:23
13086,725890,2556,away,1,4-3-3,1,0,7,390390,Sebastian Clemmensen,Substitute,0,1,297985,8,297985.0,4200.0,70',0,0,-1,,,,2025-06-02 04:53:23
13086,725890,2556,away,1,4-3-3,1,0,31,381084,David Mikhail,Substitute,0,0,0,-1,,,,0,0,-1,,,,2025-06-02 04:53:23
13086,725890,2556,away,1,4-3-3,1,0,33,380931,Ben Magnusson,Substitute,0,0,0,-1,,,,0,0,-1,,,,2025-06-02 04:53:23
13086,725890,2556,away,1,4-3-3,1,0,26,380238,Benjamin Brantlind,Substitute,0,0,0,-1,,,,0,0,-1,,,,2025-06-02 04:53:23
13086,725890,2556,away,1,4-3-3,1,0,29,343958,Thomas Santos,Substitute,0,1,252746,17,252746.0,4200.0,70',0,0,-1,,,,2025-06-02 04:53:23
13086,725890,2556,away,1,4-3-3,1,0,16,343826,Linus Carlstrand,Substitute,0,1,349811,18,349811.0,5280.0,88',0,0,-1,,,,2025-06-02 04:53:23
13086,725890,2556,away,1,4-3-3,1,0,21,313971,Adam Carlén,Substitute,0,1,289882,23,289882.0,2700.0,45',0,0,-1,,,,2025-06-02 04:53:23
13086,725890,2556,away,1,4-3-3,1,0,6,179771,Anders Trondsen,Substitute,0,1,383948,22,383948.0,3600.0,60',0,0,-1,,,,2025-06-02 04:53:23
13086,725891,20856,home,0,3-5-1-1,1,1,25,400140,Rasmus Forsell,Goalkeeper,1,0,0,-1,,,,0,0,-1,,,,2025-06-28 04:42:02
13086,725891,20856,home,0,3-5-1-1,1,1,12,236415,Erik Lindell,Right Midfielder,2,0,0,-1,,,,0,0,-1,,,,2025-06-28 04:42:02
13086,725891,20856,home,0,3-5-1-1,1,1,2,256567,Mamadouba Diaby,Left Midfielder,3,0,0,-1,,,,1,398190,9,398190.0,4140.0,69',2025-06-28 04:42:02
13086,725891,20856,home,0,3-5-1-1,1,1,5,385769,Juhani Pikkarainen,Center Defender,5,0,0,-1,,,,0,0,-1,,,,2025-06-28 04:42:02
13086,725891,20856,home,0,3-5-1-1,1,1,16,205158,Sebastian Ohlsson,Center Right Defender,6,0,0,-1,,,,1,357137,23,357137.0,5340.0,89',2025-06-28 04:42:02
13086,725891,20856,home,0,3-5-1-1,1,1,8,301374,Nahom Netabay,Center Right Midfielder,7,0,0,-1,,,,0,0,-1,,,,2025-06-28 04:42:02
13086,725891,20856,home,0,3-5-1-1,1,1,20,400141,Elias Barsoum,Center Left Midfielder,8,0,0,-1,,,,1,398189,18,398189.0,5340.0,89',2025-06-28 04:42:02
13086,725891,20856,home,0,3-5-1-1,1,1,19,333259,Omar Faraj,Forward,9,0,0,-1,,,,0,0,-1,,,,2025-06-28 04:42:02
13086,725891,20856,home,0,3-5-1-1,1,1,21,398192,Elias Pihlström,Rear Center Forward,10,0,0,-1,,,,1,400142,22,400142.0,3360.0,56',2025-06-28 04:42:02
13086,725891,20856,home,0,3-5-1-1,1,1,11,218520,Christos Gravius,Attacking Midfielder,11,0,0,-1,,,,0,0,-1,,,,2025-06-28 04:42:02
13086,725891,20856,home,0,3-5-1-1,1,0,27,400375,Ziyad Salifu,Substitute,0,0,0,-1,,,,0,0,-1,,,,2025-06-28 04:42:02
13086,725891,20856,home,0,3-5-1-1,1,0,17,178387,Luc Kassi,Substitute,0,0,0,-1,,,,0,0,-1,,,,2025-06-28 04:42:02
13086,725891,20856,home,0,3-5-1-1,1,0,1,286770,Willie Jakobsson,Substitute,0,0,0,-1,,,,0,0,-1,,,,2025-06-28 04:42:02
13086,725891,20856,home,0,3-5-1-1,1,0,15,324395,Nasiru Moro,Substitute,0,0,0,-1,,,,0,0,-1,,,,2025-06-28 04:42:02
13086,725891,20856,home,0,3-5-1-1,1,0,23,357137,Alexander Hedén Lindskog,Substitute,0,1,205158,16,205158.0,5340.0,89',0,0,-1,,,,2025-06-28 04:42:02
13086,725891,20856,home,0,3-5-1-1,1,0,18,398189,Teo Grönborg,Substitute,0,1,400141,20,400141.0,5340.0,89',0,0,-1,,,,2025-06-28 04:42:02
13086,725891,20856,home,0,3-5-1-1,1,0,9,398190,Adi Fisic,Substitute,0,1,256567,2,256567.0,4140.0,69',0,0,-1,,,,2025-06-28 04:42:02
13086,725891,20856,home,0,3-5-1-1,1,0,22,400142,Maill Lundgren,Substitute,0,1,398192,21,398192.0,3360.0,56',0,0,-1,,,,2025-06-28 04:42:02
13086,725891,20856,home,0,3-5-1-1,1,0,24,402327,Hjalmar Smedberg,Substitute,0,0,0,-1,,,,0,0,-1,,,,2025-06-28 04:42:02
13086,725891,2936,away,1,4-3-3,1,1,13,400366,Robin Wallinder,Goalkeeper,1,0,0,-1,,,,0,0,-1,,,,2025-06-01 04:57:56
13086,725891,2936,away,1,4-3-3,1,1,33,354345,Tatu Varmanen,Right Back,2,0,0,-1,,,,0,0,-1,,,,2025-06-01 04:57:56
13086,725891,2936,away,1,4-3-3,1,1,21,400371,Lars Bergquist,Left Back,3,0,0,-1,,,,0,0,-1,,,,2025-06-01 04:57:56
13086,725891,2936,away,1,4-3-3,1,1,3,380190,Kingsley Gyamfi,Center Midfielder,4,0,0,-1,,,,1,238435,4,238435.0,4320.0,72',2025-06-01 04:57:56
13086,725891,2936,away,1,4-3-3,1,1,5,354352,Mattis Adolfsson,Center Right Defender,5,0,0,-1,,,,0,0,-1,,,,2025-06-01 04:57:56
13086,725891,2936,away,1,4-3-3,1,1,15,316395,Ivan Kricak,Center Left Defender,6,0,0,-1,,,,0,0,-1,,,,2025-06-01 04:57:56
13086,725891,2936,away,1,4-3-3,1,1,18,311161,Daniel Ljung,Right Midfielder,7,0,0,-1,,,,0,0,-1,,,,2025-06-01 04:57:56
13086,725891,2936,away,1,4-3-3,1,1,7,302001,David Seger,Left Midfielder,8,0,0,-1,,,,1,307747,6,307747.0,4320.0,72',2025-06-01 04:57:56
13086,725891,2936,away,1,4-3-3,1,1,20,217300,Alibek Aliev,Forward,9,0,0,-1,,,,1,400372,22,400372.0,5400.0,90'+4',2025-06-01 04:57:56
13086,725891,2936,away,1,4-3-3,1,1,14,173508,Dennis Olsson,Right Forward,10,0,0,-1,,,,1,222639,23,222639.0,2700.0,45',2025-06-01 04:57:56
13086,725891,2936,away,1,4-3-3,1,1,19,289844,Matias Tamminen,Left Forward,11,0,0,-1,,,,1,238868,26,238868.0,4320.0,72',2025-06-01 04:57:56
13086,725891,2936,away,1,4-3-3,1,0,32,400368,Carl Lundahl Persson,Substitute,0,0,0,-1,,,,0,0,-1,,,,2025-06-01 04:57:56
13086,725891,2936,away,1,4-3-3,1,0,22,400372,Oskar Gabrielsson,Substitute,0,1,217300,20,217300.0,5400.0,90'+4',0,0,-1,,,,2025-06-01 04:57:56
13086,725891,2936,away,1,4-3-3,1,0,23,222639,Vladimir Rodic,Substitute,0,1,173508,14,173508.0,2700.0,45',0,0,-1,,,,2025-06-01 04:57:56
13086,725891,2936,away,1,4-3-3,1,0,4,238435,Sebastian Starke Hedlund,Substitute,0,1,380190,3,380190.0,4320.0,72',0,0,-1,,,,2025-06-01 04:57:56
13086,725891,2936,away,1,4-3-3,1,0,6,307747,Noah Soderberg,Substitute,0,1,302001,7,302001.0,4320.0,72',0,0,-1,,,,2025-06-01 04:57:56
13086,725891,2936,away,1,4-3-3,1,0,16,349204,Raymond Adjei,Substitute,0,0,0,-1,,,,0,0,-1,,,,2025-06-01 04:57:56
13086,725891,2936,away,1,4-3-3,1,0,29,162497,Christian Kouakou,Substitute,0,0,0,-1,,,,0,0,-1,,,,2025-06-01 04:57:56
13086,725891,2936,away,1,4-3-3,1,0,9,398188,Niklas Soderberg,Substitute,0,0,0,-1,,,,0,0,-1,,,,2025-06-01 04:57:56
13086,725891,2936,away,1,4-3-3,1,0,26,238868,Magnus Christensen,Substitute,0,1,289844,19,289844.0,4320.0,72',0,0,-1,,,,2025-06-01 04:57:56
13086,725892,529,home,0,3-4-3,1,1,1,400222,Simon Eriksson,Goalkeeper,1,0,0,-1,,,,0,0,-1,,,,2025-06-01 04:57:56
13086,725892,529,home,0,3-4-3,1,1,15,173040,Simon Hedlund,Right Midfielder,2,0,0,-1,,,,0,0,-1,,,,2025-06-01 04:57:56
13086,725892,529,home,0,3-4-3,1,1,23,134644,Niklas Hult,Left Midfielder,3,0,0,-1,,,,0,0,-1,,,,2025-06-01 04:57:56
13086,725892,529,home,0,3-4-3,1,1,6,286729,Rasmus Wikstrom,Center Left Defender,4,0,0,-1,,,,0,0,-1,,,,2025-06-01 04:57:56
13086,725892,529,home,0,3-4-3,1,1,29,341452,Ibrahim Buhari,Center Defender,5,0,0,-1,,,,0,0,-1,,,,2025-06-01 04:57:56
13086,725892,529,home,0,3-4-3,1,1,8,194092,Sebastian Holmén,Center Right Defender,6,0,0,-1,,,,1,146012,13,146012.0,5160.0,86',2025-06-01 04:57:56
13086,725892,529,home,0,3-4-3,1,1,27,334024,Besfort Zeneli,Center Right Midfielder,7,0,0,-1,,,,1,305401,18,305401.0,5160.0,86',2025-06-01 04:57:56
13086,725892,529,home,0,3-4-3,1,1,10,245883,Simon Olsson,Center Left Midfielder,8,0,0,-1,,,,0,0,-1,,,,2025-06-01 04:57:56
13086,725892,529,home,0,3-4-3,1,1,24,304180,Frederik Ihler,Forward,9,0,0,-1,,,,1,174501,17,174501.0,4320.0,72',2025-06-01 04:57:56
13086,725892,529,home,0,3-4-3,1,1,21,388173,Leo Östman,Center Right Forward,10,0,0,-1,,,,1,342093,25,342093.0,3420.0,57',2025-06-01 04:57:56
13086,725892,529,home,0,3-4-3,1,1,11,303614,Taylor Silverholt,Center Left Forward,11,0,0,-1,,,,1,362584,20,362584.0,4320.0,72',2025-06-01 04:57:56
13086,725892,529,home,0,3-4-3,1,0,28,389426,Frode Aronsson,Substitute,0,0,0,-1,,,,0,0,-1,,,,2025-06-01 04:57:56
13086,725892,529,home,0,3-4-3,1,0,2,380023,Terry Yegbe,Substitute,0,0,0,-1,,,,0,0,-1,,,,2025-06-01 04:57:56
13086,725892,529,home,0,3-4-3,1,0,17,174501,Per Frick,Substitute,0,1,304180,24,304180.0,4320.0,72',0,0,-1,,,,2025-06-01 04:57:56
13086,725892,529,home,0,3-4-3,1,0,20,362584,Gottfrid Rapp,Substitute,0,1,303614,11,303614.0,4320.0,72',0,0,-1,,,,2025-06-01 04:57:56
13086,725892,529,home,0,3-4-3,1,0,25,342093,Ari Sigurpálsson,Substitute,0,1,388173,21,388173.0,3420.0,57',0,0,-1,,,,2025-06-01 04:57:56
13086,725892,529,home,0,3-4-3,1,0,18,305401,Júlíus Magnússon,Substitute,0,1,334024,27,334024.0,5160.0,86',0,0,-1,,,,2025-06-01 04:57:56
13086,725892,529,home,0,3-4-3,1,0,4,202682,Daniel Granli,Substitute,0,0,0,-1,,,,0,0,-1,,,,2025-06-01 04:57:56
13086,725892,529,home,0,3-4-3,1,0,30,176191,Lucas Hägg Johansson,Substitute,0,0,0,-1,,,,0,0,-1,,,,2025-06-02 04:53:23
13086,725892,529,home,0,3-4-3,1,0,13,146012,Johan Larsson,Substitute,0,1,194092,8,194092.0,5160.0,86',0,0,-1,,,,2025-06-01 04:57:56
13086,725892,2495,away,1,3-4-3,1,1,1,170727,Warner Hahn,Goalkeeper,1,0,0,-1,,,,0,0,-1,,,,2025-06-01 04:57:56
13086,725892,2495,away,1,3-4-3,1,1,2,382504,Hampus Skoglund,Right Midfielder,2,0,0,-1,,,,0,0,-1,,,,2025-06-02 04:53:23
13086,725892,2495,away,1,3-4-3,1,1,21,269195,Simon Strand,Left Midfielder,3,0,0,-1,,,,1,272714,3,272714.0,4440.0,74',2025-06-01 04:57:56
13086,725892,2495,away,1,3-4-3,1,1,19,251758,Shaquille Pinas,Center Left Defender,4,0,0,-1,,,,0,0,-1,,,,2025-06-01 04:57:56
13086,725892,2495,away,1,3-4-3,1,1,4,334038,Victor Eriksson,Center Defender,5,0,0,-1,,,,0,0,-1,,,,2025-06-01 04:57:56
13086,725892,2495,away,1,3-4-3,1,1,17,313464,Ibrahima Fofana,Center Right Defender,6,0,0,-1,,,,0,0,-1,,,,2025-06-01 04:57:56
13086,725892,2495,away,1,3-4-3,1,1,8,22967,Markus Karlsson,Center Right Midfielder,7,0,0,-1,,,,0,0,-1,,,,2025-06-01 04:57:56
13086,725892,2495,away,1,3-4-3,1,1,5,218436,Tesfaldet Tekie,Center Left Midfielder,8,0,0,-1,,,,1,210020,22,,,,2025-06-01 04:57:56
13086,725892,2495,away,1,3-4-3,1,1,29,359099,Elohim Kaboré,Forward,9,0,0,-1,,,,1,315675,9,315675.0,3600.0,60',2025-06-02 04:53:23
13086,725892,2495,away,1,3-4-3,1,1,20,143585,Nahir Besara,Center Right Forward,10,0,0,-1,,,,1,303670,7,303670.0,4440.0,74',2025-06-01 04:57:56
13086,725892,2495,away,1,3-4-3,1,1,18,303702,Sebastian Tounekti,Center Left Forward,11,0,0,-1,,,,1,313974,23,313974.0,4440.0,74',2025-06-01 04:57:56
13086,725892,2495,away,1,3-4-3,1,0,22,210020,Jacob Ouro Ortmark,Substitute,0,1,218436,5,218436.0,5400.0,90'+4',0,0,-1,,,,2025-06-02 04:53:23
13086,725892,2495,away,1,3-4-3,1,0,13,399509,Jonathan Karlsson,Substitute,0,0,0,-1,,,,0,0,-1,,,,2025-06-01 04:57:56
13086,725892,2495,away,1,3-4-3,1,0,15,380970,Adrian Lahdo,Substitute,0,0,0,-1,,,,0,0,-1,,,,2025-06-01 04:57:56
13086,725892,2495,away,1,3-4-3,1,0,9,315675,Jusef Erabi,Substitute,0,1,359099,29,359099.0,3600.0,60',0,0,-1,,,,2025-06-01 04:57:56
13086,725892,2495,away,1,3-4-3,1,0,23,313974,Abdelrahman Boudah Saidi,Substitute,0,1,303702,18,303702.0,4440.0,74',0,0,-1,,,,2025-06-02 04:53:23
13086,725892,2495,away,1,3-4-3,1,0,26,312880,Montader Madjed,Substitute,0,0,0,-1,,,,0,0,-1,,,,2025-06-01 04:57:56
13086,725892,2495,away,1,3-4-3,1,0,7,303670,Paulos Abraham,Substitute,0,1,143585,20,143585.0,4440.0,74',0,0,-1,,,,2025-06-01 04:57:56
13086,725892,2495,away,1,3-4-3,1,0,27,301372,Felix Jakobsson,Substitute,0,0,0,-1,,,,0,0,-1,,,,2025-06-01 04:57:56
13086,725892,2495,away,1,3-4-3,1,0,3,272714,Frederik Winther,Substitute,0,1,269195,21,269195.0,4440.0,74',0,0,-1,,,,2025-06-01 04:57:56
13086,725893,3017,home,1,3-4-3,1,1,12,195094,Tim Erlandsson,Goalkeeper,1,0,0,-1,,,,0,0,-1,,,,2025-06-03 04:50:27
13086,725893,3017,home,1,3-4-3,1,1,11,357140,Villiam Granath,Right Midfielder,2,0,0,-1,,,,0,0,-1,,,,2025-06-03 04:50:27
13086,725893,3017,home,1,3-4-3,1,1,15,357505,Gustav Friberg,Left Midfielder,3,0,0,-1,,,,1,317094,20,317094.0,4560.0,76',2025-06-03 04:50:27
13086,725893,3017,home,1,3-4-3,1,1,21,121282,Marcus Olsson,Center Left Defender,4,0,0,-1,,,,0,0,-1,,,,2025-06-03 04:50:27
13086,725893,3017,home,1,3-4-3,1,1,4,289329,Filip Schyberg,Center Defender,5,0,0,-1,,,,0,0,-1,,,,2025-06-03 04:50:27
13086,725893,3017,home,1,3-4-3,1,1,2,381647,Bleon Kurtulus,Center Right Defender,6,0,0,-1,,,,0,0,-1,,,,2025-06-03 04:50:27
13086,725893,3017,home,1,3-4-3,1,1,6,147211,Joel Allansson,Center Right Midfielder,7,0,0,-1,,,,0,0,-1,,,,2025-06-03 04:50:27
13086,725893,3017,home,1,3-4-3,1,1,25,321176,Aleksander Damnjanovic,Center Left Midfielder,8,0,0,-1,,,,0,0,-1,,,,2025-06-03 04:50:27
13086,725893,3017,home,1,3-4-3,1,1,9,329971,Yannick Agnero,Forward,9,0,0,-1,,,,1,357142,3,357142.0,5340.0,89',2025-06-03 04:50:27
13086,725893,3017,home,1,3-4-3,1,1,29,399508,Erik Arvidsson,Center Right Forward,10,0,0,-1,,,,1,357130,18,357130.0,3600.0,60',2025-06-03 04:50:27
13086,725893,3017,home,1,3-4-3,1,1,13,237843,Gíisli Eyjólfsson,Center Left Forward,11,0,0,-1,,,,1,289719,8,289719.0,4560.0,76',2025-06-03 04:50:27
13086,725893,3017,home,1,3-4-3,1,0,3,357142,Gabriel Wallentin,Substitute,0,1,329971,9,329971.0,5340.0,89',0,0,-1,,,,2025-06-03 04:50:27
13086,725893,3017,home,1,3-4-3,1,0,20,317094,Pawel Chrupalla,Substitute,0,1,357505,15,357505.0,4560.0,76',0,0,-1,,,,2025-06-03 04:50:27
13086,725893,3017,home,1,3-4-3,1,0,8,289719,Niilo Mäenpää,Substitute,0,1,237843,13,237843.0,4560.0,76',0,0,-1,,,,2025-06-03 04:50:27
13086,725893,3017,home,1,3-4-3,1,0,1,264481,Tim Rönning,Substitute,0,0,0,-1,,,,0,0,-1,,,,2025-06-03 04:50:27
13086,725893,3017,home,1,3-4-3,1,0,5,178687,Pascal Gregor,Substitute,0,0,0,-1,,,,0,0,-1,,,,2025-06-03 04:50:27
13086,725893,3017,home,1,3-4-3,1,0,14,159454,Blair Turgott,Substitute,0,0,0,-1,,,,0,0,-1,,,,2025-06-03 04:50:27
13086,725893,3017,home,1,3-4-3,1,0,26,359293,Mans Andersson,Substitute,0,0,0,-1,,,,0,0,-1,,,,2025-06-03 04:50:27
13086,725893,3017,home,1,3-4-3,1,0,28,334002,Malte Persson,Substitute,0,0,0,-1,,,,0,0,-1,,,,2025-06-03 04:50:27
13086,725893,3017,home,1,3-4-3,1,0,18,357130,Naeem Mohammed,Substitute,0,1,399508,29,399508.0,3600.0,60',0,0,-1,,,,2025-06-03 04:50:27
13086,725893,2339,away,0,4-3-3,1,1,45,219533,Filip Manojlovic,Goalkeeper,1,0,0,-1,,,,0,0,-1,,,,2025-06-03 04:50:27
13086,725893,2339,away,0,4-3-3,1,1,18,269457,Adam Stahl,Right Back,2,0,0,-1,,,,1,357136,12,357136.0,3360.0,56',2025-06-03 04:50:27
13086,725893,2339,away,0,4-3-3,1,1,27,371596,Keita Kosugi,Left Back,3,0,0,-1,,,,0,0,-1,,,,2025-06-03 04:50:27
13086,725893,2339,away,0,4-3-3,1,1,20,364226,Matias Siltanen,Center Midfielder,4,0,0,-1,,,,0,0,-1,,,,2025-06-03 04:50:27
13086,725893,2339,away,0,4-3-3,1,1,4,237053,Jacob Une,Center Right Defender,5,0,0,-1,,,,0,0,-1,,,,2025-06-03 04:50:27
13086,725893,2339,away,0,4-3-3,1,1,3,172855,Marcus Danielson,Center Left Defender,6,0,0,-1,,,,0,0,-1,,,,2025-06-03 04:50:27
13086,725893,2339,away,0,4-3-3,1,1,32,350206,Isak Alemayehu,Right Midfielder,7,0,0,-1,,,,1,120652,8,120652.0,3360.0,56',2025-06-03 04:50:27
13086,725893,2339,away,0,4-3-3,1,1,7,295863,Tobias Gulliksen,Left Midfielder,8,0,0,-1,,,,0,0,-1,,,,2025-06-03 04:50:27
13086,725893,2339,away,0,4-3-3,1,1,25,368579,Kalipha Jawla,Forward,9,0,0,-1,,,,1,164556,10,164556.0,2700.0,45',2025-06-03 04:50:27
13086,725893,2339,away,0,4-3-3,1,1,29,275575,Santeri Haarala,Right Forward,10,0,0,-1,,,,1,372767,11,372767.0,4320.0,72',2025-06-03 04:50:27
13086,725893,2339,away,0,4-3-3,1,1,19,357204,Viktor Bergh,Left Forward,11,0,0,-1,,,,1,272148,14,272148.0,4320.0,72',2025-06-03 04:50:27
13086,725893,2339,away,0,4-3-3,1,0,11,372767,Zakaria Sawo,Substitute,0,1,275575,29,275575.0,4320.0,72',0,0,-1,,,,2025-06-03 04:50:27
13086,725893,2339,away,0,4-3-3,1,0,12,357136,Theo Bergvall,Substitute,0,1,269457,18,269457.0,3360.0,56',0,0,-1,,,,2025-06-03 04:50:27
13086,725893,2339,away,0,4-3-3,1,0,5,289721,Miro Tenho,Substitute,0,0,0,-1,,,,0,0,-1,,,,2025-06-03 04:50:27
13086,725893,2339,away,0,4-3-3,1,0,14,272148,Hampus Finndell,Substitute,0,1,357204,19,357204.0,4320.0,72',0,0,-1,,,,2025-06-03 04:50:27
13086,725893,2339,away,0,4-3-3,1,0,34,236989,Alexander Anderson,Substitute,0,0,0,-1,,,,0,0,-1,,,,2025-06-03 04:50:27
13086,725893,2339,away,0,4-3-3,1,0,35,203266,Jacob Rinne,Substitute,0,0,0,-1,,,,0,0,-1,,,,2025-06-03 04:50:27
13086,725893,2339,away,0,4-3-3,1,0,10,164556,Tokmac Nguen,Substitute,0,1,368579,25,368579.0,2700.0,45',0,0,-1,,,,2025-06-03 04:50:27
13086,725893,2339,away,0,4-3-3,1,0,8,120652,Albin Ekdal,Substitute,0,1,350206,32,350206.0,3360.0,56',0,0,-1,,,,2025-06-03 04:50:27
13086,725894,2720,home,1,4-3-1-2,1,1,33,307800,Melker Ellborg,Goalkeeper,1,0,0,-1,,,,0,0,-1,,,,2025-06-02 04:53:23
13086,725894,2720,home,1,4-3-1-2,1,1,2,9101,Johan Karlsson,Right Back,2,0,0,-1,,,,0,0,-1,,,,2025-06-02 04:53:23
13086,725894,2720,home,1,4-3-1-2,1,1,25,301219,Busanello,Left Back,3,0,0,-1,,,,0,0,-1,,,,2025-06-02 04:53:23
13086,725894,2720,home,1,4-3-1-2,1,1,7,315679,Otto Rosengren,Center Midfielder,4,0,0,-1,,,,0,0,-1,,,,2025-06-02 04:53:23
13086,725894,2720,home,1,4-3-1-2,1,1,17,193186,Jens Stryger Larsen,Center Right Defender,5,0,0,-1,,,,0,0,-1,,,,2025-06-02 04:53:23
13086,725894,2720,home,1,4-3-1-2,1,1,19,279135,Colin Rösler,Center Left Defender,6,0,0,-1,,,,0,0,-1,,,,2025-06-02 04:53:23
13086,725894,2720,home,1,4-3-1-2,1,1,40,381395,Kenan Busuladzic,Right Midfielder,7,0,0,-1,,,,1,368582,34,368582.0,4800.0,80',2025-06-02 04:53:23
13086,725894,2720,home,1,4-3-1-2,1,1,29,218450,Sead Haksabanovic,Attacking Midfielder,8,0,0,-1,,,,1,138055,16,138055.0,4080.0,68',2025-06-02 04:53:23
13086,725894,2720,home,1,4-3-1-2,1,1,32,360023,Daniel Gudjohnsen,Center Right Forward,9,0,0,-1,,,,1,166657,9,166657.0,4080.0,68',2025-06-02 04:53:23
13086,725894,2720,home,1,4-3-1-2,1,1,22,314164,Taha Ali,Midfielder,10,0,0,-1,,,,1,308880,11,308880.0,4740.0,79',2025-06-02 04:53:23
13086,725894,2720,home,1,4-3-1-2,1,1,38,330239,Hugo Bolin,Left Midfielder,11,0,0,-1,,,,1,364698,37,364698.0,5400.0,90',2025-06-02 04:53:23
13086,725894,2720,home,1,4-3-1-2,1,0,9,166657,Isaac Kiese Thelin,,0,1,360023,32,360023.0,4080.0,68',0,0,-1,,,,2025-06-02 04:53:23
13086,725894,2720,home,1,4-3-1-2,1,0,11,308880,Emmanuel Ekong,,0,1,314164,22,314164.0,4740.0,79',0,0,-1,,,,2025-06-02 04:53:23
13086,725894,2720,home,1,4-3-1-2,1,0,6,162738,Oscar Lewicki,,0,0,0,-1,,,,0,0,-1,,,,2025-06-02 04:53:23
13086,725894,2720,home,1,4-3-1-2,1,0,37,364698,Adrian Skogmar,,0,1,330239,38,330239.0,5400.0,90',0,0,-1,,,,2025-06-02 04:53:23
13086,725894,2720,home,1,4-3-1-2,1,0,34,368582,Zakaria Loukili,,0,1,381395,40,381395.0,4800.0,80',0,0,-1,,,,2025-06-02 04:53:23
13086,725894,2720,home,1,4-3-1-2,1,0,35,380679,Nils Zätterström,,0,0,0,-1,,,,0,0,-1,,,,2025-06-02 04:53:23
13086,725894,2720,home,1,4-3-1-2,1,0,16,138055,Oliver Berg,,0,1,218450,29,218450.0,4080.0,68',0,0,-1,,,,2025-06-02 04:53:23
13086,725894,2720,home,1,4-3-1-2,1,0,44,404787,Malte Palsson,,0,0,0,-1,,,,0,0,-1,,,,2025-06-02 04:53:23
13086,725894,2720,home,1,4-3-1-2,1,0,1,198227,Ricardo Friedrich,,0,0,0,-1,,,,0,0,-1,,,,2025-06-02 04:53:23
13086,725894,7834,away,0,4-4-2,1,1,99,125312,Etrit Berisha,Goalkeeper,1,0,0,-1,,,,0,0,-1,,,,2025-06-02 04:53:23
13086,725894,7834,away,0,4-4-2,1,1,13,361537,Sigge Jansson,Right Back,2,0,0,-1,,,,1,394448,28,394448.0,3660.0,61',2025-06-02 04:53:23
13086,725894,7834,away,0,4-4-2,1,1,21,194293,Adam Lundkvist,Left Back,3,0,0,-1,,,,0,0,-1,,,,2025-06-02 04:53:23
13086,725894,7834,away,0,4-4-2,1,1,14,185916,Simon Gustafson,Center Right Midfielder,4,0,0,-1,,,,0,0,-1,,,,2025-06-02 04:53:23
13086,725894,7834,away,0,4-4-2,1,1,8,355408,Silas Andersen,Center Right Defender,5,0,0,-1,,,,0,0,-1,,,,2025-06-02 04:53:23
13086,725894,7834,away,0,4-4-2,1,1,4,271086,Marius Lode,Center Left Defender,6,0,0,-1,,,,0,0,-1,,,,2025-06-02 04:53:23
13086,725894,7834,away,0,4-4-2,1,1,16,357139,Pontus Dahbo,Right Midfielder,7,0,0,-1,,,,1,146579,42,146579.0,4200.0,70',2025-06-02 04:53:23
13086,725894,7834,away,0,4-4-2,1,1,15,356369,Samuel Leach Holm,Center Left Midfielder,8,0,0,-1,,,,0,0,-1,,,,2025-06-02 04:53:23
13086,725894,7834,away,0,4-4-2,1,1,19,366143,John Paul Dembe,Center Left Forward,9,0,0,-1,,,,1,364749,39,364749.0,3420.0,57',2025-06-02 04:53:23
13086,725894,7834,away,0,4-4-2,1,1,10,239184,Mikkel Rygaard,Center Right Forward,10,0,0,-1,,,,1,393324,44,393324.0,4200.0,70',2025-06-02 04:53:23
13086,725894,7834,away,0,4-4-2,1,1,29,366829,Severin Nioule,Left Midfielder,11,0,0,-1,,,,0,0,-1,,,,2025-06-02 04:53:23
13086,725894,7834,away,0,4-4-2,1,0,28,394448,Filip Öhman,Substitute,0,1,361537,13,361537.0,3660.0,61',0,0,-1,,,,2025-06-02 04:53:23
13086,725894,7834,away,0,4-4-2,1,0,40,403609,Malte Ljungkull,Substitute,0,0,0,-1,,,,0,0,-1,,,,2025-06-02 04:53:23
13086,725894,7834,away,0,4-4-2,1,0,44,393324,Harry Hilvenius,Substitute,0,1,239184,10,239184.0,4200.0,70',0,0,-1,,,,2025-06-02 04:53:23
13086,725894,7834,away,0,4-4-2,1,0,22,380234,Nikola Zecevic,Substitute,0,0,0,-1,,,,0,0,-1,,,,2025-06-02 04:53:23
13086,725894,7834,away,0,4-4-2,1,0,17,330551,Ben Engdahl,Substitute,0,0,0,-1,,,,0,0,-1,,,,2025-06-02 04:53:23
13086,725894,7834,away,0,4-4-2,1,0,1,177546,Andreas Linde,Substitute,0,0,0,-1,,,,0,0,-1,,,,2025-06-02 04:53:23
13086,725894,7834,away,0,4-4-2,1,0,42,146579,Nikola Mitrovic,Substitute,0,1,357139,16,357139.0,4200.0,70',0,0,-1,,,,2025-06-02 04:53:23
13086,725894,7834,away,0,4-4-2,1,0,32,121827,Oscar Jansson,Substitute,0,0,0,-1,,,,0,0,-1,,,,2025-06-02 04:53:23
13086,725894,7834,away,0,4-4-2,1,0,39,364749,Isak Brusberg,Substitute,0,1,366143,19,366143.0,3420.0,57',0,0,-1,,,,2025-06-02 04:53:23
13086,725895,20301,home,1,3-4-2-1,1,1,1,301377,Noel Törnqvist,Goalkeeper,1,0,0,-1,,,,0,0,-1,,,,2025-06-02 04:53:23
13086,725895,20301,home,1,3-4-2-1,1,1,14,312876,Herman Johansson,Right Midfielder,2,0,0,-1,,,,1,269109,11,269109.0,3540.0,59',2025-06-02 04:53:23
13086,725895,20301,home,1,3-4-2-1,1,1,17,357145,Elliot Stroud,Left Midfielder,3,0,0,-1,,,,0,0,-1,,,,2025-06-02 04:53:23
13086,725895,20301,home,1,3-4-2-1,1,1,24,172917,Tom Pettersson,Center Left Defender,4,0,0,-1,,,,0,0,-1,,,,2025-06-02 04:53:23
13086,725895,20301,home,1,3-4-2-1,1,1,5,356281,Abdullah Iqbal,Center Defender,5,0,0,-1,,,,0,0,-1,,,,2025-06-02 04:53:23
13086,725895,20301,home,1,3-4-2-1,1,1,4,306289,Axel Norén,Center Right Defender,6,0,0,-1,,,,1,346502,25,346502.0,5400.0,90'+3',2025-06-02 04:53:23
13086,725895,20301,home,1,3-4-2-1,1,1,22,192793,Jesper Gustavsson,Center Right Midfielder,7,0,0,-1,,,,0,0,-1,,,,2025-06-02 04:53:23
13086,725895,20301,home,1,3-4-2-1,1,1,10,249171,Nicklas Rojkjaer,Center Left Midfielder,8,0,0,-1,,,,0,0,-1,,,,2025-06-02 04:53:23
13086,725895,20301,home,1,3-4-2-1,1,1,18,293925,Jacob Bergstrom,Forward,9,0,0,-1,,,,1,301382,16,301382.0,3480.0,58',2025-06-02 04:53:23
13086,725895,20301,home,1,3-4-2-1,1,1,7,303651,Viktor Gustafson,Center Right Forward,10,0,0,-1,,,,1,356408,6,356408.0,3540.0,59',2025-06-02 04:53:23
13086,725895,20301,home,1,3-4-2-1,1,1,19,380320,Abdoulie Manneh,Center Left Forward,11,0,0,-1,,,,1,346501,27,346501.0,5280.0,88',2025-06-02 04:53:23
13086,725895,20301,home,1,3-4-2-1,1,0,15,361860,Bork Bang-Kittilsen,Substitute,0,0,0,-1,,,,0,0,-1,,,,2025-06-02 04:53:23
13086,725895,20301,home,1,3-4-2-1,1,0,25,346502,Argjend Miftari,Substitute,0,1,306289,4,306289.0,5400.0,90'+3',0,0,-1,,,,2025-06-02 04:53:23
13086,725895,20301,home,1,3-4-2-1,1,0,39,389637,Romeo Leandersson,Substitute,0,0,0,-1,,,,0,0,-1,,,,2025-06-02 04:53:23
13086,725895,20301,home,1,3-4-2-1,1,0,26,357118,Uba Charles,Substitute,0,0,0,-1,,,,0,0,-1,,,,2025-06-02 04:53:23
13086,725895,20301,home,1,3-4-2-1,1,0,6,356408,Ludwig Malachowski,Substitute,0,1,303651,7,303651.0,3540.0,59',0,0,-1,,,,2025-06-02 04:53:23
13086,725895,20301,home,1,3-4-2-1,1,0,27,346501,Ludvig Tidstrand,Substitute,0,1,380320,19,380320.0,5280.0,88',0,0,-1,,,,2025-06-02 04:53:23
13086,725895,20301,home,1,3-4-2-1,1,0,16,301382,Alexander Johansson,Substitute,0,1,293925,18,293925.0,3480.0,58',0,0,-1,,,,2025-06-02 04:53:23
13086,725895,20301,home,1,3-4-2-1,1,0,11,269109,Timo Stavitski,Substitute,0,1,312876,14,312876.0,3540.0,59',0,0,-1,,,,2025-06-02 04:53:23
13086,725895,20301,home,1,3-4-2-1,1,0,35,151931,Alexander Lundin,Substitute,0,0,0,-1,,,,0,0,-1,,,,2025-06-02 04:53:23
13086,725895,21382,away,0,4-3-3,1,1,1,277177,Hugo Keto,Goalkeeper,1,0,0,-1,,,,0,0,-1,,,,2025-06-02 04:53:23
13086,725895,21382,away,0,4-3-3,1,1,5,334035,Victor Larsson,Right Back,2,0,0,-1,,,,1,380552,2,380552.0,4020.0,67',2025-06-02 04:53:23
13086,725895,21382,away,0,4-3-3,1,1,3,272272,Axel Björnström,Left Back,3,0,0,-1,,,,0,0,-1,,,,2025-06-02 04:53:23
13086,725895,21382,away,0,4-3-3,1,1,8,272404,Luke Le Roux,Center Midfielder,4,0,0,-1,,,,0,0,-1,,,,2025-06-02 04:53:23
13086,725895,21382,away,0,4-3-3,1,1,6,267616,Hugo Andersson,Center Right Defender,5,0,0,-1,,,,0,0,-1,,,,2025-06-02 04:53:23
13086,725895,21382,away,0,4-3-3,1,1,24,357202,Emin Grozdanic,Center Left Defender,6,0,0,-1,,,,0,0,-1,,,,2025-06-02 04:53:23
13086,725895,21382,away,0,4-3-3,1,1,7,193351,Carl Johansson,Right Midfielder,7,0,0,-1,,,,0,0,-1,,,,2025-06-02 04:53:23
13086,725895,21382,away,0,4-3-3,1,1,28,344869,Frank Junior Adjei,Left Midfielder,8,0,0,-1,,,,0,0,-1,,,,2025-06-02 04:53:23
13086,725895,21382,away,0,4-3-3,1,1,9,337564,Johnbosco Samuel Kalu,Forward,9,0,0,-1,,,,1,185955,15,185955.0,4020.0,67',2025-06-02 04:53:23
13086,725895,21382,away,0,4-3-3,1,1,18,381397,Mohammad Alsalkhadi,Right Forward,10,0,0,-1,,,,0,0,-1,,,,2025-06-02 04:53:23
13086,725895,21382,away,0,4-3-3,1,1,10,345479,Ajdin Zeljkovic,Left Forward,11,0,0,-1,,,,1,353250,32,353250.0,5100.0,85',2025-06-02 04:53:23
13086,725895,21382,away,0,4-3-3,1,0,21,303750,Abdulrazaq Ishaq,Substitute,0,0,0,-1,,,,0,0,-1,,,,2025-06-02 04:53:23
13086,725895,21382,away,0,4-3-3,1,0,32,353250,Kenan Bilalovic,Substitute,0,1,345479,10,345479.0,5100.0,85',0,0,-1,,,,2025-06-02 04:53:23
13086,725895,21382,away,0,4-3-3,1,0,15,185955,Pawel Cibicki,Substitute,0,1,337564,9,337564.0,4020.0,67',0,0,-1,,,,2025-06-02 04:53:23
13086,725895,21382,away,0,4-3-3,1,0,17,365517,Fred Bozicevic,Substitute,0,0,0,-1,,,,0,0,-1,,,,2025-06-02 04:53:23
13086,725895,21382,away,0,4-3-3,1,0,2,380552,Johan Rapp,Substitute,0,1,334035,5,334035.0,4020.0,67',0,0,-1,,,,2025-06-02 04:53:23
13086,725895,21382,away,0,4-3-3,1,0,26,380685,Calle Johansson,Substitute,0,0,0,-1,,,,0,0,-1,,,,2025-06-02 04:53:23
13086,725895,21382,away,0,4-3-3,1,0,4,383897,Rufai Mohammed,Substitute,0,0,0,-1,,,,0,0,-1,,,,2025-06-02 04:53:23
13086,725895,21382,away,0,4-3-3,1,0,39,341335,Viktor Andersson,Substitute,0,0,0,-1,,,,0,0,-1,,,,2025-06-02 04:53:23
13086,725896,8544,home,0,4-2-3-1,1,1,40,19242,David Andersson,Goalkeeper,1,0,0,-1,,,,0,0,-1,,,,2025-06-01 04:57:56
13086,725896,8544,home,0,4-2-3-1,1,1,14,306290,Yahya Kalley,Right Back,2,0,0,-1,,,,1,400367,20,400367.0,1800.0,30',2025-06-01 04:57:56
13086,725896,8544,home,0,4-2-3-1,1,1,3,359167,Marcus Baggesen,Left Back,3,0,0,-1,,,,1,364988,25,364988.0,4440.0,74',2025-06-01 04:57:56
13086,725896,8544,home,0,4-2-3-1,1,1,11,286930,Ismet Lushaku,Left Midfielder,4,0,0,-1,,,,1,188022,10,188022.0,3720.0,62',2025-06-01 04:57:56
13086,725896,8544,home,0,4-2-3-1,1,1,19,238431,Max Watson,Center Right Defender,5,0,0,-1,,,,0,0,-1,,,,2025-06-01 04:57:56
13086,725896,8544,home,0,4-2-3-1,1,1,4,356374,Amadeus Sögaard,Center Left Defender,6,0,0,-1,,,,0,0,-1,,,,2025-06-01 04:57:56
13086,725896,8544,home,0,4-2-3-1,1,1,15,290034,Sebastian Jorgensen,Attacking Midfielder Right,7,0,0,-1,,,,1,158978,5,158978.0,4440.0,74',2025-06-01 04:57:56
13086,725896,8544,home,0,4-2-3-1,1,1,7,232279,Alexander Fransson,Right Midfielder,8,0,0,-1,,,,0,0,-1,,,,2025-06-01 04:57:56
13086,725896,8544,home,0,4-2-3-1,1,1,22,287215,Tim Prica,Forward,9,0,0,-1,,,,0,0,-1,,,,2025-06-01 04:57:56
13086,725896,8544,home,0,4-2-3-1,1,1,9,230353,Arnór Traustason,Attacking Midfielder,10,0,0,-1,,,,1,389749,28,389749.0,4440.0,74',2025-06-01 04:57:56
13086,725896,8544,home,0,4-2-3-1,1,1,8,321404,Ísak Andri Sigurgeirsson,Attacking Midfielder Left,11,0,0,-1,,,,0,0,-1,,,,2025-06-01 04:57:56
13086,725896,8544,home,0,4-2-3-1,1,0,20,400367,Axel Brönner,Substitute,0,1,306290,14,306290.0,1800.0,30',0,0,-1,,,,2025-06-01 04:57:56
13086,725896,8544,home,0,4-2-3-1,1,0,33,404755,William Bergman,Substitute,0,0,0,-1,,,,0,0,-1,,,,2025-06-01 04:57:56
13086,725896,8544,home,0,4-2-3-1,1,0,5,158978,Christoffer Nyman,Substitute,0,1,290034,15,290034.0,4440.0,74',0,0,-1,,,,2025-06-01 04:57:56
13086,725896,8544,home,0,4-2-3-1,1,0,10,188022,David Moberg-Karlsson,Substitute,0,1,286930,11,286930.0,3720.0,62',0,0,-1,,,,2025-06-01 04:57:56
13086,725896,8544,home,0,4-2-3-1,1,0,24,334015,Anton Eriksson,Substitute,0,0,0,-1,,,,0,0,-1,,,,2025-06-01 04:57:56
13086,725896,8544,home,0,4-2-3-1,1,0,25,364988,Kevin Höög Jansson,Substitute,0,1,359167,3,359167.0,4440.0,74',0,0,-1,,,,2025-06-01 04:57:56
13086,725896,8544,home,0,4-2-3-1,1,0,30,380189,Theo Krantz,Substitute,0,0,0,-1,,,,0,0,-1,,,,2025-06-01 04:57:56
13086,725896,8544,home,0,4-2-3-1,1,0,28,389749,Åke Andersson,Substitute,0,1,230353,9,230353.0,4440.0,74',0,0,-1,,,,2025-06-01 04:57:56
13086,725896,8544,home,0,4-2-3-1,1,0,36,402438,Manaf Rawufu,Substitute,0,0,0,-1,,,,0,0,-1,,,,2025-06-01 04:57:56
13086,725896,8222,away,1,4-3-3,1,1,1,312877,Mergim Krasniqi,Goalkeeper,1,0,0,-1,,,,0,0,-1,,,,2025-06-01 04:57:56
13086,725896,8222,away,1,4-3-3,1,1,6,378806,August Wängberg,Right Back,2,0,0,-1,,,,0,0,-1,,,,2025-06-01 04:57:56
13086,725896,8222,away,1,4-3-3,1,1,5,379958,Robin Wendin Thomasson,Left Back,3,0,0,-1,,,,1,400217,2,400217.0,5040.0,84',2025-06-02 04:53:23
13086,725896,8222,away,1,4-3-3,1,1,18,313931,Kevin Holmén,Center Midfielder,4,0,0,-1,,,,1,359795,32,359795.0,4440.0,74',2025-06-02 04:53:23
13086,725896,8222,away,1,4-3-3,1,1,12,356377,Robin Frej,Center Right Defender,5,0,0,-1,,,,0,0,-1,,,,2025-06-01 04:57:56
13086,725896,8222,away,1,4-3-3,1,1,4,333728,Oskar Ågren,Center Left Defender,6,0,0,-1,,,,0,0,-1,,,,2025-06-02 04:53:23
13086,725896,8222,away,1,4-3-3,1,1,8,312852,William Milovanovic,Right Midfielder,7,0,0,-1,,,,1,315674,21,315674.0,4440.0,74',2025-06-01 04:57:56
13086,725896,8222,away,1,4-3-3,1,1,10,347031,Amin Boudri,Left Midfielder,8,0,0,-1,,,,0,0,-1,,,,2025-06-01 04:57:56
13086,725896,8222,away,1,4-3-3,1,1,19,308726,Ibrahim Diabate,Forward,9,0,0,-1,,,,1,149765,25,149765.0,4980.0,83',2025-06-30 04:28:45
13086,725896,8222,away,1,4-3-3,1,1,9,378816,Gustav Lundgren,Right Forward,10,0,0,-1,,,,0,0,-1,,,,2025-06-01 04:57:56
13086,725896,8222,away,1,4-3-3,1,1,16,400221,Rasmus Niklasson Petrovic,Left Forward,11,0,0,-1,,,,1,334033,11,334033.0,4020.0,67',2025-06-01 04:57:56
13086,725896,8222,away,1,4-3-3,1,0,2,400217,Matteo de Brienne,Substitute,0,1,379958,5,379958.0,5040.0,84',0,0,-1,,,,2025-06-02 04:53:23
13086,725896,8222,away,1,4-3-3,1,0,25,149765,Jonas Lindberg,Substitute,0,1,308726,19,308726.0,4980.0,83',0,0,-1,,,,2025-06-01 04:57:56
13086,725896,8222,away,1,4-3-3,1,0,21,315674,Axel Henriksson,Substitute,0,1,312852,8,312852.0,4440.0,74',0,0,-1,,,,2025-06-01 04:57:56
13086,725896,8222,away,1,4-3-3,1,0,32,359795,Harun Ibrahim,Substitute,0,1,313931,18,313931.0,4440.0,74',0,0,-1,,,,2025-06-01 04:57:56
13086,725896,8222,away,1,4-3-3,1,0,13,360878,Kees Sims,Substitute,0,0,0,-1,,,,0,0,-1,,,,2025-06-01 04:57:56
13086,725896,8222,away,1,4-3-3,1,0,22,378820,Anes Cardaklija,Substitute,0,0,0,-1,,,,0,0,-1,,,,2025-06-01 04:57:56
13086,725896,8222,away,1,4-3-3,1,0,24,378826,Filip Beckman,Substitute,0,0,0,-1,,,,0,0,-1,,,,2025-06-01 04:57:56
13086,725896,8222,away,1,4-3-3,1,0,14,379955,Filip Gustafsson,Substitute,0,0,0,-1,,,,0,0,-1,,,,2025-06-01 04:57:56
13086,725896,8222,away,1,4-3-3,1,0,11,334033,Edvin Becirovic,Substitute,0,1,400221,16,400221.0,4020.0,67',0,0,-1,,,,2025-06-01 04:57:56
13086,725897,8547,home,1,4-3-3,1,1,1,313973,Ismael Diawara,Goalkeeper,1,0,0,-1,,,,0,0,-1,,,,2025-06-06 05:09:39
13086,725897,8547,home,1,4-3-3,1,1,13,298341,Jakob Voelkerling Persson,Right Back,2,0,0,-1,,,,1,299250,3,299250.0,3540.0,59',2025-06-06 05:09:39
13086,725897,8547,home,1,4-3-3,1,1,21,235518,Dennis Widgren,Left Back,3,0,0,-1,,,,1,382138,20,382138.0,5400.0,90'+5',2025-06-06 05:09:39
13086,725897,8547,home,1,4-3-3,1,1,10,358564,Melker Heier,Center Midfielder,4,0,0,-1,,,,0,0,-1,,,,2025-06-06 05:09:39
13086,725897,8547,home,1,4-3-3,1,1,15,186504,Simon Sandberg,Center Right Defender,5,0,0,-1,,,,0,0,-1,,,,2025-06-06 05:09:39
13086,725897,8547,home,1,4-3-3,1,1,4,366597,Tobias Anker,Center Left Defender,6,0,0,-1,,,,0,0,-1,,,,2025-06-06 05:09:39
13086,725897,8547,home,1,4-3-3,1,1,14,323176,Leo Walta,Right Midfielder,7,0,0,-1,,,,0,0,-1,,,,2025-06-06 05:09:39
13086,725897,8547,home,1,4-3-3,1,1,17,15527,Marcus Lindberg,Left Midfielder,8,0,0,-1,,,,0,0,-1,,,,2025-06-06 05:09:39
13086,725897,8547,home,1,4-3-3,1,1,9,322993,Robbie Ure,Forward,9,0,0,-1,,,,1,315677,18,315677.0,5400.0,90'+5',2025-06-06 05:09:39
13086,725897,8547,home,1,4-3-3,1,1,29,344867,Isak Bjerkebo,Right Forward,10,0,0,-1,,,,1,401059,24,401059.0,4500.0,75',2025-06-06 05:09:39
13086,725897,8547,home,1,4-3-3,1,1,36,359495,August Ljungberg,Left Forward,11,0,0,-1,,,,1,399630,12,399630.0,5400.0,90'+5',2025-06-06 05:09:39
13086,725897,8547,home,1,4-3-3,1,0,3,299250,Bogdan Milovanov,Substitute,0,1,298341,13,298341.0,3540.0,59',0,0,-1,,,,2025-06-06 05:09:39
13086,725897,8547,home,1,4-3-3,1,0,8,311741,Andreas Pyndt,Substitute,0,0,0,-1,,,,0,0,-1,,,,2025-06-06 05:09:39
13086,725897,8547,home,1,4-3-3,1,0,18,315677,Adam Wikman,Substitute,0,1,322993,9,322993.0,5400.0,90'+5',0,0,-1,,,,2025-06-06 05:09:39
13086,725897,8547,home,1,4-3-3,1,0,5,25076,Tobias Carlsson,Substitute,0,0,0,-1,,,,0,0,-1,,,,2025-06-06 05:09:39
13086,725897,8547,home,1,4-3-3,1,0,34,325348,David Celic,Substitute,0,0,0,-1,,,,0,0,-1,,,,2025-06-06 05:09:39
13086,725897,8547,home,1,4-3-3,1,0,26,380689,Hugo Mella,Substitute,0,0,0,-1,,,,0,0,-1,,,,2025-06-06 05:09:39
13086,725897,8547,home,1,4-3-3,1,0,20,382138,Victor Ekström,Substitute,0,1,235518,21,235518.0,5400.0,90'+5',0,0,-1,,,,2025-06-06 05:09:39
13086,725897,8547,home,1,4-3-3,1,0,12,399630,Isaac Höök,Substitute,0,1,359495,36,359495.0,5400.0,90'+5',0,0,-1,,,,2025-06-06 05:09:39
13086,725897,8547,home,1,4-3-3,1,0,24,401059,Victor Svensson,Substitute,0,1,344867,29,344867.0,4500.0,75',0,0,-1,,,,2025-06-06 05:09:39
13086,725897,994,away,0,4-1-2-1-2,1,1,15,133993,Kristoffer Nordfeldt,Goalkeeper,1,0,0,-1,,,,0,0,-1,,,,2025-06-03 04:50:27
13086,725897,994,away,0,4-1-2-1-2,1,1,17,229692,Mads Thychosen,Right Back,2,0,0,-1,,,,0,0,-1,,,,2025-06-03 04:50:27
13086,725897,994,away,0,4-1-2-1-2,1,1,3,258904,Thomas Isherwood,Left Back,3,0,0,-1,,,,1,357135,18,357135.0,2700.0,45',2025-06-03 04:50:27
13086,725897,994,away,0,4-1-2-1-2,1,1,33,322466,Áron Csongvai,Defensive Midfielder,4,0,0,-1,,,,0,0,-1,,,,2025-06-03 04:50:27
13086,725897,994,away,0,4-1-2-1-2,1,1,32,222606,Filip Benkovic,Center Right Defender,5,0,0,-1,,,,1,261614,16,,,,2025-06-03 04:50:27
13086,725897,994,away,0,4-1-2-1-2,1,1,4,223140,Sotiris Papagiannopoulos,Center Left Defender,6,0,0,-1,,,,0,0,-1,,,,2025-06-03 04:50:27
13086,725897,994,away,0,4-1-2-1-2,1,1,8,236162,Johan Hove,Right Midfielder,7,0,0,-1,,,,1,346655,47,346655.0,4500.0,75',2025-06-03 04:50:27
13086,725897,994,away,0,4-1-2-1-2,1,1,5,325409,Kazper Karlsson,Attacking Midfielder,8,0,0,-1,,,,1,334029,43,334029.0,2160.0,36',2025-06-03 04:50:27
13086,725897,994,away,0,4-1-2-1-2,1,1,10,215152,Bersant Celina,Center Left Forward,9,0,0,-1,,,,0,0,-1,,,,2025-06-03 04:50:27
13086,725897,994,away,0,4-1-2-1-2,1,1,11,146893,John Guidetti,Center Right Forward,10,0,0,-1,,,,1,305500,9,305500.0,4440.0,74',2025-06-03 04:50:27
13086,725897,994,away,0,4-1-2-1-2,1,1,19,237759,Dino Besirovic,Left Midfielder,11,0,0,-1,,,,0,0,-1,,,,2025-06-03 04:50:27
13086,725897,994,away,0,4-1-2-1-2,1,0,9,305500,Andronikos Kakoulis,Substitute,0,1,146893,11,146893.0,4440.0,74',0,0,-1,,,,2025-06-03 04:50:27
13086,725897,994,away,0,4-1-2-1-2,1,0,21,369996,Stanley Wilson,Substitute,0,0,0,-1,,,,0,0,-1,,,,2025-06-03 04:50:27
13086,725897,994,away,0,4-1-2-1-2,1,0,18,357135,Abdihakim Ali,Substitute,0,1,258904,3,258904.0,2700.0,45',0,0,-1,,,,2025-06-03 04:50:27
13086,725897,994,away,0,4-1-2-1-2,1,0,45,347636,Taha Ayari,Substitute,0,0,0,-1,,,,0,0,-1,,,,2025-06-03 04:50:27
13086,725897,994,away,0,4-1-2-1-2,1,0,47,346655,Alexander Fesshaie,Substitute,0,1,236162,8,236162.0,4500.0,75',0,0,-1,,,,2025-06-03 04:50:27
13086,725897,994,away,0,4-1-2-1-2,1,0,43,334029,Victor Andersson,Substitute,0,1,325409,5,325409.0,2160.0,36',0,0,-1,,,,2025-06-03 04:50:27
13086,725897,994,away,0,4-1-2-1-2,1,0,16,261614,Benjamin Tiedemann Hansen,Substitute,0,1,222606,32,222606.0,2160.0,36',0,0,-1,,,,2025-06-03 04:50:27
13086,725897,994,away,0,4-1-2-1-2,1,0,30,218410,Kalle Joelsson,Substitute,0,0,0,-1,,,,0,0,-1,,,,2025-06-03 04:50:27
13086,725897,994,away,0,4-1-2-1-2,1,0,22,172923,Jere Uronen,Substitute,0,0,0,-1,,,,0,0,-1,,,,2025-06-03 04:50:27
13086,725898,994,home,1,3-4-3,1,1,15,133993,Kristoffer Nordfeldt,Goalkeeper,1,0,0,-1,,,,0,0,-1,,,,2025-06-30 04:28:45
13086,725898,994,home,1,3-4-3,1,1,46,406317,Yannick Geiger,Right Midfielder,2,0,0,-1,,,,0,0,-1,,,,2025-06-30 04:28:45
13086,725898,994,home,1,3-4-3,1,1,10,215152,Bersant Celina,Left Midfielder,3,0,0,-1,,,,1,229692,17,229692.0,4620.0,77',2025-06-30 04:28:45
13086,725898,994,home,1,3-4-3,1,1,3,258904,Thomas Isherwood,Center Left Defender,4,0,0,-1,,,,1,400799,26,400799.0,5400.0,90',2025-06-30 04:28:45
13086,725898,994,home,1,3-4-3,1,1,4,223140,Sotiris Papagiannopoulos,Center Defender,5,0,0,-1,,,,0,0,-1,,,,2025-06-30 04:28:45
13086,725898,994,home,1,3-4-3,1,1,32,222606,Filip Benkovic,Center Right Defender,6,0,0,-1,,,,1,261614,16,,,,2025-06-30 04:28:45
13086,725898,994,home,1,3-4-3,1,1,7,193105,Anton Saletros,Center Right Midfielder,7,0,0,-1,,,,0,0,-1,,,,2025-06-30 04:28:45
13086,725898,994,home,1,3-4-3,1,1,33,322466,Áron Csongvai,Center Left Midfielder,8,0,0,-1,,,,0,0,-1,,,,2025-06-30 04:28:45
13086,725898,994,home,1,3-4-3,1,1,29,406318,Kevin Filling,Forward,9,0,0,-1,,,,1,146893,11,146893.0,5100.0,85',2025-06-30 04:28:45
13086,725898,994,home,1,3-4-3,1,1,8,236162,Johan Hove,Center Right Forward,10,0,0,-1,,,,0,0,-1,,,,2025-06-30 04:28:45
13086,725898,994,home,1,3-4-3,1,1,45,347636,Taha Ayari,Center Left Forward,11,0,0,-1,,,,1,357135,18,357135.0,4620.0,77',2025-06-30 04:28:45
13086,725898,994,home,1,3-4-3,1,0,11,146893,John Guidetti,Substitute,0,1,406318,29,406318.0,5100.0,85',0,0,-1,,,,2025-06-30 04:28:45
13086,725898,994,home,1,3-4-3,1,0,26,400799,Elvis Laan,Substitute,0,1,258904,3,258904.0,5400.0,90',0,0,-1,,,,2025-06-30 04:28:45
13086,725898,994,home,1,3-4-3,1,0,18,357135,Abdihakim Ali,Substitute,0,1,347636,45,347636.0,4620.0,77',0,0,-1,,,,2025-06-30 04:28:45
13086,725898,994,home,1,3-4-3,1,0,12,353460,Charlie Pavey,Substitute,0,0,0,-1,,,,0,0,-1,,,,2025-06-30 04:28:45
13086,725898,994,home,1,3-4-3,1,0,9,305500,Andronikos Kakoulis,Substitute,0,0,0,-1,,,,0,0,-1,,,,2025-06-30 04:28:45
13086,725898,994,home,1,3-4-3,1,0,16,261614,Benjamin Tiedemann Hansen,Substitute,0,1,222606,32,222606.0,4620.0,77',0,0,-1,,,,2025-06-30 04:28:45
13086,725898,994,home,1,3-4-3,1,0,30,218410,Kalle Joelsson,Substitute,0,0,0,-1,,,,0,0,-1,,,,2025-06-30 04:28:45
13086,725898,994,home,1,3-4-3,1,0,17,229692,Mads Thychosen,Substitute,0,1,215152,10,215152.0,4620.0,77',0,0,-1,,,,2025-06-30 04:28:45
13086,725898,994,home,1,3-4-3,1,0,5,325409,Kazper Karlsson,Substitute,0,0,0,-1,,,,0,0,-1,,,,2025-06-30 04:28:45
13086,725898,2556,away,0,4-3-3,1,1,25,359784,Elis Bishesari,Goalkeeper,1,0,0,-1,,,,0,0,-1,,,,2025-06-30 04:28:45
13086,725898,2556,away,0,4-3-3,1,1,18,349811,Felix Eriksson,Right Back,2,0,0,-1,,,,0,0,-1,,,,2025-06-30 04:28:45
13086,725898,2556,away,0,4-3-3,1,1,22,383948,Noah Tolf,Left Back,3,0,0,-1,,,,0,0,-1,,,,2025-06-30 04:28:45
13086,725898,2556,away,0,4-3-3,1,1,8,297985,Imam Jagne,Center Midfielder,4,0,0,-1,,,,1,313971,21,313971.0,4140.0,69',2025-06-30 04:28:45
13086,725898,2556,away,0,4-3-3,1,1,5,220974,Jonas Bager,Center Right Defender,5,0,0,-1,,,,1,366598,4,366598.0,4560.0,76',2025-06-30 04:28:45
13086,725898,2556,away,0,4-3-3,1,1,3,241163,August Erlingmark,Center Left Defender,6,0,0,-1,,,,0,0,-1,,,,2025-06-30 04:28:45
13086,725898,2556,away,0,4-3-3,1,1,15,307947,David Kruse,Right Midfielder,7,0,0,-1,,,,0,0,-1,,,,2025-06-30 04:28:45
13086,725898,2556,away,0,4-3-3,1,1,17,252746,Eman Markovic,Left Midfielder,8,0,0,-1,,,,1,343826,16,343826.0,4140.0,69',2025-06-30 04:28:45
13086,725898,2556,away,0,4-3-3,1,1,9,303768,Max Fenger,Forward,9,0,0,-1,,,,0,0,-1,,,,2025-06-30 04:28:45
13086,725898,2556,away,0,4-3-3,1,1,29,343958,Thomas Santos,Right Forward,10,0,0,-1,,,,1,380238,26,380238.0,5160.0,86',2025-06-30 04:28:45
13086,725898,2556,away,0,4-3-3,1,1,7,390390,Sebastian Clemmensen,Left Forward,11,0,0,-1,,,,0,0,-1,,,,2025-06-30 04:28:45
13086,725898,2556,away,0,4-3-3,1,0,33,380931,Ben Magnusson,Substitute,0,0,0,-1,,,,0,0,-1,,,,2025-06-30 04:28:45
13086,725898,2556,away,0,4-3-3,1,0,27,401205,Alfons Borén,Substitute,0,0,0,-1,,,,0,0,-1,,,,2025-06-30 04:28:45
13086,725898,2556,away,0,4-3-3,1,0,31,381084,David Mikhail,Substitute,0,0,0,-1,,,,0,0,-1,,,,2025-06-30 04:28:45
13086,725898,2556,away,0,4-3-3,1,0,26,380238,Benjamin Brantlind,Substitute,0,1,343958,29,343958.0,5160.0,86',0,0,-1,,,,2025-06-30 04:28:45
13086,725898,2556,away,0,4-3-3,1,0,4,366598,Rockson Yeboah,Substitute,0,1,220974,5,220974.0,4560.0,76',0,0,-1,,,,2025-06-30 04:28:45
13086,725898,2556,away,0,4-3-3,1,0,16,343826,Linus Carlstrand,Substitute,0,1,252746,17,252746.0,4140.0,69',0,0,-1,,,,2025-06-30 04:28:45
13086,725898,2556,away,0,4-3-3,1,0,10,336395,Hussein Carneil,Substitute,0,0,0,-1,,,,0,0,-1,,,,2025-06-30 04:28:45
13086,725898,2556,away,0,4-3-3,1,0,21,313971,Adam Carlén,Substitute,0,1,297985,8,297985.0,4140.0,69',0,0,-1,,,,2025-06-30 04:28:45
13086,725899,20856,home,0,3-2-4-1,1,1,1,286770,Willie Jakobsson,Goalkeeper,1,0,0,-1,,,,0,0,-1,,,,2025-06-30 04:28:45
13086,725899,20856,home,0,3-2-4-1,1,1,11,218520,Christos Gravius,Center Right Midfielder,2,0,0,-1,,,,0,0,-1,,,,2025-06-30 04:28:45
13086,725899,20856,home,0,3-2-4-1,1,1,8,301374,Nahom Netabay,Center Left Midfielder,3,0,0,-1,,,,0,0,-1,,,,2025-06-30 04:28:45
13086,725899,20856,home,0,3-2-4-1,1,1,2,256567,Mamadouba Diaby,Left Back,4,0,0,-1,,,,0,0,-1,,,,2025-06-30 04:28:45
13086,725899,20856,home,0,3-2-4-1,1,1,15,324395,Nasiru Moro,Center Defender,5,0,0,-1,,,,1,385769,5,385769.0,2700.0,45',2025-06-30 04:28:45
13086,725899,20856,home,0,3-2-4-1,1,1,20,400141,Elias Barsoum,Attacking Midfielder Right,7,0,0,-1,,,,1,398189,18,398189.0,3420.0,57',2025-06-30 04:28:45
13086,725899,20856,home,0,3-2-4-1,1,1,10,364830,Marcus Rafferty,Attacking Midfielder Left,8,0,0,-1,,,,1,400142,22,400142.0,3900.0,65',2025-06-30 04:28:45
13086,725899,20856,home,0,3-2-4-1,1,1,19,333259,Omar Faraj,Forward,9,0,0,-1,,,,1,398190,9,398190.0,4500.0,75',2025-06-30 04:28:45
13086,725899,20856,home,0,3-2-4-1,1,1,16,205158,Sebastian Ohlsson,Right Midfielder,10,0,0,-1,,,,0,0,-1,,,,2025-06-30 04:28:45
13086,725899,20856,home,0,3-2-4-1,1,1,23,357137,Alexander Hedén Lindskog,Left Midfielder,11,0,0,-1,,,,1,398192,21,398192.0,3420.0,57',2025-06-30 04:28:45
13086,725899,20856,home,0,3-2-4-1,1,0,22,400142,Maill Lundgren,,0,1,364830,10,364830.0,3900.0,65',0,0,-1,,,,2025-06-30 04:28:45
13086,725899,20856,home,0,3-2-4-1,1,0,21,398192,Elias Pihlström,,0,1,357137,23,357137.0,3420.0,57',0,0,-1,,,,2025-06-30 04:28:45
13086,725899,20856,home,0,3-2-4-1,1,0,9,398190,Adi Fisic,,0,1,333259,19,333259.0,4500.0,75',0,0,-1,,,,2025-06-30 04:28:45
13086,725899,20856,home,0,3-2-4-1,1,0,18,398189,Teo Grönborg,,0,1,400141,20,400141.0,3420.0,57',0,0,-1,,,,2025-06-30 04:28:45
13086,725899,20856,home,0,3-2-4-1,1,0,5,385769,Juhani Pikkarainen,,0,1,324395,15,324395.0,2700.0,45',0,0,-1,,,,2025-06-30 04:28:45
13086,725899,20856,home,0,3-2-4-1,1,0,12,236415,Erik Lindell,,0,0,0,-1,,,,0,0,-1,,,,2025-06-30 04:28:45
13086,725899,20856,home,0,3-2-4-1,1,0,25,400140,Rasmus Forsell,,0,0,0,-1,,,,0,0,-1,,,,2025-06-30 04:28:45
13086,725899,20856,home,0,3-2-4-1,1,0,27,400375,Ziyad Salifu,,0,0,0,-1,,,,0,0,-1,,,,2025-06-30 04:28:45
13086,725899,20856,home,0,3-2-4-1,1,0,17,178387,Luc Kassi,,0,0,0,-1,,,,0,0,-1,,,,2025-06-30 04:28:45
13086,725899,8221,away,1,4-2-3-1,1,1,40,390019,Leo Cavallius,Goalkeeper,1,0,0,-1,,,,0,0,-1,,,,2025-06-30 04:28:45
13086,725899,8221,away,1,4-2-3-1,1,1,21,302691,Alex Timossi Andersson,Right Back,2,0,0,-1,,,,0,0,-1,,,,2025-06-30 04:28:45
13086,725899,8221,away,1,4-2-3-1,1,1,32,399427,Oskar Cotton,Left Back,3,0,0,-1,,,,1,306206,2,306206.0,4380.0,73',2025-06-30 04:28:45
13086,725899,8221,away,1,4-2-3-1,1,1,24,257624,Kevin Ackermann,Left Midfielder,4,0,0,-1,,,,0,0,-1,,,,2025-06-30 04:28:45
13086,725899,8221,away,1,4-2-3-1,1,1,3,162464,Even Hovland,Center Right Defender,5,0,0,-1,,,,0,0,-1,,,,2025-06-30 04:28:45
13086,725899,8221,away,1,4-2-3-1,1,1,4,208616,Eric Bjorkander,Center Left Defender,6,0,0,-1,,,,0,0,-1,,,,2025-06-30 04:28:45
13086,725899,8221,away,1,4-2-3-1,1,1,17,357143,Anton Kurochkin,Attacking Midfielder Right,7,0,0,-1,,,,1,243322,19,243322.0,4080.0,68',2025-06-30 04:28:45
13086,725899,8221,away,1,4-2-3-1,1,1,5,251486,Serge-Junior Martinsson Ngouali,Right Midfielder,8,0,0,-1,,,,0,0,-1,,,,2025-06-30 04:28:45
13086,725899,8221,away,1,4-2-3-1,1,1,16,274984,Adam Jakobsen,Forward,9,0,0,-1,,,,1,356378,10,356378.0,4380.0,73',2025-06-30 04:28:45
13086,725899,8221,away,1,4-2-3-1,1,1,31,399423,Love Arrhov,Attacking Midfielder,10,0,0,-1,,,,1,134643,39,134643.0,4980.0,83',2025-06-30 04:28:45
13086,725899,8221,away,1,4-2-3-1,1,1,7,320883,Victor Lind,Attacking Midfielder Left,11,0,0,-1,,,,1,380680,12,380680.0,4980.0,83',2025-06-30 04:28:45
13086,725899,8221,away,1,4-2-3-1,1,0,12,380680,Charlie Nildén,Substitute,0,1,320883,7,320883.0,4980.0,83',0,0,-1,,,,2025-06-30 04:28:45
13086,725899,8221,away,1,4-2-3-1,1,0,10,356378,Wilmer Odefalk,Substitute,0,1,274984,16,274984.0,4380.0,73',0,0,-1,,,,2025-06-30 04:28:45
13086,725899,8221,away,1,4-2-3-1,1,0,27,347458,Kaare Barslund,Substitute,0,0,0,-1,,,,0,0,-1,,,,2025-06-30 04:28:45
13086,725899,8221,away,1,4-2-3-1,1,0,2,306206,Hlynur Freyr Karlsson,Substitute,0,1,399427,32,399427.0,4380.0,73',0,0,-1,,,,2025-06-30 04:28:45
13086,725899,8221,away,1,4-2-3-1,1,0,19,243322,Daleho Irandust,Substitute,0,1,357143,17,357143.0,4080.0,68',0,0,-1,,,,2025-06-30 04:28:45
13086,725899,8221,away,1,4-2-3-1,1,0,28,195090,Isak Ssewankambo,Substitute,0,0,0,-1,,,,0,0,-1,,,,2025-06-30 04:28:45
13086,725899,8221,away,1,4-2-3-1,1,0,25,146116,Davor Blazevic,Substitute,0,0,0,-1,,,,0,0,-1,,,,2025-06-30 04:28:45
13086,725899,8221,away,1,4-2-3-1,1,0,39,134643,Nabil Bahoui,Substitute,0,1,399423,31,399423.0,4980.0,83',0,0,-1,,,,2025-06-30 04:28:45
13086,725899,8221,away,1,4-2-3-1,1,0,14,384107,Kamilcan Sever,Substitute,0,0,0,-1,,,,0,0,-1,,,,2025-06-30 04:28:45
13086,725900,2339,home,0,4-2-3-1,1,1,45,219533,Filip Manojlovic,Goalkeeper,1,0,0,-1,,,,0,0,-1,,,,2025-07-03 11:50:53
13086,725900,2339,home,0,4-2-3-1,1,1,12,357136,Theo Bergvall,Right Back,2,0,0,-1,,,,1,357204,19,357204.0,4800.0,80',2025-07-03 11:50:53
13086,725900,2339,home,0,4-2-3-1,1,1,27,371596,Keita Kosugi,Left Back,3,0,0,-1,,,,0,0,-1,,,,2025-07-03 11:50:53
13086,725900,2339,home,0,4-2-3-1,1,1,13,334021,Daniel Stensson,Left Midfielder,4,0,0,-1,,,,1,136911,6,136911.0,2100.0,35',2025-07-03 11:50:53
13086,725900,2339,home,0,4-2-3-1,1,1,4,237053,Jacob Une,Center Right Defender,5,0,0,-1,,,,0,0,-1,,,,2025-07-03 11:50:53
13086,725900,2339,home,0,4-2-3-1,1,1,3,172855,Marcus Danielson,Center Left Defender,6,0,0,-1,,,,0,0,-1,,,,2025-07-03 11:50:53
13086,725900,2339,home,0,4-2-3-1,1,1,22,378837,Patric Åslund,Attacking Midfielder Right,7,0,0,-1,,,,1,372767,11,372767.0,4140.0,69',2025-07-03 11:50:53
13086,725900,2339,home,0,4-2-3-1,1,1,20,364226,Matias Siltanen,Right Midfielder,8,0,0,-1,,,,0,0,-1,,,,2025-07-03 11:50:53
13086,725900,2339,home,0,4-2-3-1,1,1,10,164556,Tokmac Nguen,Forward,9,0,0,-1,,,,1,330460,9,330460.0,4800.0,80',2025-07-03 11:50:53
13086,725900,2339,home,0,4-2-3-1,1,1,7,295863,Tobias Gulliksen,Attacking Midfielder,10,0,0,-1,,,,0,0,-1,,,,2025-07-03 11:50:53
13086,725900,2339,home,0,4-2-3-1,1,1,15,312383,Oskar Fallenius,Attacking Midfielder Left,11,0,0,-1,,,,1,275575,29,275575.0,2700.0,45',2025-07-03 11:50:53
13086,725900,2339,home,0,4-2-3-1,1,0,5,289721,Miro Tenho,Substitute,0,0,0,-1,,,,0,0,-1,,,,2025-07-03 11:50:53
13086,725900,2339,home,0,4-2-3-1,1,0,9,330460,August Priske,Substitute,0,1,164556,10,164556.0,4800.0,80',0,0,-1,,,,2025-07-03 11:50:53
13086,725900,2339,home,0,4-2-3-1,1,0,35,203266,Jacob Rinne,Substitute,0,0,0,-1,,,,0,0,-1,,,,2025-07-03 11:50:53
13086,725900,2339,home,0,4-2-3-1,1,0,6,136911,Rasmus Schüller,Substitute,0,1,334021,13,334021.0,2100.0,35',0,0,-1,,,,2025-07-03 11:50:53
13086,725900,2339,home,0,4-2-3-1,1,0,19,357204,Viktor Bergh,Substitute,0,1,357136,12,357136.0,4800.0,80',0,0,-1,,,,2025-07-03 11:50:53
13086,725900,2339,home,0,4-2-3-1,1,0,29,275575,Santeri Haarala,Substitute,0,1,312383,15,312383.0,2700.0,45',0,0,-1,,,,2025-07-03 11:50:53
13086,725900,2339,home,0,4-2-3-1,1,0,8,120652,Albin Ekdal,Substitute,0,0,0,-1,,,,0,0,-1,,,,2025-07-03 11:50:53
13086,725900,2339,home,0,4-2-3-1,1,0,11,372767,Zakaria Sawo,Substitute,0,1,378837,22,378837.0,4140.0,69',0,0,-1,,,,2025-07-03 11:50:53
13086,725900,2339,home,0,4-2-3-1,1,0,14,272148,Hampus Finndell,Substitute,0,0,0,-1,,,,0,0,-1,,,,2025-07-03 11:50:53
13086,725900,8544,away,0,3-4-2-1,1,1,40,19242,David Andersson,Goalkeeper,1,0,0,-1,,,,0,0,-1,,,,2025-07-03 11:50:53
13086,725900,8544,away,0,3-4-2-1,1,1,37,345975,Moutaz Neffati,Right Midfielder,2,0,0,-1,,,,0,0,-1,,,,2025-07-03 11:50:53
13086,725900,8544,away,0,3-4-2-1,1,1,3,359167,Marcus Baggesen,Left Midfielder,3,0,0,-1,,,,1,306290,14,306290.0,3660.0,61',2025-07-03 11:50:53
13086,725900,8544,away,0,3-4-2-1,1,1,25,364988,Kevin Höög Jansson,Center Left Defender,4,0,0,-1,,,,0,0,-1,,,,2025-07-03 11:50:53
13086,725900,8544,away,0,3-4-2-1,1,1,19,238431,Max Watson,Center Defender,5,0,0,-1,,,,0,0,-1,,,,2025-07-03 11:50:53
13086,725900,8544,away,0,3-4-2-1,1,1,2,357205,Kojo Peprah Oppong,Center Right Defender,6,0,0,-1,,,,1,232279,7,232279.0,5400.0,90'+2',2025-07-03 11:50:53
13086,725900,8544,away,0,3-4-2-1,1,1,11,286930,Ismet Lushaku,Center Right Midfielder,7,0,0,-1,,,,1,356374,4,356374.0,5400.0,90'+2',2025-07-03 11:50:53
13086,725900,8544,away,0,3-4-2-1,1,1,9,230353,Arnór Traustason,Center Left Midfielder,8,0,0,-1,,,,0,0,-1,,,,2025-07-03 11:50:53
13086,725900,8544,away,0,3-4-2-1,1,1,5,158978,Christoffer Nyman,Forward,9,0,0,-1,,,,0,0,-1,,,,2025-07-03 11:50:53
13086,725900,8544,away,0,3-4-2-1,1,1,10,188022,David Moberg-Karlsson,Center Right Forward,10,0,0,-1,,,,1,290034,15,290034.0,4440.0,74',2025-07-03 11:50:53
13086,725900,8544,away,0,3-4-2-1,1,1,8,321404,Ísak Andri Sigurgeirsson,Center Left Forward,11,0,0,-1,,,,1,287215,22,287215.0,4440.0,74',2025-07-03 11:50:53
13086,725900,8544,away,0,3-4-2-1,1,0,20,400367,Axel Brönner,Substitute,0,0,0,-1,,,,0,0,-1,,,,2025-07-03 11:50:53
13086,725900,8544,away,0,3-4-2-1,1,0,7,232279,Alexander Fransson,Substitute,0,1,357205,2,357205.0,5400.0,90'+2',0,0,-1,,,,2025-07-03 11:50:53
13086,725900,8544,away,0,3-4-2-1,1,0,28,389749,Åke Andersson,Substitute,0,0,0,-1,,,,0,0,-1,,,,2025-07-03 11:50:53
13086,725900,8544,away,0,3-4-2-1,1,0,30,380189,Theo Krantz,Substitute,0,0,0,-1,,,,0,0,-1,,,,2025-07-03 11:50:53
13086,725900,8544,away,0,3-4-2-1,1,0,24,334015,Anton Eriksson,Substitute,0,0,0,-1,,,,0,0,-1,,,,2025-07-03 11:50:53
13086,725900,8544,away,0,3-4-2-1,1,0,14,306290,Yahya Kalley,Substitute,0,1,359167,3,359167.0,3660.0,61',0,0,-1,,,,2025-07-03 11:50:53
13086,725900,8544,away,0,3-4-2-1,1,0,15,290034,Sebastian Jorgensen,Substitute,0,1,188022,10,188022.0,4440.0,74',0,0,-1,,,,2025-07-03 11:50:53
13086,725900,8544,away,0,3-4-2-1,1,0,4,356374,Amadeus Sögaard,Substitute,0,1,286930,11,286930.0,5400.0,90'+2',0,0,-1,,,,2025-07-03 11:50:53
13086,725900,8544,away,0,3-4-2-1,1,0,22,287215,Tim Prica,Substitute,0,1,321404,8,321404.0,4440.0,74',0,0,-1,,,,2025-07-03 11:50:53
13086,725901,2495,home,1,4-3-3,1,1,1,170727,Warner Hahn,Goalkeeper,1,0,0,-1,,,,0,0,-1,,,,2025-06-29 04:27:16
13086,725901,2495,home,1,4-3-3,1,1,2,382504,Hampus Skoglund,Right Back,2,0,0,-1,,,,0,0,-1,,,,2025-06-29 04:27:16
13086,725901,2495,home,1,4-3-3,1,1,19,251758,Shaquille Pinas,Left Back,3,0,0,-1,,,,1,313464,17,,,,2025-06-29 04:27:16
13086,725901,2495,home,1,4-3-3,1,1,5,218436,Tesfaldet Tekie,Center Midfielder,4,0,0,-1,,,,0,0,-1,,,,2025-06-29 04:27:16
13086,725901,2495,home,1,4-3-3,1,1,6,249160,Pavle Vagic,Center Right Defender,5,0,0,-1,,,,0,0,-1,,,,2025-06-29 04:27:16
13086,725901,2495,home,1,4-3-3,1,1,4,334038,Victor Eriksson,Center Left Defender,6,0,0,-1,,,,0,0,-1,,,,2025-06-29 04:27:16
13086,725901,2495,home,1,4-3-3,1,1,8,22967,Markus Karlsson,Right Midfielder,7,0,0,-1,,,,0,0,-1,,,,2025-06-29 04:27:16
13086,725901,2495,home,1,4-3-3,1,1,20,143585,Nahir Besara,Left Midfielder,8,0,0,-1,,,,1,380970,15,380970.0,5340.0,89',2025-06-29 04:27:16
13086,725901,2495,home,1,4-3-3,1,1,9,315675,Jusef Erabi,Forward,9,0,0,-1,,,,1,359099,29,359099.0,4740.0,79',2025-06-29 04:27:16
13086,725901,2495,home,1,4-3-3,1,1,26,312880,Montader Madjed,Right Forward,10,0,0,-1,,,,1,313974,23,313974.0,4140.0,69',2025-06-29 04:27:16
13086,725901,2495,home,1,4-3-3,1,1,18,303702,Sebastian Tounekti,Left Forward,11,0,0,-1,,,,1,269195,21,269195.0,5340.0,89',2025-06-29 04:27:16
13086,725901,2495,home,1,4-3-3,1,0,15,380970,Adrian Lahdo,Substitute,0,1,143585,20,143585.0,5340.0,89',0,0,-1,,,,2025-06-29 04:27:16
13086,725901,2495,home,1,4-3-3,1,0,13,399509,Jonathan Karlsson,Substitute,0,0,0,-1,,,,0,0,-1,,,,2025-06-29 04:27:16
13086,725901,2495,home,1,4-3-3,1,0,29,359099,Elohim Kaboré,Substitute,0,1,315675,9,315675.0,4740.0,79',0,0,-1,,,,2025-06-29 04:27:16
13086,725901,2495,home,1,4-3-3,1,0,17,313464,Ibrahima Fofana,Substitute,0,1,251758,19,251758.0,5340.0,89',0,0,-1,,,,2025-07-15 04:34:45
13086,725901,2495,home,1,4-3-3,1,0,11,205374,Oscar Johansson Schellhas,Substitute,0,0,0,-1,,,,0,0,-1,,,,2025-06-29 04:27:16
13086,725901,2495,home,1,4-3-3,1,0,27,301372,Felix Jakobsson,Substitute,0,0,0,-1,,,,0,0,-1,,,,2025-06-29 04:27:16
13086,725901,2495,home,1,4-3-3,1,0,21,269195,Simon Strand,Substitute,0,1,303702,18,303702.0,5340.0,89',0,0,-1,,,,2025-06-29 04:27:16
13086,725901,2495,home,1,4-3-3,1,0,22,210020,Jacob Ouro Ortmark,Substitute,0,0,0,-1,,,,0,0,-1,,,,2025-06-29 04:27:16
13086,725901,2495,home,1,4-3-3,1,0,23,313974,Abdelrahman Boudah Saidi,Substitute,0,1,312880,26,312880.0,4140.0,69',0,0,-1,,,,2025-06-29 04:27:16
13086,725901,3017,away,0,5-4-1,1,1,12,195094,Tim Erlandsson,Goalkeeper,1,0,0,-1,,,,0,0,-1,,,,2025-06-29 04:27:16
13086,725901,3017,away,0,5-4-1,1,1,11,357140,Villiam Granath,Right Back,2,0,0,-1,,,,0,0,-1,,,,2025-06-29 04:27:16
13086,725901,3017,away,0,5-4-1,1,1,15,357505,Gustav Friberg,Left Back,3,0,0,-1,,,,1,317094,20,317094.0,2700.0,45',2025-06-29 04:27:16
13086,725901,3017,away,0,5-4-1,1,1,21,121282,Marcus Olsson,Center Left Defender,4,0,0,-1,,,,0,0,-1,,,,2025-06-29 04:27:16
13086,725901,3017,away,0,5-4-1,1,1,5,178687,Pascal Gregor,Center Defender,5,0,0,-1,,,,0,0,-1,,,,2025-06-29 04:27:16
13086,725901,3017,away,0,5-4-1,1,1,2,381647,Bleon Kurtulus,Center Right Defender,6,0,0,-1,,,,0,0,-1,,,,2025-06-29 04:27:16
13086,725901,3017,away,0,5-4-1,1,1,18,357130,Naeem Mohammed,Right Midfielder,7,0,0,-1,,,,1,401274,19,401274.0,4500.0,75',2025-06-29 04:27:16
13086,725901,3017,away,0,5-4-1,1,1,6,147211,Joel Allansson,Center Right Midfielder,8,0,0,-1,,,,0,0,-1,,,,2025-06-29 04:27:16
13086,725901,3017,away,0,5-4-1,1,1,9,329971,Yannick Agnero,Forward,9,0,0,-1,,,,1,159454,14,159454.0,5340.0,89',2025-06-29 04:27:16
13086,725901,3017,away,0,5-4-1,1,1,25,321176,Aleksander Damnjanovic,Center Left Midfielder,10,0,0,-1,,,,1,359293,26,359293.0,5340.0,89',2025-06-29 04:27:16
13086,725901,3017,away,0,5-4-1,1,1,8,289719,Niilo Mäenpää,Left Midfielder,11,0,0,-1,,,,1,399508,29,399508.0,3780.0,63',2025-06-29 04:27:16
13086,725901,3017,away,0,5-4-1,1,0,29,399508,Erik Arvidsson,Substitute,0,1,289719,8,289719.0,3780.0,63',0,0,-1,,,,2025-06-29 04:27:16
13086,725901,3017,away,0,5-4-1,1,0,19,401274,Marvin Illary,Substitute,0,1,357130,18,357130.0,4500.0,75',0,0,-1,,,,2025-06-29 04:27:16
13086,725901,3017,away,0,5-4-1,1,0,20,317094,Pawel Chrupalla,Substitute,0,1,357505,15,357505.0,2700.0,45',0,0,-1,,,,2025-06-29 04:27:16
13086,725901,3017,away,0,5-4-1,1,0,14,159454,Blair Turgott,Substitute,0,1,329971,9,329971.0,5340.0,89',0,0,-1,,,,2025-06-29 04:27:16
13086,725901,3017,away,0,5-4-1,1,0,26,359293,Mans Andersson,Substitute,0,1,321176,25,321176.0,5340.0,89',0,0,-1,,,,2025-06-29 04:27:16
13086,725901,3017,away,0,5-4-1,1,0,13,237843,Gíisli Eyjólfsson,Substitute,0,0,0,-1,,,,0,0,-1,,,,2025-06-29 04:27:16
13086,725901,3017,away,0,5-4-1,1,0,3,357142,Gabriel Wallentin,Substitute,0,0,0,-1,,,,0,0,-1,,,,2025-06-29 04:27:16
13086,725901,3017,away,0,5-4-1,1,0,1,264481,Tim Rönning,Substitute,0,0,0,-1,,,,0,0,-1,,,,2025-06-29 04:27:16
13086,725901,3017,away,0,5-4-1,1,0,4,289329,Filip Schyberg,Substitute,0,0,0,-1,,,,0,0,-1,,,,2025-06-29 04:27:16
13086,725902,7834,home,0,4-2-3-1,1,1,99,125312,Etrit Berisha,Goalkeeper,1,0,0,-1,,,,0,0,-1,,,,2025-06-30 04:28:45
13086,725902,7834,home,0,4-2-3-1,1,1,28,394448,Filip Öhman,Right Back,2,0,0,-1,,,,1,330551,17,330551.0,4200.0,70',2025-06-30 04:28:45
13086,725902,7834,home,0,4-2-3-1,1,1,21,194293,Adam Lundkvist,Left Back,3,0,0,-1,,,,0,0,-1,,,,2025-06-30 04:28:45
13086,725902,7834,home,0,4-2-3-1,1,1,15,356369,Samuel Leach Holm,Left Midfielder,4,0,0,-1,,,,0,0,-1,,,,2025-06-30 04:28:45
13086,725902,7834,home,0,4-2-3-1,1,1,44,393324,Harry Hilvenius,Center Right Defender,5,0,0,-1,,,,0,0,-1,,,,2025-06-30 04:28:45
13086,725902,7834,home,0,4-2-3-1,1,1,4,271086,Marius Lode,Center Left Defender,6,0,0,-1,,,,1,380234,22,380234.0,5280.0,88',2025-06-30 04:28:45
13086,725902,7834,home,0,4-2-3-1,1,1,42,146579,Nikola Mitrovic,Attacking Midfielder Right,7,0,0,-1,,,,1,360958,9,360958.0,4200.0,70',2025-06-30 04:28:45
13086,725902,7834,home,0,4-2-3-1,1,1,14,185916,Simon Gustafson,Right Midfielder,8,0,0,-1,,,,0,0,-1,,,,2025-06-30 04:28:45
13086,725902,7834,home,0,4-2-3-1,1,1,39,364749,Isak Brusberg,Forward,9,0,0,-1,,,,0,0,-1,,,,2025-06-30 04:28:45
13086,725902,7834,home,0,4-2-3-1,1,1,10,239184,Mikkel Rygaard,Attacking Midfielder,10,0,0,-1,,,,1,361537,13,361537.0,4680.0,78',2025-06-30 04:28:45
13086,725902,7834,home,0,4-2-3-1,1,1,29,366829,Severin Nioule,Attacking Midfielder Left,11,0,0,-1,,,,0,0,-1,,,,2025-06-30 04:28:45
13086,725902,7834,home,0,4-2-3-1,1,0,9,360958,Srdjan Hrstic,Substitute,0,1,146579,42,146579.0,4200.0,70',0,0,-1,,,,2025-06-30 04:28:45
13086,725902,7834,home,0,4-2-3-1,1,0,17,330551,Ben Engdahl,Substitute,0,1,394448,28,394448.0,4200.0,70',0,0,-1,,,,2025-06-30 04:28:45
13086,725902,7834,home,0,4-2-3-1,1,0,47,406320,Omar Krajina,Substitute,0,0,0,-1,,,,0,0,-1,,,,2025-06-30 04:28:45
13086,725902,7834,home,0,4-2-3-1,1,0,40,406319,Dion Gashi,Substitute,0,0,0,-1,,,,0,0,-1,,,,2025-06-30 04:28:45
13086,725902,7834,home,0,4-2-3-1,1,0,46,396021,Johannes Engvall,Substitute,0,0,0,-1,,,,0,0,-1,,,,2025-06-30 04:28:45
13086,725902,7834,home,0,4-2-3-1,1,0,1,177546,Andreas Linde,Substitute,0,0,0,-1,,,,0,0,-1,,,,2025-06-30 04:28:45
13086,725902,7834,home,0,4-2-3-1,1,0,45,380930,Lion Beqiri,Substitute,0,0,0,-1,,,,0,0,-1,,,,2025-06-30 04:28:45
13086,725902,7834,home,0,4-2-3-1,1,0,22,380234,Nikola Zecevic,Substitute,0,1,271086,4,271086.0,5280.0,88',0,0,-1,,,,2025-06-30 04:28:45
13086,725902,7834,home,0,4-2-3-1,1,0,13,361537,Sigge Jansson,Substitute,0,1,239184,10,239184.0,4680.0,78',0,0,-1,,,,2025-06-30 04:28:45
13086,725902,8222,away,1,4-3-3,1,1,1,312877,Mergim Krasniqi,Goalkeeper,1,0,0,-1,,,,0,0,-1,,,,2025-06-30 04:28:45
13086,725902,8222,away,1,4-3-3,1,1,6,378806,August Wängberg,Right Back,2,0,0,-1,,,,0,0,-1,,,,2025-06-30 04:28:45
13086,725902,8222,away,1,4-3-3,1,1,5,379958,Robin Wendin Thomasson,Left Back,3,0,0,-1,,,,1,400217,2,400217.0,5220.0,87',2025-06-30 04:28:45
13086,725902,8222,away,1,4-3-3,1,1,18,313931,Kevin Holmén,Center Midfielder,4,0,0,-1,,,,1,400220,29,400220.0,5220.0,87',2025-06-30 04:28:45
13086,725902,8222,away,1,4-3-3,1,1,12,356377,Robin Frej,Center Right Defender,5,0,0,-1,,,,0,0,-1,,,,2025-06-30 04:28:45
13086,725902,8222,away,1,4-3-3,1,1,24,378826,Filip Beckman,Center Left Defender,6,0,0,-1,,,,0,0,-1,,,,2025-06-30 04:28:45
13086,725902,8222,away,1,4-3-3,1,1,8,312852,William Milovanovic,Right Midfielder,7,0,0,-1,,,,0,0,-1,,,,2025-06-30 04:28:45
13086,725902,8222,away,1,4-3-3,1,1,10,347031,Amin Boudri,Left Midfielder,8,0,0,-1,,,,1,378811,7,378811.0,4380.0,73',2025-06-30 04:28:45
13086,725902,8222,away,1,4-3-3,1,1,19,308726,Ibrahim Diabate,Forward,9,0,0,-1,,,,1,149765,25,149765.0,4380.0,73',2025-07-29 04:37:11
13086,725902,8222,away,1,4-3-3,1,1,9,378816,Gustav Lundgren,Right Forward,10,0,0,-1,,,,0,0,-1,,,,2025-06-30 04:28:45
13086,725902,8222,away,1,4-3-3,1,1,16,400221,Rasmus Niklasson Petrovic,Left Forward,11,0,0,-1,,,,1,334033,11,334033.0,3780.0,63',2025-06-30 04:28:45
13086,725902,8222,away,1,4-3-3,1,0,20,378825,Chisomnazu Chika Chidi,Substitute,0,0,0,-1,,,,0,0,-1,,,,2025-06-30 04:28:45
13086,725902,8222,away,1,4-3-3,1,0,29,400220,Daniel Bengtsson,Substitute,0,1,313931,18,313931.0,5220.0,87',0,0,-1,,,,2025-06-30 04:28:45
13086,725902,8222,away,1,4-3-3,1,0,2,400217,Matteo de Brienne,Substitute,0,1,379958,5,379958.0,5220.0,87',0,0,-1,,,,2025-06-30 04:28:45
13086,725902,8222,away,1,4-3-3,1,0,25,149765,Jonas Lindberg,Substitute,0,1,308726,19,308726.0,4380.0,73',0,0,-1,,,,2025-06-30 04:28:45
13086,725902,8222,away,1,4-3-3,1,0,22,378820,Anes Cardaklija,Substitute,0,0,0,-1,,,,0,0,-1,,,,2025-06-30 04:28:45
13086,725902,8222,away,1,4-3-3,1,0,7,378811,Joackim Åberg,Substitute,0,1,347031,10,347031.0,4380.0,73',0,0,-1,,,,2025-06-30 04:28:45
13086,725902,8222,away,1,4-3-3,1,0,17,364732,Frosti Thorkelsson,Substitute,0,0,0,-1,,,,0,0,-1,,,,2025-06-30 04:28:45
13086,725902,8222,away,1,4-3-3,1,0,13,360878,Kees Sims,Substitute,0,0,0,-1,,,,0,0,-1,,,,2025-06-30 04:28:45
13086,725902,8222,away,1,4-3-3,1,0,11,334033,Edvin Becirovic,Substitute,0,1,400221,16,400221.0,3780.0,63',0,0,-1,,,,2025-06-30 04:28:45
13086,725903,20301,home,0,3-4-3,1,1,1,301377,Noel Törnqvist,Goalkeeper,1,0,0,-1,,,,0,0,-1,,,,2025-07-03 11:50:53
13086,725903,20301,home,0,3-4-3,1,1,14,312876,Herman Johansson,Right Midfielder,2,0,0,-1,,,,1,269109,11,269109.0,4200.0,70',2025-07-03 11:50:53
13086,725903,20301,home,0,3-4-3,1,1,17,357145,Elliot Stroud,Left Midfielder,3,0,0,-1,,,,0,0,-1,,,,2025-07-03 11:50:53
13086,725903,20301,home,0,3-4-3,1,1,5,356281,Abdullah Iqbal,Center Left Defender,4,0,0,-1,,,,0,0,-1,,,,2025-07-03 11:50:53
13086,725903,20301,home,0,3-4-3,1,1,13,259548,Jakob Kiilerich,Center Defender,5,0,0,-1,,,,1,172917,24,172917.0,4260.0,71',2025-07-03 11:50:53
13086,725903,20301,home,0,3-4-3,1,1,4,306289,Axel Norén,Center Right Defender,6,0,0,-1,,,,0,0,-1,,,,2025-07-03 11:50:53
13086,725903,20301,home,0,3-4-3,1,1,22,192793,Jesper Gustavsson,Center Right Midfielder,7,0,0,-1,,,,0,0,-1,,,,2025-07-03 11:50:53
13086,725903,20301,home,0,3-4-3,1,1,10,249171,Nicklas Rojkjaer,Center Left Midfielder,8,0,0,-1,,,,0,0,-1,,,,2025-07-03 11:50:53
13086,725903,20301,home,0,3-4-3,1,1,18,293925,Jacob Bergstrom,Forward,9,0,0,-1,,,,1,301382,16,301382.0,4740.0,79',2025-07-03 11:50:53
13086,725903,20301,home,0,3-4-3,1,1,6,356408,Ludwig Malachowski,Center Right Forward,10,0,0,-1,,,,1,303651,7,303651.0,4200.0,70',2025-07-03 11:50:53
13086,725903,20301,home,0,3-4-3,1,1,19,380320,Abdoulie Manneh,Center Left Forward,11,0,0,-1,,,,1,346501,27,346501.0,5400.0,90'+1',2025-07-03 11:50:53
13086,725903,20301,home,0,3-4-3,1,0,21,303653,Adam Petersson,Substitute,0,0,0,-1,,,,0,0,-1,,,,2025-07-03 11:50:53
13086,725903,20301,home,0,3-4-3,1,0,7,303651,Viktor Gustafson,Substitute,0,1,356408,6,356408.0,4200.0,70',0,0,-1,,,,2025-07-03 11:50:53
13086,725903,20301,home,0,3-4-3,1,0,16,301382,Alexander Johansson,Substitute,0,1,293925,18,293925.0,4740.0,79',0,0,-1,,,,2025-07-03 11:50:53
13086,725903,20301,home,0,3-4-3,1,0,11,269109,Timo Stavitski,Substitute,0,1,312876,14,312876.0,4200.0,70',0,0,-1,,,,2025-07-03 11:50:53
13086,725903,20301,home,0,3-4-3,1,0,39,389637,Romeo Leandersson,Substitute,0,0,0,-1,,,,0,0,-1,,,,2025-07-03 11:50:53
13086,725903,20301,home,0,3-4-3,1,0,35,151931,Alexander Lundin,Substitute,0,0,0,-1,,,,0,0,-1,,,,2025-07-03 11:50:53
13086,725903,20301,home,0,3-4-3,1,0,24,172917,Tom Pettersson,Substitute,0,1,259548,13,259548.0,4260.0,71',0,0,-1,,,,2025-07-03 11:50:53
13086,725903,20301,home,0,3-4-3,1,0,27,346501,Ludvig Tidstrand,Substitute,0,1,380320,19,380320.0,5400.0,90'+1',0,0,-1,,,,2025-07-03 11:50:53
13086,725903,20301,home,0,3-4-3,1,0,15,361860,Bork Bang-Kittilsen,Substitute,0,0,0,-1,,,,0,0,-1,,,,2025-07-03 11:50:53
13086,725903,2720,away,0,5-3-2,1,1,33,307800,Melker Ellborg,Goalkeeper,1,0,0,-1,,,,0,0,-1,,,,2025-07-03 11:50:53
13086,725903,2720,away,0,5-3-2,1,1,2,9101,Johan Karlsson,Right Back,2,0,0,-1,,,,0,0,-1,,,,2025-07-03 11:50:53
13086,725903,2720,away,0,5-3-2,1,1,38,330239,Hugo Bolin,Left Back,3,0,0,-1,,,,0,0,-1,,,,2025-07-03 11:50:53
13086,725903,2720,away,0,5-3-2,1,1,25,301219,Busanello,Center Left Defender,4,0,0,-1,,,,0,0,-1,,,,2025-07-03 11:50:53
13086,725903,2720,away,0,5-3-2,1,1,19,279135,Colin Rösler,Center Defender,5,0,0,-1,,,,0,0,-1,,,,2025-07-03 11:50:53
13086,725903,2720,away,0,5-3-2,1,1,17,193186,Jens Stryger Larsen,Center Right Defender,6,0,0,-1,,,,0,0,-1,,,,2025-07-03 11:50:53
13086,725903,2720,away,0,5-3-2,1,1,16,138055,Oliver Berg,Center Right Midfielder,7,0,0,-1,,,,1,368582,34,368582.0,4440.0,74',2025-07-03 11:50:53
13086,725903,2720,away,0,5-3-2,1,1,37,364698,Adrian Skogmar,Center Midfielder,8,0,0,-1,,,,1,162738,6,162738.0,4440.0,74',2025-07-03 11:50:53
13086,725903,2720,away,0,5-3-2,1,1,22,314164,Taha Ali,Center Left Forward,9,0,0,-1,,,,1,380679,35,380679.0,5400.0,90'+1',2025-07-03 11:50:53
13086,725903,2720,away,0,5-3-2,1,1,9,166657,Isaac Kiese Thelin,Center Right Forward,10,0,0,-1,,,,1,308880,11,308880.0,4860.0,81',2025-07-03 11:50:53
13086,725903,2720,away,0,5-3-2,1,1,40,381395,Kenan Busuladzic,Center Left Midfielder,11,0,0,-1,,,,1,218450,29,218450.0,4860.0,81',2025-07-03 11:50:53
13086,725903,2720,away,0,5-3-2,1,0,32,360023,Daniel Gudjohnsen,Substitute,0,0,0,-1,,,,0,0,-1,,,,2025-07-03 11:50:53
13086,725903,2720,away,0,5-3-2,1,0,29,218450,Sead Haksabanovic,Substitute,0,1,381395,40,381395.0,4860.0,81',0,0,-1,,,,2025-07-03 11:50:53
13086,725903,2720,away,0,5-3-2,1,0,1,198227,Ricardo Friedrich,Substitute,0,0,0,-1,,,,0,0,-1,,,,2025-07-03 11:50:53
13086,725903,2720,away,0,5-3-2,1,0,34,368582,Zakaria Loukili,Substitute,0,1,138055,16,138055.0,4440.0,74',0,0,-1,,,,2025-07-03 11:50:53
13086,725903,2720,away,0,5-3-2,1,0,35,380679,Nils Zätterström,Substitute,0,1,314164,22,314164.0,5400.0,90'+1',0,0,-1,,,,2025-07-03 11:50:53
13086,725903,2720,away,0,5-3-2,1,0,6,162738,Oscar Lewicki,Substitute,0,1,364698,37,364698.0,4440.0,74',0,0,-1,,,,2025-07-03 11:50:53
13086,725903,2720,away,0,5-3-2,1,0,11,308880,Emmanuel Ekong,Substitute,0,1,166657,9,166657.0,4860.0,81',0,0,-1,,,,2025-07-03 11:50:53
13086,725903,2720,away,0,5-3-2,1,0,44,404787,Malte Palsson,Substitute,0,0,0,-1,,,,0,0,-1,,,,2025-07-03 11:50:53
13086,725904,21382,home,0,4-3-3,1,1,1,277177,Hugo Keto,Goalkeeper,1,0,0,-1,,,,0,0,-1,,,,2025-06-30 04:28:45
13086,725904,21382,home,0,4-3-3,1,1,5,334035,Victor Larsson,Right Back,2,0,0,-1,,,,0,0,-1,,,,2025-06-30 04:28:45
13086,725904,21382,home,0,4-3-3,1,1,3,272272,Axel Björnström,Left Back,3,0,0,-1,,,,0,0,-1,,,,2025-06-30 04:28:45
13086,725904,21382,home,0,4-3-3,1,1,8,272404,Luke Le Roux,Center Midfielder,4,0,0,-1,,,,0,0,-1,,,,2025-06-30 04:28:45
13086,725904,21382,home,0,4-3-3,1,1,4,383897,Rufai Mohammed,Center Right Defender,5,0,0,-1,,,,0,0,-1,,,,2025-06-30 04:28:45
13086,725904,21382,home,0,4-3-3,1,1,24,357202,Emin Grozdanic,Center Left Defender,6,0,0,-1,,,,0,0,-1,,,,2025-06-30 04:28:45
13086,725904,21382,home,0,4-3-3,1,1,7,193351,Carl Johansson,Right Midfielder,7,0,0,-1,,,,1,303480,11,303480.0,4800.0,80',2025-06-30 04:28:45
13086,725904,21382,home,0,4-3-3,1,1,28,344869,Frank Junior Adjei,Left Midfielder,8,0,0,-1,,,,0,0,-1,,,,2025-06-30 04:28:45
13086,725904,21382,home,0,4-3-3,1,1,9,337564,Johnbosco Samuel Kalu,Forward,9,0,0,-1,,,,0,0,-1,,,,2025-06-30 04:28:45
13086,725904,21382,home,0,4-3-3,1,1,32,353250,Kenan Bilalovic,Right Forward,10,0,0,-1,,,,1,185955,15,185955.0,4380.0,73',2025-06-30 04:28:45
13086,725904,21382,home,0,4-3-3,1,1,10,345479,Ajdin Zeljkovic,Left Forward,11,0,0,-1,,,,1,158993,22,158993.0,3780.0,63',2025-06-30 04:28:45
13086,725904,21382,home,0,4-3-3,1,0,15,185955,Pawel Cibicki,Substitute,0,1,353250,32,353250.0,4380.0,73',0,0,-1,,,,2025-06-30 04:28:45
13086,725904,21382,home,0,4-3-3,1,0,6,267616,Hugo Andersson,Substitute,0,0,0,-1,,,,0,0,-1,,,,2025-06-30 04:28:45
13086,725904,21382,home,0,4-3-3,1,0,39,341335,Viktor Andersson,Substitute,0,0,0,-1,,,,0,0,-1,,,,2025-06-30 04:28:45
13086,725904,21382,home,0,4-3-3,1,0,22,158993,Simon Thern,Substitute,0,1,345479,10,345479.0,3780.0,63',0,0,-1,,,,2025-06-30 04:28:45
13086,725904,21382,home,0,4-3-3,1,0,11,303480,Wenderson,Substitute,0,1,193351,7,193351.0,4800.0,80',0,0,-1,,,,2025-06-30 04:28:45
13086,725904,21382,home,0,4-3-3,1,0,21,303750,Abdulrazaq Ishaq,Substitute,0,0,0,-1,,,,0,0,-1,,,,2025-06-30 04:28:45
13086,725904,21382,home,0,4-3-3,1,0,20,334028,Freddy Winsth,Substitute,0,0,0,-1,,,,0,0,-1,,,,2025-06-30 04:28:45
13086,725904,21382,home,0,4-3-3,1,0,2,380552,Johan Rapp,Substitute,0,0,0,-1,,,,0,0,-1,,,,2025-06-30 04:28:45
13086,725904,21382,home,0,4-3-3,1,0,26,380685,Calle Johansson,Substitute,0,0,0,-1,,,,0,0,-1,,,,2025-06-30 04:28:45
13086,725904,529,away,0,3-4-3,1,1,1,400222,Simon Eriksson,Goalkeeper,1,0,0,-1,,,,0,0,-1,,,,2025-06-30 04:28:45
13086,725904,529,away,0,3-4-3,1,1,15,173040,Simon Hedlund,Right Midfielder,2,0,0,-1,,,,0,0,-1,,,,2025-06-30 04:28:45
13086,725904,529,away,0,3-4-3,1,1,23,134644,Niklas Hult,Left Midfielder,3,0,0,-1,,,,0,0,-1,,,,2025-06-30 04:28:45
13086,725904,529,away,0,3-4-3,1,1,6,286729,Rasmus Wikstrom,Center Left Defender,4,0,0,-1,,,,0,0,-1,,,,2025-06-30 04:28:45
13086,725904,529,away,0,3-4-3,1,1,29,341452,Ibrahim Buhari,Center Defender,5,0,0,-1,,,,0,0,-1,,,,2025-06-30 04:28:45
13086,725904,529,away,0,3-4-3,1,1,8,194092,Sebastian Holmén,Center Right Defender,6,0,0,-1,,,,1,380023,2,380023.0,3840.0,64',2025-06-30 04:28:45
13086,725904,529,away,0,3-4-3,1,1,10,245883,Simon Olsson,Center Right Midfielder,7,0,0,-1,,,,0,0,-1,,,,2025-06-30 04:28:45
13086,725904,529,away,0,3-4-3,1,1,18,305401,Júlíus Magnússon,Center Left Midfielder,8,0,0,-1,,,,1,218707,27,218707.0,3840.0,64',2025-06-30 04:28:45
13086,725904,529,away,0,3-4-3,1,1,24,304180,Frederik Ihler,Forward,9,0,0,-1,,,,1,402326,16,402326.0,3840.0,64',2025-06-30 04:28:45
13086,725904,529,away,0,3-4-3,1,1,9,202705,Arbër Zeneli,Center Right Forward,10,0,0,-1,,,,1,388173,21,388173.0,3240.0,54',2025-06-30 04:28:45
13086,725904,529,away,0,3-4-3,1,1,11,303614,Taylor Silverholt,Center Left Forward,11,0,0,-1,,,,1,362584,20,362584.0,4620.0,77',2025-06-30 04:28:45
13086,725904,529,away,0,3-4-3,1,0,20,362584,Gottfrid Rapp,Substitute,0,1,303614,11,303614.0,4620.0,77',0,0,-1,,,,2025-06-30 04:28:45
13086,725904,529,away,0,3-4-3,1,0,27,218707,Jens Jakob Thomasen,Substitute,0,1,305401,18,305401.0,3840.0,64',0,0,-1,,,,2025-06-30 04:28:45
13086,725904,529,away,0,3-4-3,1,0,2,380023,Terry Yegbe,Substitute,0,1,194092,8,194092.0,3840.0,64',0,0,-1,,,,2025-06-30 04:28:45
13086,725904,529,away,0,3-4-3,1,0,30,176191,Lucas Hägg Johansson,Substitute,0,0,0,-1,,,,0,0,-1,,,,2025-06-30 04:28:45
13086,725904,529,away,0,3-4-3,1,0,17,174501,Per Frick,Substitute,0,0,0,-1,,,,0,0,-1,,,,2025-06-30 04:28:45
13086,725904,529,away,0,3-4-3,1,0,21,388173,Leo Östman,Substitute,0,1,202705,9,202705.0,3240.0,54',0,0,-1,,,,2025-06-30 04:28:45
13086,725904,529,away,0,3-4-3,1,0,13,146012,Johan Larsson,Substitute,0,0,0,-1,,,,0,0,-1,,,,2025-06-30 04:28:45
13086,725904,529,away,0,3-4-3,1,0,28,389426,Frode Aronsson,Substitute,0,0,0,-1,,,,0,0,-1,,,,2025-06-30 04:28:45
13086,725904,529,away,0,3-4-3,1,0,16,402326,Altti Hellemaa,Substitute,0,1,304180,24,304180.0,3840.0,64',0,0,-1,,,,2025-06-30 04:28:45
13086,725905,2936,home,0,4-3-3,1,1,13,400366,Robin Wallinder,Goalkeeper,1,0,0,-1,,,,0,0,-1,,,,2025-06-28 23:23:13
13086,725905,2936,home,0,4-3-3,1,1,33,354345,Tatu Varmanen,Right Back,2,0,0,-1,,,,0,0,-1,,,,2025-06-28 23:23:13
13086,725905,2936,home,0,4-3-3,1,1,3,380190,Kingsley Gyamfi,Left Back,3,0,0,-1,,,,1,173508,14,173508.0,3540.0,59',2025-06-28 23:23:13
13086,725905,2936,home,0,4-3-3,1,1,26,238868,Magnus Christensen,Center Midfielder,4,0,0,-1,,,,1,385181,8,385181.0,3540.0,59',2025-06-28 23:23:13
13086,725905,2936,home,0,4-3-3,1,1,5,354352,Mattis Adolfsson,Center Right Defender,5,0,0,-1,,,,0,0,-1,,,,2025-06-28 23:23:13
13086,725905,2936,home,0,4-3-3,1,1,15,316395,Ivan Kricak,Center Left Defender,6,0,0,-1,,,,0,0,-1,,,,2025-06-28 23:23:13
13086,725905,2936,home,0,4-3-3,1,1,7,302001,David Seger,Right Midfielder,7,0,0,-1,,,,0,0,-1,,,,2025-06-28 23:23:13
13086,725905,2936,home,0,4-3-3,1,1,6,307747,Noah Soderberg,Left Midfielder,8,0,0,-1,,,,1,222639,23,222639.0,2700.0,45',2025-06-28 23:23:13
13086,725905,2936,home,0,4-3-3,1,1,20,217300,Alibek Aliev,Forward,9,0,0,-1,,,,0,0,-1,,,,2025-06-28 23:23:13
13086,725905,2936,home,0,4-3-3,1,1,19,289844,Matias Tamminen,Right Forward,10,0,0,-1,,,,1,400372,22,400372.0,4860.0,81',2025-06-28 23:23:13
13086,725905,2936,home,0,4-3-3,1,1,18,311161,Daniel Ljung,Left Forward,11,0,0,-1,,,,1,162497,29,162497.0,4860.0,81',2025-06-28 23:23:13
13086,725905,2936,home,0,4-3-3,1,0,4,238435,Sebastian Starke Hedlund,Substitute,0,0,0,-1,,,,0,0,-1,,,,2025-06-28 23:23:13
13086,725905,2936,home,0,4-3-3,1,0,16,349204,Raymond Adjei,Substitute,0,0,0,-1,,,,0,0,-1,,,,2025-06-28 23:23:13
13086,725905,2936,home,0,4-3-3,1,0,23,222639,Vladimir Rodic,Substitute,0,1,307747,6,307747.0,2700.0,45',0,0,-1,,,,2025-06-28 23:23:13
13086,725905,2936,home,0,4-3-3,1,0,14,173508,Dennis Olsson,Substitute,0,1,380190,3,380190.0,3540.0,59',0,0,-1,,,,2025-06-28 23:23:13
13086,725905,2936,home,0,4-3-3,1,0,8,385181,Daniel Ask,Substitute,0,1,238868,26,238868.0,3540.0,59',0,0,-1,,,,2025-06-28 23:23:13
13086,725905,2936,home,0,4-3-3,1,0,17,399628,Vincent Poppler,Substitute,0,0,0,-1,,,,0,0,-1,,,,2025-06-28 23:23:13
13086,725905,2936,home,0,4-3-3,1,0,29,162497,Chris Kouakou,Substitute,0,1,311161,18,311161.0,4860.0,81',0,0,-1,,,,2025-07-28 04:36:49
13086,725905,2936,home,0,4-3-3,1,0,32,400368,Carl Lundahl Persson,Substitute,0,0,0,-1,,,,0,0,-1,,,,2025-06-28 23:23:13
13086,725905,2936,home,0,4-3-3,1,0,22,400372,Oskar Gabrielsson,Substitute,0,1,289844,19,289844.0,4860.0,81',0,0,-1,,,,2025-06-28 23:23:13
13086,725905,8547,away,0,4-3-3,1,1,1,313973,Ismael Diawara,Goalkeeper,1,0,0,-1,,,,0,0,-1,,,,2025-06-28 23:23:13
13086,725905,8547,away,0,4-3-3,1,1,13,298341,Jakob Voelkerling Persson,Right Back,2,0,0,-1,,,,1,299250,3,299250.0,3720.0,62',2025-06-28 23:23:13
13086,725905,8547,away,0,4-3-3,1,1,21,235518,Dennis Widgren,Left Back,3,0,0,-1,,,,1,382138,20,382138.0,4800.0,80',2025-06-28 23:23:13
13086,725905,8547,away,0,4-3-3,1,1,10,358564,Melker Heier,Center Midfielder,4,0,0,-1,,,,0,0,-1,,,,2025-06-28 23:23:13
13086,725905,8547,away,0,4-3-3,1,1,15,186504,Simon Sandberg,Center Right Defender,5,0,0,-1,,,,1,399630,12,399630.0,4200.0,70',2025-06-28 23:23:13
13086,725905,8547,away,0,4-3-3,1,1,4,366597,Tobias Anker,Center Left Defender,6,0,0,-1,,,,0,0,-1,,,,2025-06-28 23:23:13
13086,725905,8547,away,0,4-3-3,1,1,14,323176,Leo Walta,Right Midfielder,7,0,0,-1,,,,1,401059,24,401059.0,4800.0,80',2025-06-28 23:23:13
13086,725905,8547,away,0,4-3-3,1,1,17,15527,Marcus Lindberg,Left Midfielder,8,0,0,-1,,,,0,0,-1,,,,2025-06-28 23:23:13
13086,725905,8547,away,0,4-3-3,1,1,9,322993,Robbie Ure,Forward,9,0,0,-1,,,,0,0,-1,,,,2025-06-28 23:23:13
13086,725905,8547,away,0,4-3-3,1,1,29,344867,Isak Bjerkebo,Right Forward,10,0,0,-1,,,,1,22706,7,22706.0,3720.0,62',2025-06-28 23:23:13
13086,725905,8547,away,0,4-3-3,1,1,36,359495,August Ljungberg,Left Forward,11,0,0,-1,,,,0,0,-1,,,,2025-06-28 23:23:13
13086,725905,8547,away,0,4-3-3,1,0,7,22706,Joakim Persson,Substitute,0,1,344867,29,344867.0,3720.0,62',0,0,-1,,,,2025-06-28 23:23:13
13086,725905,8547,away,0,4-3-3,1,0,24,401059,Victor Svensson,Substitute,0,1,323176,14,323176.0,4800.0,80',0,0,-1,,,,2025-06-28 23:23:13
13086,725905,8547,away,0,4-3-3,1,0,12,399630,Isaac Höök,Substitute,0,1,186504,15,186504.0,4200.0,70',0,0,-1,,,,2025-06-28 23:23:13
13086,725905,8547,away,0,4-3-3,1,0,20,382138,Victor Ekström,Substitute,0,1,235518,21,235518.0,4800.0,80',0,0,-1,,,,2025-06-28 23:23:13
13086,725905,8547,away,0,4-3-3,1,0,26,380689,Hugo Mella,Substitute,0,0,0,-1,,,,0,0,-1,,,,2025-06-28 23:23:13
13086,725905,8547,away,0,4-3-3,1,0,34,325348,David Celic,Substitute,0,0,0,-1,,,,0,0,-1,,,,2025-06-28 23:23:13
13086,725905,8547,away,0,4-3-3,1,0,16,322919,Herman Sjögrell,Substitute,0,0,0,-1,,,,0,0,-1,,,,2025-06-28 23:23:13
13086,725905,8547,away,0,4-3-3,1,0,8,311741,Andreas Pyndt,Substitute,0,0,0,-1,,,,0,0,-1,,,,2025-06-28 23:23:13
13086,725905,8547,away,0,4-3-3,1,0,3,299250,Bogdan Milovanov,Substitute,0,1,298341,13,298341.0,3720.0,62',0,0,-1,,,,2025-06-28 23:23:13
13086,725906,2339,home,1,4-2-3-1,1,1,45,219533,Filip Manojlovic,Goalkeeper,1,0,0,-1,,,,0,0,-1,,,,2025-07-08 04:30:12
13086,725906,2339,home,1,4-2-3-1,1,1,12,357136,Theo Bergvall,Right Back,2,0,0,-1,,,,1,205729,2,205729.0,5160.0,86',2025-07-08 04:30:12
13086,725906,2339,home,1,4-2-3-1,1,1,27,371596,Keita Kosugi,Left Back,3,0,0,-1,,,,0,0,-1,,,,2025-07-08 04:30:12
13086,725906,2339,home,1,4-2-3-1,1,1,20,364226,Matias Siltanen,Left Midfielder,4,0,0,-1,,,,1,312383,15,312383.0,4440.0,74',2025-07-10 04:41:30
13086,725906,2339,home,1,4-2-3-1,1,1,5,289721,Miro Tenho,Center Right Defender,5,0,0,-1,,,,0,0,-1,,,,2025-07-08 04:30:12
13086,725906,2339,home,1,4-2-3-1,1,1,3,172855,Marcus Danielson,Center Left Defender,6,0,0,-1,,,,0,0,-1,,,,2025-07-08 04:30:12
13086,725906,2339,home,1,4-2-3-1,1,1,22,378837,Patric Åslund,Attacking Midfielder Right,7,0,0,-1,,,,1,120652,8,120652.0,3600.0,60',2025-07-08 04:30:12
13086,725906,2339,home,1,4-2-3-1,1,1,6,136911,Rasmus Schüller,Right Midfielder,8,0,0,-1,,,,1,289519,23,289519.0,3600.0,60',2025-07-10 04:41:30
13086,725906,2339,home,1,4-2-3-1,1,1,9,330460,August Priske,Forward,9,0,0,-1,,,,1,350206,32,350206.0,4440.0,74',2025-07-08 04:30:12
13086,725906,2339,home,1,4-2-3-1,1,1,7,295863,Tobias Gulliksen,Attacking Midfielder,10,0,0,-1,,,,0,0,-1,,,,2025-07-08 04:30:12
13086,725906,2339,home,1,4-2-3-1,1,1,10,164556,Tokmac Nguen,Attacking Midfielder Left,11,0,0,-1,,,,0,0,-1,,,,2025-07-08 04:30:12
13086,725906,2339,home,1,4-2-3-1,1,0,15,312383,Oskar Fallenius,Substitute,0,1,364226,20,364226.0,4440.0,74',0,0,-1,,,,2025-07-08 04:30:12
13086,725906,2339,home,1,4-2-3-1,1,0,14,272148,Hampus Finndell,Substitute,0,0,0,-1,,,,0,0,-1,,,,2025-07-08 04:30:12
13086,725906,2339,home,1,4-2-3-1,1,0,32,350206,Isak Alemayehu,Substitute,0,1,330460,9,330460.0,4440.0,74',0,0,-1,,,,2025-07-08 04:30:12
13086,725906,2339,home,1,4-2-3-1,1,0,4,237053,Jacob Une,Substitute,0,0,0,-1,,,,0,0,-1,,,,2025-07-08 04:30:12
13086,725906,2339,home,1,4-2-3-1,1,0,19,357204,Viktor Bergh,Substitute,0,0,0,-1,,,,0,0,-1,,,,2025-07-08 04:30:12
13086,725906,2339,home,1,4-2-3-1,1,0,8,120652,Albin Ekdal,Substitute,0,1,378837,22,378837.0,3600.0,60',0,0,-1,,,,2025-07-08 04:30:12
13086,725906,2339,home,1,4-2-3-1,1,0,2,205729,Piotr Johansson,Substitute,0,1,357136,12,357136.0,5160.0,86',0,0,-1,,,,2025-07-08 04:30:12
13086,725906,2339,home,1,4-2-3-1,1,0,35,203266,Jacob Rinne,Substitute,0,0,0,-1,,,,0,0,-1,,,,2025-07-08 04:30:12
13086,725906,2339,home,1,4-2-3-1,1,0,23,289519,Nino Zugelj,Substitute,0,1,136911,6,136911.0,3600.0,60',0,0,-1,,,,2025-07-08 04:30:12
13086,725906,20856,away,0,4-2-3-1,1,1,25,400140,Rasmus Forsell,Goalkeeper,1,0,0,-1,,,,0,0,-1,,,,2025-07-08 04:30:12
13086,725906,20856,away,0,4-2-3-1,1,1,16,205158,Sebastian Ohlsson,Right Back,2,0,0,-1,,,,0,0,-1,,,,2025-07-08 04:30:12
13086,725906,20856,away,0,4-2-3-1,1,1,2,256567,Mamadouba Diaby,Left Back,3,0,0,-1,,,,0,0,-1,,,,2025-07-08 04:30:12
13086,725906,20856,away,0,4-2-3-1,1,1,8,301374,Nahom Netabay,Left Midfielder,4,0,0,-1,,,,0,0,-1,,,,2025-07-08 04:30:12
13086,725906,20856,away,0,4-2-3-1,1,1,5,385769,Juhani Pikkarainen,Center Left Defender,6,0,0,-1,,,,0,0,-1,,,,2025-07-08 04:30:12
13086,725906,20856,away,0,4-2-3-1,1,1,20,400141,Elias Barsoum,Attacking Midfielder Right,7,0,0,-1,,,,1,398192,21,398192.0,3840.0,64',2025-07-08 04:30:12
13086,725906,20856,away,0,4-2-3-1,1,1,11,218520,Christos Gravius,Right Midfielder,8,0,0,-1,,,,1,236415,12,236415.0,3840.0,64',2025-07-08 04:30:12
13086,725906,20856,away,0,4-2-3-1,1,1,19,333259,Omar Faraj,Forward,9,0,0,-1,,,,1,398190,9,398190.0,5220.0,87',2025-07-08 04:30:12
13086,725906,20856,away,0,4-2-3-1,1,1,10,364830,Marcus Rafferty,Attacking Midfielder,10,0,0,-1,,,,1,402327,24,402327.0,5220.0,87',2025-07-08 04:30:12
13086,725906,20856,away,0,4-2-3-1,1,1,22,400142,Maill Lundgren,Attacking Midfielder Left,11,0,0,-1,,,,0,0,-1,,,,2025-07-08 04:30:12
13086,725906,20856,away,0,4-2-3-1,1,0,1,286770,Willie Jakobsson,Substitute,0,0,0,-1,,,,0,0,-1,,,,2025-07-08 04:30:12
13086,725906,20856,away,0,4-2-3-1,1,0,24,402327,Hjalmar Smedberg,Substitute,0,1,364830,10,364830.0,5220.0,87',0,0,-1,,,,2025-07-08 04:30:12
13086,725906,20856,away,0,4-2-3-1,1,0,27,400375,Ziyad Salifu,Substitute,0,0,0,-1,,,,0,0,-1,,,,2025-07-08 04:30:12
13086,725906,20856,away,0,4-2-3-1,1,0,21,398192,Elias Pihlström,Substitute,0,1,400141,20,400141.0,3840.0,64',0,0,-1,,,,2025-07-08 04:30:12
13086,725906,20856,away,0,4-2-3-1,1,0,9,398190,Adi Fisic,Substitute,0,1,333259,19,333259.0,5220.0,87',0,0,-1,,,,2025-07-08 04:30:12
13086,725906,20856,away,0,4-2-3-1,1,0,18,398189,Teo Grönborg,Substitute,0,0,0,-1,,,,0,0,-1,,,,2025-07-08 04:30:12
13086,725906,20856,away,0,4-2-3-1,1,0,23,357137,Alexander Hedén Lindskog,Substitute,0,0,0,-1,,,,0,0,-1,,,,2025-07-08 04:30:12
13086,725906,20856,away,0,4-2-3-1,1,0,15,324395,Nasiru Moro,Substitute,0,0,0,-1,,,,0,0,-1,,,,2025-07-08 04:30:12
13086,725906,20856,away,0,4-2-3-1,1,0,12,236415,Erik Lindell,Substitute,0,1,218520,11,218520.0,3840.0,64',0,0,-1,,,,2025-07-08 04:30:12
13086,725907,529,home,0,5-3-2,1,1,1,400222,Simon Eriksson,Goalkeeper,1,0,0,-1,,,,0,0,-1,,,,2025-07-12 04:34:18
13086,725907,529,home,0,5-3-2,1,1,15,173040,Simon Hedlund,Right Back,2,0,0,-1,,,,0,0,-1,,,,2025-07-12 04:34:18
13086,725907,529,home,0,5-3-2,1,1,23,134644,Niklas Hult,Left Back,3,0,0,-1,,,,0,0,-1,,,,2025-07-12 04:34:18
13086,725907,529,home,0,5-3-2,1,1,2,380023,Terry Yegbe,Center Left Defender,4,0,0,-1,,,,1,240486,19,240486.0,4800.0,80',2025-07-12 04:34:18
13086,725907,529,home,0,5-3-2,1,1,29,341452,Ibrahim Buhari,Center Defender,5,0,0,-1,,,,0,0,-1,,,,2025-07-12 04:34:18
13086,725907,529,home,0,5-3-2,1,1,6,286729,Rasmus Wikstrom,Center Right Defender,6,0,0,-1,,,,0,0,-1,,,,2025-07-12 04:34:18
13086,725907,529,home,0,5-3-2,1,1,10,245883,Simon Olsson,Center Right Midfielder,7,0,0,-1,,,,1,146012,13,146012.0,4800.0,80',2025-07-12 04:34:18
13086,725907,529,home,0,5-3-2,1,1,7,218707,Jens Jakob Thomasen,Center Midfielder,8,0,0,-1,,,,1,305401,18,305401.0,4020.0,67',2025-07-12 04:34:18
13086,725907,529,home,0,5-3-2,1,1,9,202705,Arbër Zeneli,Center Left Forward,9,0,0,-1,,,,1,304180,24,304180.0,3300.0,55',2025-07-12 04:34:18
13086,725907,529,home,0,5-3-2,1,1,11,303614,Taylor Silverholt,Center Right Forward,10,0,0,-1,,,,1,342093,25,342093.0,4020.0,67',2025-07-12 04:34:18
13086,725907,529,home,0,5-3-2,1,1,27,334024,Besfort Zeneli,Center Left Midfielder,11,0,0,-1,,,,0,0,-1,,,,2025-07-12 04:34:18
13086,725907,529,home,0,5-3-2,1,0,30,176191,Lucas Hägg Johansson,Substitute,0,0,0,-1,,,,0,0,-1,,,,2025-07-12 04:34:18
13086,725907,529,home,0,5-3-2,1,0,19,240486,Rami Kaib,Substitute,0,1,380023,2,380023.0,4800.0,80',0,0,-1,,,,2025-07-12 04:34:18
13086,725907,529,home,0,5-3-2,1,0,16,402326,Altti Hellemaa,Substitute,0,0,0,-1,,,,0,0,-1,,,,2025-07-12 04:34:18
13086,725907,529,home,0,5-3-2,1,0,28,389426,Frode Aronsson,Substitute,0,0,0,-1,,,,0,0,-1,,,,2025-07-12 04:34:18
13086,725907,529,home,0,5-3-2,1,0,4,202682,Daniel Granli,Substitute,0,0,0,-1,,,,0,0,-1,,,,2025-07-12 04:34:18
13086,725907,529,home,0,5-3-2,1,0,25,342093,Ari Sigurpálsson,Substitute,0,1,303614,11,303614.0,4020.0,67',0,0,-1,,,,2025-07-12 04:34:18
13086,725907,529,home,0,5-3-2,1,0,13,146012,Johan Larsson,Substitute,0,1,245883,10,245883.0,4800.0,80',0,0,-1,,,,2025-07-12 04:34:18
13086,725907,529,home,0,5-3-2,1,0,18,305401,Júlíus Magnússon,Substitute,0,1,218707,7,218707.0,4020.0,67',0,0,-1,,,,2025-07-12 04:34:18
13086,725907,529,home,0,5-3-2,1,0,24,304180,Frederik Ihler,Substitute,0,1,202705,9,202705.0,3300.0,55',0,0,-1,,,,2025-07-12 04:34:18
13086,725907,7834,away,1,4-2-3-1,1,1,99,125312,Etrit Berisha,Goalkeeper,1,0,0,-1,,,,0,0,-1,,,,2025-07-08 04:30:12
13086,725907,7834,away,1,4-2-3-1,1,1,28,394448,Filip Öhman,Right Back,2,0,0,-1,,,,1,330551,17,330551.0,3900.0,65',2025-07-08 04:30:12
13086,725907,7834,away,1,4-2-3-1,1,1,44,393324,Harry Hilvenius,Left Back,3,0,0,-1,,,,1,378812,11,378812.0,4800.0,80',2025-07-08 04:30:12
13086,725907,7834,away,1,4-2-3-1,1,1,13,361537,Sigge Jansson,Left Midfielder,4,0,0,-1,,,,1,380234,22,380234.0,4800.0,80',2025-07-08 04:30:12
13086,725907,7834,away,1,4-2-3-1,1,1,8,355408,Silas Andersen,Center Right Defender,5,0,0,-1,,,,0,0,-1,,,,2025-07-08 04:30:12
13086,725907,7834,away,1,4-2-3-1,1,1,4,271086,Marius Lode,Center Left Defender,6,0,0,-1,,,,0,0,-1,,,,2025-07-08 04:30:12
13086,725907,7834,away,1,4-2-3-1,1,1,10,239184,Mikkel Rygaard,Attacking Midfielder Right,7,0,0,-1,,,,0,0,-1,,,,2025-07-08 04:30:12
13086,725907,7834,away,1,4-2-3-1,1,1,15,356369,Samuel Leach Holm,Right Midfielder,8,0,0,-1,,,,0,0,-1,,,,2025-07-08 04:30:12
13086,725907,7834,away,1,4-2-3-1,1,1,9,360958,Srdjan Hrstic,Forward,9,0,0,-1,,,,1,271087,24,271087.0,4320.0,72',2025-07-08 04:30:12
13086,725907,7834,away,1,4-2-3-1,1,1,19,366143,John Paul Dembe,Attacking Midfielder,10,0,0,-1,,,,0,0,-1,,,,2025-07-08 04:30:12
13086,725907,7834,away,1,4-2-3-1,1,1,29,366829,Severin Nioule,Attacking Midfielder Left,11,0,0,-1,,,,0,0,-1,,,,2025-07-08 04:30:12
13086,725907,7834,away,1,4-2-3-1,1,0,42,146579,Nikola Mitrovic,Substitute,0,0,0,-1,,,,0,0,-1,,,,2025-07-08 04:30:12
13086,725907,7834,away,1,4-2-3-1,1,0,30,400598,Kristan Marinkovic,Substitute,0,0,0,-1,,,,0,0,-1,,,,2025-07-08 04:30:12
13086,725907,7834,away,1,4-2-3-1,1,0,17,330551,Ben Engdahl,Substitute,0,1,394448,28,394448.0,3900.0,65',0,0,-1,,,,2025-07-08 04:30:12
13086,725907,7834,away,1,4-2-3-1,1,0,41,393325,Noah Ek,Substitute,0,0,0,-1,,,,0,0,-1,,,,2025-07-08 04:30:12
13086,725907,7834,away,1,4-2-3-1,1,0,1,177546,Andreas Linde,Substitute,0,0,0,-1,,,,0,0,-1,,,,2025-07-08 04:30:12
13086,725907,7834,away,1,4-2-3-1,1,0,45,380930,Lion Beqiri,Substitute,0,0,0,-1,,,,0,0,-1,,,,2025-07-08 04:30:12
13086,725907,7834,away,1,4-2-3-1,1,0,22,380234,Nikola Zecevic,Substitute,0,1,361537,13,361537.0,4800.0,80',0,0,-1,,,,2025-07-08 04:30:12
13086,725907,7834,away,1,4-2-3-1,1,0,11,378812,Julius Lindberg,Substitute,0,1,393324,44,393324.0,4800.0,80',0,0,-1,,,,2025-07-08 04:30:12
13086,725907,7834,away,1,4-2-3-1,1,0,24,271087,Amor Layouni,Substitute,0,1,360958,9,360958.0,4320.0,72',0,0,-1,,,,2025-07-08 04:30:12
13086,725908,8222,home,0,4-3-3,1,1,1,312877,Mergim Krasniqi,Goalkeeper,1,0,0,-1,,,,0,0,-1,,,,2025-07-06 13:04:02
13086,725908,8222,home,0,4-3-3,1,1,6,378806,August Wängberg,Right Back,2,0,0,-1,,,,0,0,-1,,,,2025-07-06 13:04:02
13086,725908,8222,home,0,4-3-3,1,1,5,379958,Robin Wendin Thomasson,Left Back,3,0,0,-1,,,,0,0,-1,,,,2025-07-06 13:04:02
13086,725908,8222,home,0,4-3-3,1,1,18,313931,Kevin Holmén,Center Midfielder,4,0,0,-1,,,,0,0,-1,,,,2025-07-06 13:04:02
13086,725908,8222,home,0,4-3-3,1,1,4,333728,Oskar Ågren,Center Right Defender,5,0,0,-1,,,,0,0,-1,,,,2025-07-06 13:04:02
13086,725908,8222,home,0,4-3-3,1,1,24,378826,Filip Beckman,Center Left Defender,6,0,0,-1,,,,0,0,-1,,,,2025-07-06 13:04:02
13086,725908,8222,home,0,4-3-3,1,1,8,312852,William Milovanovic,Right Midfielder,7,0,0,-1,,,,1,315674,21,315674.0,3720.0,62',2025-07-06 13:04:02
13086,725908,8222,home,0,4-3-3,1,1,10,347031,Amin Boudri,Left Midfielder,8,0,0,-1,,,,1,149765,25,149765.0,5160.0,86',2025-07-06 13:04:02
13086,725908,8222,home,0,4-3-3,1,1,19,308726,Ibrahim Diabate,Forward,9,0,0,-1,,,,0,0,-1,,,,2025-08-02 04:40:34
13086,725908,8222,home,0,4-3-3,1,1,9,378816,Gustav Lundgren,Right Forward,10,0,0,-1,,,,0,0,-1,,,,2025-07-06 13:04:02
13086,725908,8222,home,0,4-3-3,1,1,16,400221,Rasmus Niklasson Petrovic,Left Forward,11,0,0,-1,,,,1,334033,11,334033.0,4560.0,76',2025-07-06 13:04:02
13086,725908,8222,home,0,4-3-3,1,0,29,400220,Daniel Bengtsson,Substitute,0,0,0,-1,,,,0,0,-1,,,,2025-07-06 13:04:02
13086,725908,8222,home,0,4-3-3,1,0,2,400217,Matteo de Brienne,Substitute,0,0,0,-1,,,,0,0,-1,,,,2025-07-06 13:04:02
13086,725908,8222,home,0,4-3-3,1,0,14,379955,Filip Gustafsson,Substitute,0,0,0,-1,,,,0,0,-1,,,,2025-07-06 13:04:02
13086,725908,8222,home,0,4-3-3,1,0,22,378820,Anes Cardaklija,Substitute,0,0,0,-1,,,,0,0,-1,,,,2025-07-06 13:04:02
13086,725908,8222,home,0,4-3-3,1,0,7,378811,Joackim Åberg,Substitute,0,0,0,-1,,,,0,0,-1,,,,2025-07-06 13:04:02
13086,725908,8222,home,0,4-3-3,1,0,13,360878,Kees Sims,Substitute,0,0,0,-1,,,,0,0,-1,,,,2025-07-06 13:04:02
13086,725908,8222,home,0,4-3-3,1,0,11,334033,Edvin Becirovic,Substitute,0,1,400221,16,400221.0,4560.0,76',0,0,-1,,,,2025-07-06 13:04:02
13086,725908,8222,home,0,4-3-3,1,0,21,315674,Axel Henriksson,Substitute,0,1,312852,8,312852.0,3720.0,62',0,0,-1,,,,2025-07-06 13:04:02
13086,725908,8222,home,0,4-3-3,1,0,25,149765,Jonas Lindberg,Substitute,0,1,347031,10,347031.0,5160.0,86',0,0,-1,,,,2025-07-06 13:04:02
13086,725908,2720,away,0,4-4-2,1,1,33,307800,Melker Ellborg,Goalkeeper,1,0,0,-1,,,,0,0,-1,,,,2025-07-06 13:04:02
13086,725908,2720,away,0,4-4-2,1,1,2,9101,Johan Karlsson,Right Back,2,0,0,-1,,,,0,0,-1,,,,2025-07-06 13:04:02
13086,725908,2720,away,0,4-4-2,1,1,25,301219,Busanello,Left Back,3,0,0,-1,,,,0,0,-1,,,,2025-07-06 13:04:02
13086,725908,2720,away,0,4-4-2,1,1,23,286434,Lasse Berg Johnsen,Center Right Midfielder,4,0,0,-1,,,,1,381395,40,381395.0,3720.0,62',2025-07-12 04:34:18
13086,725908,2720,away,0,4-4-2,1,1,17,193186,Jens Stryger Larsen,Center Right Defender,5,0,0,-1,,,,0,0,-1,,,,2025-07-06 13:04:02
13086,725908,2720,away,0,4-4-2,1,1,35,380679,Nils Zätterström,Center Left Defender,6,0,0,-1,,,,0,0,-1,,,,2025-07-06 13:04:02
13086,725908,2720,away,0,4-4-2,1,1,16,138055,Oliver Berg,Right Midfielder,7,0,0,-1,,,,1,308880,11,308880.0,3720.0,62',2025-07-06 13:04:02
13086,725908,2720,away,0,4-4-2,1,1,7,315679,Otto Rosengren,Center Left Midfielder,8,0,0,-1,,,,0,0,-1,,,,2025-07-12 04:34:18
13086,725908,2720,away,0,4-4-2,1,1,22,314164,Taha Ali,Center Left Forward,9,0,0,-1,,,,1,364698,37,364698.0,3660.0,61',2025-07-06 13:04:02
13086,725908,2720,away,0,4-4-2,1,1,9,166657,Isaac Kiese Thelin,Center Right Forward,10,0,0,-1,,,,1,360023,32,360023.0,4560.0,76',2025-07-06 13:04:02
13086,725908,2720,away,0,4-4-2,1,1,38,330239,Hugo Bolin,Left Midfielder,11,0,0,-1,,,,1,218450,29,218450.0,4860.0,81',2025-07-06 13:04:02
13086,725908,2720,away,0,4-4-2,1,0,29,218450,Sead Haksabanovic,Substitute,0,1,330239,38,330239.0,4860.0,81',0,0,-1,,,,2025-07-06 13:04:02
13086,725908,2720,away,0,4-4-2,1,0,11,308880,Emmanuel Ekong,Substitute,0,1,138055,16,138055.0,3720.0,62',0,0,-1,,,,2025-07-06 13:04:02
13086,725908,2720,away,0,4-4-2,1,0,6,162738,Oscar Lewicki,Substitute,0,0,0,-1,,,,0,0,-1,,,,2025-07-06 13:04:02
13086,725908,2720,away,0,4-4-2,1,0,32,360023,Daniel Gudjohnsen,Substitute,0,1,166657,9,166657.0,4560.0,76',0,0,-1,,,,2025-07-06 13:04:02
13086,725908,2720,away,0,4-4-2,1,0,37,364698,Adrian Skogmar,Substitute,0,1,314164,22,314164.0,3660.0,61',0,0,-1,,,,2025-07-06 13:04:02
13086,725908,2720,away,0,4-4-2,1,0,34,368582,Zakaria Loukili,Substitute,0,0,0,-1,,,,0,0,-1,,,,2025-07-06 13:04:02
13086,725908,2720,away,0,4-4-2,1,0,40,381395,Kenan Busuladzic,Substitute,0,1,286434,23,286434.0,3720.0,62',0,0,-1,,,,2025-07-06 13:04:02
13086,725908,2720,away,0,4-4-2,1,0,44,404787,Malte Palsson,Substitute,0,0,0,-1,,,,0,0,-1,,,,2025-07-06 13:04:02
13086,725908,2720,away,0,4-4-2,1,0,1,198227,Ricardo Friedrich,Substitute,0,0,0,-1,,,,0,0,-1,,,,2025-07-06 13:04:02
13086,725909,3017,home,1,5-4-1,1,1,12,195094,Tim Erlandsson,Goalkeeper,1,0,0,-1,,,,0,0,-1,,,,2025-07-07 04:27:47
13086,725909,3017,home,1,5-4-1,1,1,11,357140,Villiam Granath,Right Back,2,0,0,-1,,,,1,357142,3,357142.0,5340.0,89',2025-07-07 04:27:47
13086,725909,3017,home,1,5-4-1,1,1,20,317094,Pawel Chrupalla,Left Back,3,0,0,-1,,,,1,289329,4,289329.0,4380.0,73',2025-07-07 04:27:47
13086,725909,3017,home,1,5-4-1,1,1,21,121282,Marcus Olsson,Center Left Defender,4,0,0,-1,,,,0,0,-1,,,,2025-07-07 04:27:47
13086,725909,3017,home,1,5-4-1,1,1,5,178687,Pascal Gregor,Center Defender,5,0,0,-1,,,,0,0,-1,,,,2025-07-07 04:27:47
13086,725909,3017,home,1,5-4-1,1,1,2,381647,Bleon Kurtulus,Center Right Defender,6,0,0,-1,,,,0,0,-1,,,,2025-07-07 04:27:47
13086,725909,3017,home,1,5-4-1,1,1,29,399508,Erik Arvidsson,Right Midfielder,7,0,0,-1,,,,1,237843,13,237843.0,4860.0,81',2025-07-07 04:27:47
13086,725909,3017,home,1,5-4-1,1,1,6,147211,Joel Allansson,Center Right Midfielder,8,0,0,-1,,,,0,0,-1,,,,2025-07-07 04:27:47
13086,725909,3017,home,1,5-4-1,1,1,9,329971,Yannick Agnero,Forward,9,0,0,-1,,,,1,289719,8,289719.0,4920.0,82',2025-07-07 04:27:47
13086,725909,3017,home,1,5-4-1,1,1,25,321176,Aleksander Damnjanovic,Center Left Midfielder,10,0,0,-1,,,,0,0,-1,,,,2025-07-07 04:27:47
13086,725909,3017,home,1,5-4-1,1,1,18,357130,Naeem Mohammed,Left Midfielder,11,0,0,-1,,,,1,334002,28,334002.0,5340.0,89',2025-07-07 04:27:47
13086,725909,3017,home,1,5-4-1,1,0,28,334002,Malte Persson,Substitute,0,1,357130,18,357130.0,5340.0,89',0,0,-1,,,,2025-07-07 04:27:47
13086,725909,3017,home,1,5-4-1,1,0,19,401274,Marvin Illary,Substitute,0,0,0,-1,,,,0,0,-1,,,,2025-07-07 04:27:47
13086,725909,3017,home,1,5-4-1,1,0,8,289719,Niilo Mäenpää,Substitute,0,1,329971,9,329971.0,4920.0,82',0,0,-1,,,,2025-07-07 04:27:47
13086,725909,3017,home,1,5-4-1,1,0,26,359293,Mans Andersson,Substitute,0,0,0,-1,,,,0,0,-1,,,,2025-07-07 04:27:47
13086,725909,3017,home,1,5-4-1,1,0,3,357142,Gabriel Wallentin,Substitute,0,1,357140,11,357140.0,5340.0,89',0,0,-1,,,,2025-07-07 04:27:47
13086,725909,3017,home,1,5-4-1,1,0,4,289329,Filip Schyberg,Substitute,0,1,317094,20,317094.0,4380.0,73',0,0,-1,,,,2025-07-07 04:27:47
13086,725909,3017,home,1,5-4-1,1,0,1,264481,Tim Rönning,Substitute,0,0,0,-1,,,,0,0,-1,,,,2025-07-07 04:27:47
13086,725909,3017,home,1,5-4-1,1,0,14,159454,Blair Turgott,Substitute,0,0,0,-1,,,,0,0,-1,,,,2025-07-07 04:27:47
13086,725909,3017,home,1,5-4-1,1,0,13,237843,Gíisli Eyjólfsson,Substitute,0,1,399508,29,399508.0,4860.0,81',0,0,-1,,,,2025-07-07 04:27:47
13086,725909,994,away,0,3-4-3,1,1,15,133993,Kristoffer Nordfeldt,Goalkeeper,1,0,0,-1,,,,0,0,-1,,,,2025-07-06 13:04:02
13086,725909,994,away,0,3-4-3,1,1,46,406317,Yannick Geiger,Right Midfielder,2,0,0,-1,,,,1,146893,11,146893.0,2700.0,45',2025-07-07 04:27:47
13086,725909,994,away,0,3-4-3,1,1,10,215152,Bersant Celina,Left Midfielder,3,0,0,-1,,,,0,0,-1,,,,2025-07-06 13:04:02
13086,725909,994,away,0,3-4-3,1,1,3,258904,Thomas Isherwood,Center Left Defender,4,0,0,-1,,,,1,222606,32,222606.0,2700.0,45',2025-07-07 04:27:47
13086,725909,994,away,0,3-4-3,1,1,4,223140,Sotiris Papagiannopoulos,Center Defender,5,0,0,-1,,,,0,0,-1,,,,2025-07-06 13:04:02
13086,725909,994,away,0,3-4-3,1,1,17,229692,Mads Thychosen,Center Right Defender,6,0,0,-1,,,,0,0,-1,,,,2025-07-06 13:04:02
13086,725909,994,away,0,3-4-3,1,1,7,193105,Anton Saletros,Center Right Midfielder,7,0,0,-1,,,,0,0,-1,,,,2025-07-06 13:04:02
13086,725909,994,away,0,3-4-3,1,1,33,322466,Áron Csongvai,Center Left Midfielder,8,0,0,-1,,,,0,0,-1,,,,2025-07-06 13:04:02
13086,725909,994,away,0,3-4-3,1,1,9,305500,Andronikos Kakoulis,Forward,9,0,0,-1,,,,1,384304,28,384304.0,4140.0,69',2025-07-07 04:27:47
13086,725909,994,away,0,3-4-3,1,1,8,236162,Johan Hove,Center Right Forward,10,0,0,-1,,,,0,0,-1,,,,2025-07-06 13:04:02
13086,725909,994,away,0,3-4-3,1,1,45,347636,Taha Ayari,Center Left Forward,11,0,0,-1,,,,1,357135,18,357135.0,2700.0,45',2025-07-07 04:27:47
13086,725909,994,away,0,3-4-3,1,0,11,146893,John Guidetti,Substitute,0,1,406317,46,406317.0,2700.0,45',0,0,-1,,,,2025-07-07 04:27:47
13086,725909,994,away,0,3-4-3,1,0,16,261614,Benjamin Tiedemann Hansen,Substitute,0,0,0,-1,,,,0,0,-1,,,,2025-07-06 13:04:02
13086,725909,994,away,0,3-4-3,1,0,30,218410,Kalle Joelsson,Substitute,0,0,0,-1,,,,0,0,-1,,,,2025-07-06 13:04:02
13086,725909,994,away,0,3-4-3,1,0,32,222606,Filip Benkovic,Substitute,0,1,258904,3,258904.0,2700.0,45',0,0,-1,,,,2025-07-07 04:27:47
13086,725909,994,away,0,3-4-3,1,0,28,384304,Linus Jareteg,Substitute,0,1,305500,9,305500.0,4140.0,69',0,0,-1,,,,2025-07-07 04:27:47
13086,725909,994,away,0,3-4-3,1,0,21,369996,Stanley Wilson,Substitute,0,0,0,-1,,,,0,0,-1,,,,2025-07-06 13:04:02
13086,725909,994,away,0,3-4-3,1,0,18,357135,Abdihakim Ali,Substitute,0,1,347636,45,347636.0,2700.0,45',0,0,-1,,,,2025-07-07 04:27:47
13086,725909,994,away,0,3-4-3,1,0,12,353460,Charlie Pavey,Substitute,0,0,0,-1,,,,0,0,-1,,,,2025-07-06 13:04:02
13086,725909,994,away,0,3-4-3,1,0,5,325409,Kazper Karlsson,Substitute,0,0,0,-1,,,,0,0,-1,,,,2025-07-06 13:04:02
13086,725910,2495,home,1,4-2-3-1,1,1,1,170727,Warner Hahn,Goalkeeper,1,0,0,-1,,,,0,0,-1,,,,2025-07-06 13:04:02
13086,725910,2495,home,1,4-2-3-1,1,1,2,382504,Hampus Skoglund,Right Back,2,0,0,-1,,,,0,0,-1,,,,2025-07-06 13:04:02
13086,725910,2495,home,1,4-2-3-1,1,1,19,251758,Shaquille Pinas,Left Back,3,0,0,-1,,,,0,0,-1,,,,2025-07-06 13:04:02
13086,725910,2495,home,1,4-2-3-1,1,1,5,218436,Tesfaldet Tekie,Left Midfielder,4,0,0,-1,,,,1,205374,11,205374.0,5100.0,85',2025-07-06 13:04:02
13086,725910,2495,home,1,4-2-3-1,1,1,17,313464,Ibrahima Fofana,Center Right Defender,5,0,0,-1,,,,1,272714,3,272714.0,4560.0,76',2025-07-15 04:34:45
13086,725910,2495,home,1,4-2-3-1,1,1,4,334038,Victor Eriksson,Center Left Defender,6,0,0,-1,,,,0,0,-1,,,,2025-07-06 13:04:02
13086,725910,2495,home,1,4-2-3-1,1,1,26,312880,Montader Madjed,Attacking Midfielder Right,7,0,0,-1,,,,1,359099,29,359099.0,3720.0,62',2025-07-06 13:04:02
13086,725910,2495,home,1,4-2-3-1,1,1,8,22967,Markus Karlsson,Right Midfielder,8,0,0,-1,,,,0,0,-1,,,,2025-07-06 13:04:02
13086,725910,2495,home,1,4-2-3-1,1,1,9,315675,Jusef Erabi,Forward,9,0,0,-1,,,,1,313974,23,313974.0,3660.0,61',2025-07-06 13:04:02
13086,725910,2495,home,1,4-2-3-1,1,1,20,143585,Nahir Besara,Attacking Midfielder,10,0,0,-1,,,,0,0,-1,,,,2025-07-06 13:04:02
13086,725910,2495,home,1,4-2-3-1,1,1,18,303702,Sebastian Tounekti,Attacking Midfielder Left,11,0,0,-1,,,,0,0,-1,,,,2025-07-06 13:04:02
13086,725910,2495,home,1,4-2-3-1,1,0,3,272714,Frederik Winther,Substitute,0,1,313464,17,,,,0,0,-1,,,,2025-07-06 13:04:02
13086,725910,2495,home,1,4-2-3-1,1,0,21,269195,Simon Strand,Substitute,0,0,0,-1,,,,0,0,-1,,,,2025-07-06 13:04:02
13086,725910,2495,home,1,4-2-3-1,1,0,13,399509,Jonathan Karlsson,Substitute,0,0,0,-1,,,,0,0,-1,,,,2025-07-06 13:04:02
13086,725910,2495,home,1,4-2-3-1,1,0,15,380970,Adrian Lahdo,Substitute,0,0,0,-1,,,,0,0,-1,,,,2025-07-06 13:04:02
13086,725910,2495,home,1,4-2-3-1,1,0,29,359099,Elohim Kaboré,Substitute,0,1,312880,26,312880.0,3720.0,62',0,0,-1,,,,2025-07-06 13:04:02
13086,725910,2495,home,1,4-2-3-1,1,0,23,313974,Abdelrahman Boudah Saidi,Substitute,0,1,315675,9,315675.0,3660.0,61',0,0,-1,,,,2025-07-06 13:04:02
13086,725910,2495,home,1,4-2-3-1,1,0,11,205374,Oscar Johansson Schellhas,Substitute,0,1,218436,5,218436.0,5100.0,85',0,0,-1,,,,2025-07-06 13:04:02
13086,725910,2495,home,1,4-2-3-1,1,0,22,210020,Jacob Ouro Ortmark,Substitute,0,0,0,-1,,,,0,0,-1,,,,2025-07-06 13:04:02
13086,725910,2495,home,1,4-2-3-1,1,0,27,301372,Felix Jakobsson,Substitute,0,0,0,-1,,,,0,0,-1,,,,2025-07-06 13:04:02
13086,725910,21382,away,0,4-3-3,1,1,1,277177,Hugo Keto,Goalkeeper,1,0,0,-1,,,,0,0,-1,,,,2025-07-06 13:04:02
13086,725910,21382,away,0,4-3-3,1,1,5,334035,Victor Larsson,Right Back,2,0,0,-1,,,,0,0,-1,,,,2025-07-06 13:04:02
13086,725910,21382,away,0,4-3-3,1,1,3,272272,Axel Björnström,Left Back,3,0,0,-1,,,,0,0,-1,,,,2025-07-06 13:04:02
13086,725910,21382,away,0,4-3-3,1,1,8,272404,Luke Le Roux,Center Midfielder,4,0,0,-1,,,,0,0,-1,,,,2025-07-06 13:04:02
13086,725910,21382,away,0,4-3-3,1,1,4,383897,Rufai Mohammed,Center Right Defender,5,0,0,-1,,,,0,0,-1,,,,2025-07-06 13:04:02
13086,725910,21382,away,0,4-3-3,1,1,24,357202,Emin Grozdanic,Center Left Defender,6,0,0,-1,,,,0,0,-1,,,,2025-07-06 13:04:02
13086,725910,21382,away,0,4-3-3,1,1,7,193351,Carl Johansson,Right Midfielder,7,0,0,-1,,,,1,380552,2,380552.0,4800.0,80',2025-07-06 13:04:02
13086,725910,21382,away,0,4-3-3,1,1,28,344869,Frank Junior Adjei,Left Midfielder,8,0,0,-1,,,,0,0,-1,,,,2025-07-06 13:04:02
13086,725910,21382,away,0,4-3-3,1,1,15,185955,Pawel Cibicki,Forward,9,0,0,-1,,,,1,303480,11,303480.0,4320.0,72',2025-07-06 13:04:02
13086,725910,21382,away,0,4-3-3,1,1,32,353250,Kenan Bilalovic,Right Forward,10,0,0,-1,,,,1,267616,6,267616.0,1860.0,31',2025-07-06 13:04:02
13086,725910,21382,away,0,4-3-3,1,1,10,345479,Ajdin Zeljkovic,Left Forward,11,0,0,-1,,,,1,365517,17,365517.0,4800.0,80',2025-07-06 13:04:02
13086,725910,21382,away,0,4-3-3,1,0,26,380685,Calle Johansson,Substitute,0,0,0,-1,,,,0,0,-1,,,,2025-07-06 13:04:02
13086,725910,21382,away,0,4-3-3,1,0,2,380552,Johan Rapp,Substitute,0,1,193351,7,193351.0,4800.0,80',0,0,-1,,,,2025-07-06 13:04:02
13086,725910,21382,away,0,4-3-3,1,0,17,365517,Fred Bozicevic,Substitute,0,1,345479,10,345479.0,4800.0,80',0,0,-1,,,,2025-07-06 13:04:02
13086,725910,21382,away,0,4-3-3,1,0,39,341335,Viktor Andersson,Substitute,0,0,0,-1,,,,0,0,-1,,,,2025-07-06 13:04:02
13086,725910,21382,away,0,4-3-3,1,0,21,303750,Abdulrazaq Ishaq,Substitute,0,0,0,-1,,,,0,0,-1,,,,2025-07-06 13:04:02
13086,725910,21382,away,0,4-3-3,1,0,11,303480,Wenderson,Substitute,0,1,185955,15,185955.0,4320.0,72',0,0,-1,,,,2025-07-06 13:04:02
13086,725910,21382,away,0,4-3-3,1,0,6,267616,Hugo Andersson,Substitute,0,1,353250,32,353250.0,1860.0,31',0,0,-1,,,,2025-07-06 13:04:02
13086,725910,21382,away,0,4-3-3,1,0,20,334028,Freddy Winsth,Substitute,0,0,0,-1,,,,0,0,-1,,,,2025-07-06 13:04:02
13086,725911,2556,home,1,4-3-3,1,1,25,359784,Elis Bishesari,Goalkeeper,1,0,0,-1,,,,0,0,-1,,,,2025-07-07 04:27:47
13086,725911,2556,home,1,4-3-3,1,1,18,349811,Felix Eriksson,Right Back,2,0,0,-1,,,,0,0,-1,,,,2025-07-07 04:27:47
13086,725911,2556,home,1,4-3-3,1,1,22,383948,Noah Tolf,Left Back,3,0,0,-1,,,,0,0,-1,,,,2025-07-07 04:27:47
13086,725911,2556,home,1,4-3-3,1,1,15,307947,David Kruse,Center Midfielder,4,0,0,-1,,,,0,0,-1,,,,2025-07-07 04:27:47
13086,725911,2556,home,1,4-3-3,1,1,5,220974,Jonas Bager,Center Right Defender,5,0,0,-1,,,,1,366598,4,366598.0,4680.0,78',2025-07-07 04:27:47
13086,725911,2556,home,1,4-3-3,1,1,3,241163,August Erlingmark,Center Left Defender,6,0,0,-1,,,,0,0,-1,,,,2025-07-07 04:27:47
13086,725911,2556,home,1,4-3-3,1,1,23,289882,Kolbeinn Thordarson,Right Midfielder,7,0,0,-1,,,,0,0,-1,,,,2025-07-07 04:27:47
13086,725911,2556,home,1,4-3-3,1,1,17,252746,Eman Markovic,Left Midfielder,8,0,0,-1,,,,1,390390,7,390390.0,4680.0,78',2025-07-07 04:27:47
13086,725911,2556,home,1,4-3-3,1,1,9,303768,Max Fenger,Forward,9,0,0,-1,,,,0,0,-1,,,,2025-07-07 04:27:47
13086,725911,2556,home,1,4-3-3,1,1,29,343958,Thomas Santos,Right Forward,10,0,0,-1,,,,1,380238,26,380238.0,5400.0,90',2025-07-07 04:27:47
13086,725911,2556,home,1,4-3-3,1,1,14,219163,Tobias Heintz,Left Forward,11,0,0,-1,,,,1,343826,16,343826.0,4020.0,67',2025-07-07 04:27:47
13086,725911,2556,home,1,4-3-3,1,0,36,406963,Emil Fasth,Substitute,0,0,0,-1,,,,0,0,-1,,,,2025-07-07 04:27:47
13086,725911,2556,home,1,4-3-3,1,0,27,401205,Alfons Borén,Substitute,0,0,0,-1,,,,0,0,-1,,,,2025-07-07 04:27:47
13086,725911,2556,home,1,4-3-3,1,0,33,406962,Carl Lantz,Substitute,0,0,0,-1,,,,0,0,-1,,,,2025-07-07 04:27:47
13086,725911,2556,home,1,4-3-3,1,0,7,390390,Sebastian Clemmensen,Substitute,0,1,252746,17,252746.0,4680.0,78',0,0,-1,,,,2025-07-07 04:27:47
13086,725911,2556,home,1,4-3-3,1,0,4,366598,Rockson Yeboah,Substitute,0,1,220974,5,220974.0,4680.0,78',0,0,-1,,,,2025-07-07 04:27:47
13086,725911,2556,home,1,4-3-3,1,0,16,343826,Linus Carlstrand,Substitute,0,1,219163,14,219163.0,4020.0,67',0,0,-1,,,,2025-07-07 04:27:47
13086,725911,2556,home,1,4-3-3,1,0,1,235504,Pontus Dahlberg,Substitute,0,0,0,-1,,,,0,0,-1,,,,2025-07-07 04:27:47
13086,725911,2556,home,1,4-3-3,1,0,10,336395,Hussein Carneil,Substitute,0,0,0,-1,,,,0,0,-1,,,,2025-07-07 04:27:47
13086,725911,2556,home,1,4-3-3,1,0,26,380238,Benjamin Brantlind,Substitute,0,1,343958,29,343958.0,5400.0,90',0,0,-1,,,,2025-07-07 04:27:47
13086,725911,8547,away,0,4-3-3,1,1,1,313973,Ismael Diawara,Goalkeeper,1,0,0,-1,,,,0,0,-1,,,,2025-07-06 13:04:02
13086,725911,8547,away,0,4-3-3,1,1,13,298341,Jakob Voelkerling Persson,Right Back,2,0,0,-1,,,,1,322919,16,322919.0,5280.0,88',2025-07-07 04:27:47
13086,725911,8547,away,0,4-3-3,1,1,21,235518,Dennis Widgren,Left Back,3,0,0,-1,,,,0,0,-1,,,,2025-07-06 13:04:02
13086,725911,8547,away,0,4-3-3,1,1,10,358564,Melker Heier,Center Midfielder,4,0,0,-1,,,,0,0,-1,,,,2025-07-06 13:04:02
13086,725911,8547,away,0,4-3-3,1,1,15,186504,Simon Sandberg,Center Right Defender,5,0,0,-1,,,,0,0,-1,,,,2025-07-06 13:04:02
13086,725911,8547,away,0,4-3-3,1,1,4,366597,Tobias Anker,Center Left Defender,6,0,0,-1,,,,0,0,-1,,,,2025-07-06 13:04:02
13086,725911,8547,away,0,4-3-3,1,1,14,323176,Leo Walta,Right Midfielder,7,0,0,-1,,,,0,0,-1,,,,2025-07-06 13:04:02
13086,725911,8547,away,0,4-3-3,1,1,17,15527,Marcus Lindberg,Left Midfielder,8,0,0,-1,,,,0,0,-1,,,,2025-07-06 13:04:02
13086,725911,8547,away,0,4-3-3,1,1,9,322993,Robbie Ure,Forward,9,0,0,-1,,,,0,0,-1,,,,2025-07-06 13:04:02
13086,725911,8547,away,0,4-3-3,1,1,29,344867,Isak Bjerkebo,Right Forward,10,0,0,-1,,,,1,359495,36,359495.0,3660.0,61',2025-07-07 04:27:47
13086,725911,8547,away,0,4-3-3,1,1,7,22706,Joakim Persson,Left Forward,11,0,0,-1,,,,1,401059,24,401059.0,5040.0,84',2025-07-07 04:27:47
13086,725911,8547,away,0,4-3-3,1,0,16,322919,Herman Sjögrell,Substitute,0,1,298341,13,298341.0,5280.0,88',0,0,-1,,,,2025-07-07 04:27:47
13086,725911,8547,away,0,4-3-3,1,0,34,325348,David Celic,Substitute,0,0,0,-1,,,,0,0,-1,,,,2025-07-06 13:04:02
13086,725911,8547,away,0,4-3-3,1,0,33,342596,Saba Mamatsashvili,Substitute,0,0,0,-1,,,,0,0,-1,,,,2025-07-06 13:04:02
13086,725911,8547,away,0,4-3-3,1,0,18,315677,Adam Wikman,Substitute,0,0,0,-1,,,,0,0,-1,,,,2025-07-06 13:04:02
13086,725911,8547,away,0,4-3-3,1,0,36,359495,August Ljungberg,Substitute,0,1,344867,29,344867.0,3660.0,61',0,0,-1,,,,2025-07-07 04:27:47
13086,725911,8547,away,0,4-3-3,1,0,3,299250,Bogdan Milovanov,Substitute,0,0,0,-1,,,,0,0,-1,,,,2025-07-06 13:04:02
13086,725911,8547,away,0,4-3-3,1,0,20,382138,Victor Ekström,Substitute,0,0,0,-1,,,,0,0,-1,,,,2025-07-06 13:04:02
13086,725911,8547,away,0,4-3-3,1,0,12,399630,Isaac Höök,Substitute,0,0,0,-1,,,,0,0,-1,,,,2025-07-06 13:04:02
13086,725911,8547,away,0,4-3-3,1,0,24,401059,Victor Svensson,Substitute,0,1,22706,7,22706.0,5040.0,84',0,0,-1,,,,2025-07-07 04:27:47
13086,725912,8544,home,0,3-4-2-1,1,1,40,19242,David Andersson,Goalkeeper,1,0,0,-1,,,,0,0,-1,,,,2025-07-13 22:07:24
13086,725912,8544,home,0,3-4-2-1,1,1,37,345975,Moutaz Neffati,Right Midfielder,2,0,0,-1,,,,0,0,-1,,,,2025-07-13 22:07:24
13086,725912,8544,home,0,3-4-2-1,1,1,8,321404,Ísak Andri Sigurgeirsson,Left Midfielder,3,0,0,-1,,,,0,0,-1,,,,2025-07-13 22:07:24
13086,725912,8544,home,0,3-4-2-1,1,1,25,364988,Kevin Höög Jansson,Center Left Defender,4,0,0,-1,,,,0,0,-1,,,,2025-07-13 22:07:24
13086,725912,8544,home,0,3-4-2-1,1,1,19,238431,Max Watson,Center Defender,5,0,0,-1,,,,0,0,-1,,,,2025-07-13 22:07:24
13086,725912,8544,home,0,3-4-2-1,1,1,2,357205,Kojo Peprah Oppong,Center Right Defender,6,0,0,-1,,,,0,0,-1,,,,2025-07-13 22:07:24
13086,725912,8544,home,0,3-4-2-1,1,1,7,232279,Alexander Fransson,Center Right Midfielder,7,0,0,-1,,,,0,0,-1,,,,2025-07-13 22:07:24
13086,725912,8544,home,0,3-4-2-1,1,1,11,286930,Ismet Lushaku,Center Left Midfielder,8,0,0,-1,,,,1,287215,22,287215.0,5100.0,85',2025-07-13 22:07:24
13086,725912,8544,home,0,3-4-2-1,1,1,5,158978,Christoffer Nyman,Forward,9,0,0,-1,,,,0,0,-1,,,,2025-07-13 22:07:24
13086,725912,8544,home,0,3-4-2-1,1,1,10,188022,David Moberg-Karlsson,Center Right Forward,10,0,0,-1,,,,1,290034,15,290034.0,4440.0,74',2025-07-13 22:07:24
13086,725912,8544,home,0,3-4-2-1,1,1,9,230353,Arnór Traustason,Center Left Forward,11,0,0,-1,,,,1,400367,20,400367.0,5340.0,89',2025-07-13 22:07:24
13086,725912,8544,home,0,3-4-2-1,1,0,30,380189,Theo Krantz,Substitute,0,0,0,-1,,,,0,0,-1,,,,2025-07-13 22:07:24
13086,725912,8544,home,0,3-4-2-1,1,0,3,359167,Marcus Baggesen,Substitute,0,0,0,-1,,,,0,0,-1,,,,2025-07-13 22:07:24
13086,725912,8544,home,0,3-4-2-1,1,0,22,287215,Tim Prica,Substitute,0,1,286930,11,286930.0,5100.0,85',0,0,-1,,,,2025-07-13 22:07:24
13086,725912,8544,home,0,3-4-2-1,1,0,15,290034,Sebastian Jorgensen,Substitute,0,1,188022,10,188022.0,4440.0,74',0,0,-1,,,,2025-07-13 22:07:24
13086,725912,8544,home,0,3-4-2-1,1,0,28,389749,Åke Andersson,Substitute,0,0,0,-1,,,,0,0,-1,,,,2025-07-13 22:07:24
13086,725912,8544,home,0,3-4-2-1,1,0,18,400219,Jónatan Gudni Arnarsson,Substitute,0,0,0,-1,,,,0,0,-1,,,,2025-07-13 22:07:24
13086,725912,8544,home,0,3-4-2-1,1,0,20,400367,Axel Brönner,Substitute,0,1,230353,9,230353.0,5340.0,89',0,0,-1,,,,2025-07-13 22:07:24
13086,725912,8544,home,0,3-4-2-1,1,0,24,334015,Anton Eriksson,Substitute,0,0,0,-1,,,,0,0,-1,,,,2025-07-13 22:07:24
13086,725912,8544,home,0,3-4-2-1,1,0,4,356374,Amadeus Sögaard,Substitute,0,0,0,-1,,,,0,0,-1,,,,2025-07-13 22:07:24
13086,725912,8221,away,1,4-2-3-1,1,1,40,390019,Leo Cavallius,Goalkeeper,1,0,0,-1,,,,0,0,-1,,,,2025-07-08 04:30:12
13086,725912,8221,away,1,4-2-3-1,1,1,21,302691,Alex Timossi Andersson,Right Back,2,0,0,-1,,,,0,0,-1,,,,2025-07-08 04:30:12
13086,725912,8221,away,1,4-2-3-1,1,1,32,399427,Oskar Cotton,Left Back,3,0,0,-1,,,,1,306206,2,306206.0,4620.0,77',2025-07-08 04:30:12
13086,725912,8221,away,1,4-2-3-1,1,1,5,251486,Serge-Junior Martinsson Ngouali,Left Midfielder,4,0,0,-1,,,,0,0,-1,,,,2025-07-08 04:30:12
13086,725912,8221,away,1,4-2-3-1,1,1,3,162464,Even Hovland,Center Right Defender,5,0,0,-1,,,,0,0,-1,,,,2025-07-08 04:30:12
13086,725912,8221,away,1,4-2-3-1,1,1,4,208616,Eric Bjorkander,Center Left Defender,6,0,0,-1,,,,0,0,-1,,,,2025-07-08 04:30:12
13086,725912,8221,away,1,4-2-3-1,1,1,17,357143,Anton Kurochkin,Attacking Midfielder Right,7,0,0,-1,,,,1,243322,19,243322.0,3120.0,52',2025-07-08 04:30:12
13086,725912,8221,away,1,4-2-3-1,1,1,24,257624,Kevin Ackermann,Right Midfielder,8,0,0,-1,,,,0,0,-1,,,,2025-07-08 04:30:12
13086,725912,8221,away,1,4-2-3-1,1,1,16,274984,Adam Jakobsen,Forward,9,0,0,-1,,,,1,399426,23,399426.0,4620.0,77',2025-07-08 04:30:12
13086,725912,8221,away,1,4-2-3-1,1,1,31,399423,Love Arrhov,Attacking Midfielder,10,0,0,-1,,,,1,356378,10,356378.0,5160.0,86',2025-07-08 04:30:12
13086,725912,8221,away,1,4-2-3-1,1,1,7,320883,Victor Lind,Attacking Midfielder Left,11,0,0,-1,,,,0,0,-1,,,,2025-07-08 04:30:12
13086,725912,8221,away,1,4-2-3-1,1,0,39,134643,Nabil Bahoui,Substitute,0,0,0,-1,,,,0,0,-1,,,,2025-07-08 04:30:12
13086,725912,8221,away,1,4-2-3-1,1,0,19,243322,Daleho Irandust,Substitute,0,1,357143,17,357143.0,3120.0,52',0,0,-1,,,,2025-07-08 04:30:12
13086,725912,8221,away,1,4-2-3-1,1,0,28,195090,Isak Ssewankambo,Substitute,0,0,0,-1,,,,0,0,-1,,,,2025-07-08 04:30:12
13086,725912,8221,away,1,4-2-3-1,1,0,23,399426,Ezekiel Alladoh,Substitute,0,1,274984,16,274984.0,4620.0,77',0,0,-1,,,,2025-07-08 04:30:12
13086,725912,8221,away,1,4-2-3-1,1,0,12,380680,Charlie Nildén,Substitute,0,0,0,-1,,,,0,0,-1,,,,2025-07-08 04:30:12
13086,725912,8221,away,1,4-2-3-1,1,0,10,356378,Wilmer Odefalk,Substitute,0,1,399423,31,399423.0,5160.0,86',0,0,-1,,,,2025-07-08 04:30:12
13086,725912,8221,away,1,4-2-3-1,1,0,27,347458,Kaare Barslund,Substitute,0,0,0,-1,,,,0,0,-1,,,,2025-07-08 04:30:12
13086,725912,8221,away,1,4-2-3-1,1,0,2,306206,Hlynur Freyr Karlsson,Substitute,0,1,399427,32,399427.0,4620.0,77',0,0,-1,,,,2025-07-08 04:30:12
13086,725912,8221,away,1,4-2-3-1,1,0,25,146116,Davor Blazevic,Substitute,0,0,0,-1,,,,0,0,-1,,,,2025-07-08 04:30:12
13086,725913,2936,home,0,4-1-4-1,1,1,13,400366,Robin Wallinder,Goalkeeper,1,0,0,-1,,,,0,0,-1,,,,2025-07-08 04:30:12
13086,725913,2936,home,0,4-1-4-1,1,1,33,354345,Tatu Varmanen,Right Back,2,0,0,-1,,,,0,0,-1,,,,2025-07-08 04:30:12
13086,725913,2936,home,0,4-1-4-1,1,1,21,400371,Lars Bergquist,Left Back,3,0,0,-1,,,,0,0,-1,,,,2025-07-08 04:30:12
13086,725913,2936,home,0,4-1-4-1,1,1,8,385181,Daniel Ask,Defensive Midfielder,4,0,0,-1,,,,1,238868,26,238868.0,4380.0,73',2025-07-08 04:30:12
13086,725913,2936,home,0,4-1-4-1,1,1,5,354352,Mattis Adolfsson,Center Right Defender,5,0,0,-1,,,,0,0,-1,,,,2025-07-08 04:30:12
13086,725913,2936,home,0,4-1-4-1,1,1,3,380190,Kingsley Gyamfi,Center Left Defender,6,0,0,-1,,,,0,0,-1,,,,2025-07-08 04:30:12
13086,725913,2936,home,0,4-1-4-1,1,1,14,173508,Dennis Olsson,Right Midfielder,7,0,0,-1,,,,0,0,-1,,,,2025-07-08 04:30:12
13086,725913,2936,home,0,4-1-4-1,1,1,18,311161,Daniel Ljung,Center Right Midfielder,8,0,0,-1,,,,1,398188,9,398188.0,4800.0,80',2025-07-08 04:30:12
13086,725913,2936,home,0,4-1-4-1,1,1,20,217300,Alibek Aliev,Forward,9,0,0,-1,,,,1,400372,22,400372.0,5100.0,85',2025-07-08 04:30:12
13086,725913,2936,home,0,4-1-4-1,1,1,7,302001,David Seger,Center Left Midfielder,10,0,0,-1,,,,1,307747,6,307747.0,5160.0,86',2025-07-08 04:30:12
13086,725913,2936,home,0,4-1-4-1,1,1,19,289844,Matias Tamminen,Left Midfielder,11,0,0,-1,,,,1,222639,23,222639.0,4380.0,73',2025-07-08 04:30:12
13086,725913,2936,home,0,4-1-4-1,1,0,31,406930,Vincent Lind,Substitute,0,0,0,-1,,,,0,0,-1,,,,2025-07-08 04:30:12
13086,725913,2936,home,0,4-1-4-1,1,0,22,400372,Oskar Gabrielsson,Substitute,0,1,217300,20,217300.0,5100.0,85',0,0,-1,,,,2025-07-08 04:30:12
13086,725913,2936,home,0,4-1-4-1,1,0,32,400368,Carl Lundahl Persson,Substitute,0,0,0,-1,,,,0,0,-1,,,,2025-07-08 04:30:12
13086,725913,2936,home,0,4-1-4-1,1,0,16,349204,Raymond Adjei,Substitute,0,0,0,-1,,,,0,0,-1,,,,2025-07-08 04:30:12
13086,725913,2936,home,0,4-1-4-1,1,0,6,307747,Noah Soderberg,Substitute,0,1,302001,7,302001.0,5160.0,86',0,0,-1,,,,2025-07-08 04:30:12
13086,725913,2936,home,0,4-1-4-1,1,0,9,398188,Niklas Soderberg,Substitute,0,1,311161,18,311161.0,4800.0,80',0,0,-1,,,,2025-07-08 04:30:12
13086,725913,2936,home,0,4-1-4-1,1,0,23,222639,Vladimir Rodic,Substitute,0,1,289844,19,289844.0,4380.0,73',0,0,-1,,,,2025-07-08 04:30:12
13086,725913,2936,home,0,4-1-4-1,1,0,4,238435,Sebastian Starke Hedlund,Substitute,0,0,0,-1,,,,0,0,-1,,,,2025-07-08 04:30:12
13086,725913,2936,home,0,4-1-4-1,1,0,26,238868,Magnus Christensen,Substitute,0,1,385181,8,385181.0,4380.0,73',0,0,-1,,,,2025-07-08 04:30:12
13086,725913,20301,away,1,3-4-3,1,1,1,301377,Noel Törnqvist,Goalkeeper,1,0,0,-1,,,,0,0,-1,,,,2025-07-06 13:04:02
13086,725913,20301,away,1,3-4-3,1,1,14,312876,Herman Johansson,Right Midfielder,2,0,0,-1,,,,1,259548,13,259548.0,5220.0,87',2025-07-06 13:04:02
13086,725913,20301,away,1,3-4-3,1,1,11,269109,Timo Stavitski,Left Midfielder,3,0,0,-1,,,,1,346501,27,346501.0,4320.0,72',2025-07-06 13:04:02
13086,725913,20301,away,1,3-4-3,1,1,24,172917,Tom Pettersson,Center Left Defender,4,0,0,-1,,,,0,0,-1,,,,2025-07-06 13:04:02
13086,725913,20301,away,1,3-4-3,1,1,5,356281,Abdullah Iqbal,Center Defender,5,0,0,-1,,,,0,0,-1,,,,2025-07-06 13:04:02
13086,725913,20301,away,1,3-4-3,1,1,4,306289,Axel Norén,Center Right Defender,6,0,0,-1,,,,0,0,-1,,,,2025-07-06 13:04:02
13086,725913,20301,away,1,3-4-3,1,1,22,192793,Jesper Gustavsson,Center Right Midfielder,7,0,0,-1,,,,0,0,-1,,,,2025-07-06 13:04:02
13086,725913,20301,away,1,3-4-3,1,1,10,249171,Nicklas Rojkjaer,Center Left Midfielder,8,0,0,-1,,,,0,0,-1,,,,2025-07-06 13:04:02
13086,725913,20301,away,1,3-4-3,1,1,18,293925,Jacob Bergstrom,Forward,9,0,0,-1,,,,1,301382,16,301382.0,4320.0,72',2025-07-06 13:04:02
13086,725913,20301,away,1,3-4-3,1,1,7,303651,Viktor Gustafson,Center Right Forward,10,0,0,-1,,,,1,357118,26,357118.0,4500.0,75',2025-07-06 13:04:02
13086,725913,20301,away,1,3-4-3,1,1,19,380320,Abdoulie Manneh,Center Left Forward,11,0,0,-1,,,,1,389637,39,389637.0,5220.0,87',2025-07-06 13:04:02
13086,725913,20301,away,1,3-4-3,1,0,39,389637,Romeo Leandersson,Substitute,0,1,380320,19,380320.0,5220.0,87',0,0,-1,,,,2025-07-06 13:04:02
13086,725913,20301,away,1,3-4-3,1,0,26,357118,Uba Charles,Substitute,0,1,303651,7,303651.0,4500.0,75',0,0,-1,,,,2025-07-06 13:04:02
13086,725913,20301,away,1,3-4-3,1,0,25,346502,Argjend Miftari,Substitute,0,0,0,-1,,,,0,0,-1,,,,2025-07-06 13:04:02
13086,725913,20301,away,1,3-4-3,1,0,9,330245,Calvin Kabuye,Substitute,0,0,0,-1,,,,0,0,-1,,,,2025-07-06 13:04:02
13086,725913,20301,away,1,3-4-3,1,0,21,303653,Adam Petersson,Substitute,0,0,0,-1,,,,0,0,-1,,,,2025-07-06 13:04:02
13086,725913,20301,away,1,3-4-3,1,0,16,301382,Alexander Johansson,Substitute,0,1,293925,18,293925.0,4320.0,72',0,0,-1,,,,2025-07-06 13:04:02
13086,725913,20301,away,1,3-4-3,1,0,13,259548,Jakob Kiilerich,Substitute,0,1,312876,14,312876.0,5220.0,87',0,0,-1,,,,2025-07-06 13:04:02
13086,725913,20301,away,1,3-4-3,1,0,35,151931,Alexander Lundin,Substitute,0,0,0,-1,,,,0,0,-1,,,,2025-07-06 13:04:02
13086,725913,20301,away,1,3-4-3,1,0,27,346501,Ludvig Tidstrand,Substitute,0,1,269109,11,269109.0,4320.0,72',0,0,-1,,,,2025-07-06 13:04:02
13086,725914,994,home,1,5-4-1,1,1,15,133993,Kristoffer Nordfeldt,Goalkeeper,1,0,0,-1,,,,0,0,-1,,,,2025-07-13 19:30:51
13086,725914,994,home,1,5-4-1,1,1,17,229692,Mads Thychosen,Right Back,2,0,0,-1,,,,0,0,-1,,,,2025-07-14 04:28:08
13086,725914,994,home,1,5-4-1,1,1,46,406317,Yannick Geiger,Left Back,3,0,0,-1,,,,0,0,-1,,,,2025-07-14 04:28:08
13086,725914,994,home,1,5-4-1,1,1,3,258904,Thomas Isherwood,Center Left Defender,4,0,0,-1,,,,0,0,-1,,,,2025-07-13 19:30:51
13086,725914,994,home,1,5-4-1,1,1,4,223140,Sotiris Papagiannopoulos,Center Defender,5,0,0,-1,,,,0,0,-1,,,,2025-07-13 19:30:51
13086,725914,994,home,1,5-4-1,1,1,32,222606,Filip Benkovic,Center Right Defender,6,0,0,-1,,,,0,0,-1,,,,2025-07-14 04:28:08
13086,725914,994,home,1,5-4-1,1,1,45,347636,Taha Ayari,Right Midfielder,7,0,0,-1,,,,1,215152,10,215152.0,4380.0,73',2025-07-14 04:28:08
13086,725914,994,home,1,5-4-1,1,1,7,193105,Anton Saletros,Center Right Midfielder,8,0,0,-1,,,,0,0,-1,,,,2025-07-14 04:28:08
13086,725914,994,home,1,5-4-1,1,1,9,305500,Andronikos Kakoulis,Forward,9,0,0,-1,,,,1,146893,11,146893.0,4380.0,73',2025-07-13 19:30:51
13086,725914,994,home,1,5-4-1,1,1,33,322466,Áron Csongvai,Center Left Midfielder,10,0,0,-1,,,,0,0,-1,,,,2025-07-14 04:28:08
13086,725914,994,home,1,5-4-1,1,1,8,236162,Johan Hove,Left Midfielder,11,0,0,-1,,,,1,357135,18,357135.0,5100.0,85',2025-07-14 04:28:08
13086,725914,994,home,1,5-4-1,1,0,18,357135,Abdihakim Ali,Substitute,0,1,236162,8,236162.0,5100.0,85',0,0,-1,,,,2025-07-13 19:30:51
13086,725914,994,home,1,5-4-1,1,0,10,215152,Bersant Celina,Substitute,0,1,347636,45,347636.0,4380.0,73',0,0,-1,,,,2025-07-13 19:30:51
13086,725914,994,home,1,5-4-1,1,0,12,353460,Charlie Pavey,Substitute,0,0,0,-1,,,,0,0,-1,,,,2025-07-13 19:30:51
13086,725914,994,home,1,5-4-1,1,0,21,369996,Stanley Wilson,Substitute,0,0,0,-1,,,,0,0,-1,,,,2025-07-13 19:30:51
13086,725914,994,home,1,5-4-1,1,0,16,261614,Benjamin Hansen,Substitute,0,0,0,-1,,,,0,0,-1,,,,2025-08-08 04:46:27
13086,725914,994,home,1,5-4-1,1,0,30,218410,Kalle Joelsson,Substitute,0,0,0,-1,,,,0,0,-1,,,,2025-07-13 19:30:51
13086,725914,994,home,1,5-4-1,1,0,22,172923,Jere Uronen,Substitute,0,0,0,-1,,,,0,0,-1,,,,2025-07-13 19:30:51
13086,725914,994,home,1,5-4-1,1,0,11,146893,John Guidetti,Substitute,0,1,305500,9,305500.0,4380.0,73',0,0,-1,,,,2025-07-13 19:30:51
13086,725914,994,home,1,5-4-1,1,0,5,325409,Kazper Karlsson,Substitute,0,0,0,-1,,,,0,0,-1,,,,2025-07-13 19:30:51
13086,725914,20856,away,0,3-4-2-1,1,1,25,400140,Rasmus Forsell,Goalkeeper,1,0,0,-1,,,,0,0,-1,,,,2025-07-17 04:39:11
13086,725914,20856,away,0,3-4-2-1,1,1,2,256567,Mamadouba Diaby,Left Midfielder,3,0,0,-1,,,,1,236415,12,236415.0,4800.0,80',2025-07-17 04:39:11
13086,725914,20856,away,0,3-4-2-1,1,1,5,385769,Juhani Pikkarainen,Center Left Defender,4,0,0,-1,,,,0,0,-1,,,,2025-07-17 04:39:11
13086,725914,20856,away,0,3-4-2-1,1,1,4,301367,Leon Hien,Center Defender,5,0,0,-1,,,,1,205158,7,205158.0,4080.0,68',2025-07-17 04:39:11
13086,725914,20856,away,0,3-4-2-1,1,1,4,301367,Leon Hien,Center Defender,5,0,0,-1,,,,1,205158,7,205158.0,5400.0,90',2025-07-17 04:39:11
13086,725914,20856,away,0,3-4-2-1,1,1,6,235489,Daniel Sundgren,Center Right Defender,6,0,0,-1,,,,0,0,-1,,,,2025-07-17 04:39:11
13086,725914,20856,away,0,3-4-2-1,1,1,11,218520,Christos Gravius,Center Right Midfielder,7,0,0,-1,,,,0,0,-1,,,,2025-07-17 04:39:11
13086,725914,20856,away,0,3-4-2-1,1,1,8,301374,Nahom Netabay,Center Left Midfielder,8,0,0,-1,,,,0,0,-1,,,,2025-07-17 04:39:11
13086,725914,20856,away,0,3-4-2-1,1,1,19,333259,Omar Faraj,Forward,9,0,0,-1,,,,0,0,-1,,,,2025-07-17 04:39:11
13086,725914,20856,away,0,3-4-2-1,1,1,18,398189,Teo Grönborg,Center Right Forward,10,0,0,-1,,,,1,400142,22,400142.0,2700.0,45',2025-07-17 04:39:11
13086,725914,20856,away,0,3-4-2-1,1,1,10,364830,Marcus Rafferty,Center Left Forward,11,0,0,-1,,,,1,400141,20,400141.0,4080.0,68',2025-07-17 04:39:11
13086,725914,20856,away,0,3-4-2-1,1,0,21,398192,Elias Pihlström,Substitute,0,0,0,-1,,,,0,0,-1,,,,2025-07-17 04:39:11
13086,725914,20856,away,0,3-4-2-1,1,0,22,400142,Maill Lundgren,Substitute,0,1,398189,18,398189.0,2700.0,45',0,0,-1,,,,2025-07-17 04:39:11
13086,725914,20856,away,0,3-4-2-1,1,0,20,400141,Elias Barsoum,Substitute,0,1,364830,10,364830.0,4080.0,68',0,0,-1,,,,2025-07-17 04:39:11
13086,725914,20856,away,0,3-4-2-1,1,0,9,398190,Adi Fisic,Substitute,0,1,205158,7,205158.0,5400.0,90',0,0,-1,,,,2025-07-17 04:39:11
13086,725914,20856,away,0,3-4-2-1,1,0,23,357137,Alexander Hedén Lindskog,Substitute,0,0,0,-1,,,,0,0,-1,,,,2025-07-17 04:39:11
13086,725914,20856,away,0,3-4-2-1,1,0,15,324395,Nasiru Moro,Substitute,0,0,0,-1,,,,0,0,-1,,,,2025-07-17 04:39:11
13086,725914,20856,away,0,3-4-2-1,1,0,1,286770,Willie Jakobsson,Substitute,0,0,0,-1,,,,0,0,-1,,,,2025-07-17 04:39:11
13086,725914,20856,away,0,3-4-2-1,1,0,12,236415,Erik Lindell,Substitute,0,1,256567,2,256567.0,4800.0,80',0,0,-1,,,,2025-07-17 04:39:11
13086,725914,20856,away,0,3-4-2-1,1,0,9,398190,Adi Fisic,Substitute,0,1,205158,7,205158.0,4080.0,68',0,0,-1,,,,2025-07-17 04:39:11
13086,725914,20856,away,0,3-4-2-1,1,0,7,205158,Sebastian Ohlsson,Substitute,2,1,301367,4,301367.0,4080.0,68',1,398190,9,398190.0,5400.0,90',2025-07-17 04:39:11
13086,725915,8221,home,1,4-4-2,1,1,40,390019,Leo Cavallius,Goalkeeper,1,0,0,-1,,,,0,0,-1,,,,2025-07-13 19:30:51
13086,725915,8221,home,1,4-4-2,1,1,21,302691,Alex Timossi Andersson,Right Back,2,0,0,-1,,,,0,0,-1,,,,2025-07-13 19:30:51
13086,725915,8221,home,1,4-4-2,1,1,6,313932,Oliver Zandén,Left Back,3,0,0,-1,,,,0,0,-1,,,,2025-07-13 19:30:51
13086,725915,8221,home,1,4-4-2,1,1,24,257624,Kevin Ackermann,Center Right Midfielder,4,0,0,-1,,,,1,356378,10,356378.0,4860.0,81',2025-07-13 19:30:51
13086,725915,8221,home,1,4-4-2,1,1,3,162464,Even Hovland,Center Right Defender,5,0,0,-1,,,,0,0,-1,,,,2025-07-13 19:30:51
13086,725915,8221,home,1,4-4-2,1,1,4,208616,Eric Bjorkander,Center Left Defender,6,0,0,-1,,,,0,0,-1,,,,2025-07-13 19:30:51
13086,725915,8221,home,1,4-4-2,1,1,19,243322,Daleho Irandust,Right Midfielder,7,0,0,-1,,,,1,399423,31,399423.0,4140.0,69',2025-07-13 19:30:51
13086,725915,8221,home,1,4-4-2,1,1,5,251486,Serge-Junior Martinsson Ngouali,Center Left Midfielder,8,0,0,-1,,,,0,0,-1,,,,2025-07-13 19:30:51
13086,725915,8221,home,1,4-4-2,1,1,16,274984,Adam Jakobsen,Center Left Forward,9,0,0,-1,,,,1,399427,32,399427.0,5100.0,85',2025-07-13 19:30:51
13086,725915,8221,home,1,4-4-2,1,1,23,399426,Ezekiel Alladoh,Center Right Forward,10,0,0,-1,,,,0,0,-1,,,,2025-07-13 19:30:51
13086,725915,8221,home,1,4-4-2,1,1,7,320883,Victor Lind,Left Midfielder,11,0,0,-1,,,,0,0,-1,,,,2025-07-13 19:30:51
13086,725915,8221,home,1,4-4-2,1,0,25,146116,Davor Blazevic,Substitute,0,0,0,-1,,,,0,0,-1,,,,2025-07-13 19:30:51
13086,725915,8221,home,1,4-4-2,1,0,39,134643,Nabil Bahoui,Substitute,0,0,0,-1,,,,0,0,-1,,,,2025-07-13 19:30:51
13086,725915,8221,home,1,4-4-2,1,0,11,336115,Rasmus Örqvist,Substitute,0,0,0,-1,,,,0,0,-1,,,,2025-07-13 19:30:51
13086,725915,8221,home,1,4-4-2,1,0,27,347458,Kaare Barslund,Substitute,0,0,0,-1,,,,0,0,-1,,,,2025-07-13 19:30:51
13086,725915,8221,home,1,4-4-2,1,0,10,356378,Wilmer Odefalk,Substitute,0,1,257624,24,257624.0,4860.0,81',0,0,-1,,,,2025-07-13 19:30:51
13086,725915,8221,home,1,4-4-2,1,0,17,357143,Anton Kurochkin,Substitute,0,0,0,-1,,,,0,0,-1,,,,2025-07-13 19:30:51
13086,725915,8221,home,1,4-4-2,1,0,31,399423,Love Arrhov,Substitute,0,1,243322,19,243322.0,4140.0,69',0,0,-1,,,,2025-07-13 19:30:51
13086,725915,8221,home,1,4-4-2,1,0,32,399427,Oskar Cotton,Substitute,0,1,274984,16,274984.0,5100.0,85',0,0,-1,,,,2025-07-13 19:30:51
13086,725915,8221,home,1,4-4-2,1,0,28,195090,Isak Ssewankambo,Substitute,0,0,0,-1,,,,0,0,-1,,,,2025-07-13 19:30:51
13086,725915,2936,away,0,4-1-4-1,1,1,13,400366,Robin Wallinder,Goalkeeper,1,0,0,-1,,,,0,0,-1,,,,2025-07-13 19:30:51
13086,725915,2936,away,0,4-1-4-1,1,1,33,354345,Tatu Varmanen,Right Back,2,0,0,-1,,,,1,217300,20,217300.0,2700.0,45',2025-07-13 19:30:51
13086,725915,2936,away,0,4-1-4-1,1,1,21,400371,Lars Bergquist,Left Back,3,0,0,-1,,,,0,0,-1,,,,2025-07-13 19:30:51
13086,725915,2936,away,0,4-1-4-1,1,1,3,380190,Kingsley Gyamfi,Defensive Midfielder,4,0,0,-1,,,,0,0,-1,,,,2025-07-13 19:30:51
13086,725915,2936,away,0,4-1-4-1,1,1,5,354352,Mattis Adolfsson,Center Right Defender,5,0,0,-1,,,,0,0,-1,,,,2025-07-13 19:30:51
13086,725915,2936,away,0,4-1-4-1,1,1,15,316395,Ivan Kricak,Center Left Defender,6,0,0,-1,,,,0,0,-1,,,,2025-07-13 19:30:51
13086,725915,2936,away,0,4-1-4-1,1,1,10,334005,Oscar Uddenas,Right Midfielder,7,0,0,-1,,,,1,289844,19,289844.0,4500.0,75',2025-07-13 19:30:51
13086,725915,2936,away,0,4-1-4-1,1,1,18,311161,Daniel Ljung,Center Right Midfielder,8,0,0,-1,,,,0,0,-1,,,,2025-07-13 19:30:51
13086,725915,2936,away,0,4-1-4-1,1,1,34,332413,Joel Voelkerling Persson,Forward,9,0,0,-1,,,,1,173508,14,173508.0,5160.0,86',2025-07-13 19:30:51
13086,725915,2936,away,0,4-1-4-1,1,1,8,385181,Daniel Ask,Center Left Midfielder,10,0,0,-1,,,,0,0,-1,,,,2025-07-13 19:30:51
13086,725915,2936,away,0,4-1-4-1,1,1,24,312874,Patriot Sejdiu,Left Midfielder,11,0,0,-1,,,,1,222639,23,222639.0,3720.0,62',2025-07-13 19:30:51
13086,725915,2936,away,0,4-1-4-1,1,0,20,217300,Alibek Aliev,Substitute,0,1,354345,33,354345.0,2700.0,45',0,0,-1,,,,2025-07-13 19:30:51
13086,725915,2936,away,0,4-1-4-1,1,0,14,173508,Dennis Olsson,Substitute,0,1,332413,34,332413.0,5160.0,86',0,0,-1,,,,2025-07-13 19:30:51
13086,725915,2936,away,0,4-1-4-1,1,0,23,222639,Vladimir Rodic,Substitute,0,1,312874,24,312874.0,3720.0,62',0,0,-1,,,,2025-07-13 19:30:51
13086,725915,2936,away,0,4-1-4-1,1,0,4,238435,Sebastian Starke Hedlund,Substitute,0,0,0,-1,,,,0,0,-1,,,,2025-07-13 19:30:51
13086,725915,2936,away,0,4-1-4-1,1,0,19,289844,Matias Tamminen,Substitute,0,1,334005,10,334005.0,4500.0,75',0,0,-1,,,,2025-07-13 19:30:51
13086,725915,2936,away,0,4-1-4-1,1,0,6,307747,Noah Soderberg,Substitute,0,0,0,-1,,,,0,0,-1,,,,2025-07-13 19:30:51
13086,725915,2936,away,0,4-1-4-1,1,0,26,238868,Magnus Christensen,Substitute,0,0,0,-1,,,,0,0,-1,,,,2025-07-13 19:30:51
13086,725915,2936,away,0,4-1-4-1,1,0,9,398188,Niklas Soderberg,Substitute,0,0,0,-1,,,,0,0,-1,,,,2025-07-13 19:30:51
13086,725915,2936,away,0,4-1-4-1,1,0,12,399629,Lukas Pihlblad,Substitute,0,0,0,-1,,,,0,0,-1,,,,2025-07-13 19:30:51
13086,725916,8222,home,1,4-3-3,1,1,1,312877,Mergim Krasniqi,Goalkeeper,1,0,0,-1,,,,0,0,-1,,,,2025-07-13 19:30:51
13086,725916,8222,home,1,4-3-3,1,1,6,378806,August Wängberg,Right Back,2,0,0,-1,,,,0,0,-1,,,,2025-07-13 19:30:51
13086,725916,8222,home,1,4-3-3,1,1,5,379958,Robin Wendin Thomasson,Left Back,3,0,0,-1,,,,1,400217,2,400217.0,5400.0,90'+2',2025-07-13 19:30:51
13086,725916,8222,home,1,4-3-3,1,1,18,313931,Kevin Holmén,Center Midfielder,4,0,0,-1,,,,0,0,-1,,,,2025-07-13 19:30:51
13086,725916,8222,home,1,4-3-3,1,1,12,356377,Robin Frej,Center Right Defender,5,0,0,-1,,,,0,0,-1,,,,2025-07-13 19:30:51
13086,725916,8222,home,1,4-3-3,1,1,4,333728,Oskar Ågren,Center Left Defender,6,0,0,-1,,,,1,378826,24,378826.0,5400.0,90'+2',2025-07-13 19:30:51
13086,725916,8222,home,1,4-3-3,1,1,8,312852,William Milovanovic,Right Midfielder,7,0,0,-1,,,,0,0,-1,,,,2025-07-13 19:30:51
13086,725916,8222,home,1,4-3-3,1,1,10,347031,Amin Boudri,Left Midfielder,8,0,0,-1,,,,1,334033,11,334033.0,5160.0,86',2025-07-13 19:30:51
13086,725916,8222,home,1,4-3-3,1,1,19,308726,Ibrahim Diabate,Forward,9,0,0,-1,,,,1,149765,25,149765.0,5400.0,90'+2',2025-08-10 04:44:46
13086,725916,8222,home,1,4-3-3,1,1,9,378816,Gustav Lundgren,Right Forward,10,0,0,-1,,,,0,0,-1,,,,2025-07-13 19:30:51
13086,725916,8222,home,1,4-3-3,1,1,16,400221,Rasmus Niklasson Petrovic,Left Forward,11,0,0,-1,,,,1,315674,21,315674.0,4020.0,67',2025-07-13 19:30:51
13086,725916,8222,home,1,4-3-3,1,0,11,334033,Edvin Becirovic,Substitute,0,1,347031,10,347031.0,5160.0,86',0,0,-1,,,,2025-07-13 19:30:51
13086,725916,8222,home,1,4-3-3,1,0,21,315674,Axel Henriksson,Substitute,0,1,400221,16,400221.0,4020.0,67',0,0,-1,,,,2025-07-13 19:30:51
13086,725916,8222,home,1,4-3-3,1,0,13,360878,Kees Sims,Substitute,0,0,0,-1,,,,0,0,-1,,,,2025-07-13 19:30:51
13086,725916,8222,home,1,4-3-3,1,0,25,149765,Jonas Lindberg,Substitute,0,1,308726,19,308726.0,5400.0,90'+2',0,0,-1,,,,2025-07-13 19:30:51
13086,725916,8222,home,1,4-3-3,1,0,17,364732,Frosti Thorkelsson,Substitute,0,0,0,-1,,,,0,0,-1,,,,2025-07-13 19:30:51
13086,725916,8222,home,1,4-3-3,1,0,7,378811,Joackim Åberg,Substitute,0,0,0,-1,,,,0,0,-1,,,,2025-07-13 19:30:51
13086,725916,8222,home,1,4-3-3,1,0,22,378820,Anes Cardaklija,Substitute,0,0,0,-1,,,,0,0,-1,,,,2025-07-13 19:30:51
13086,725916,8222,home,1,4-3-3,1,0,24,378826,Filip Beckman,Substitute,0,1,333728,4,333728.0,5400.0,90'+2',0,0,-1,,,,2025-07-13 19:30:51
13086,725916,8222,home,1,4-3-3,1,0,2,400217,Matteo de Brienne,Substitute,0,1,379958,5,379958.0,5400.0,90'+2',0,0,-1,,,,2025-07-13 19:30:51
13086,725916,2495,away,0,4-1-3-2,1,1,1,170727,Warner Hahn,Goalkeeper,1,0,0,-1,,,,0,0,-1,,,,2025-07-13 19:30:51
13086,725916,2495,away,0,4-1-3-2,1,1,2,382504,Hampus Skoglund,Right Back,2,0,0,-1,,,,0,0,-1,,,,2025-07-13 19:30:51
13086,725916,2495,away,0,4-1-3-2,1,1,3,272714,Frederik Winther,Left Back,3,0,0,-1,,,,1,359099,29,359099.0,3960.0,66',2025-07-13 19:30:51
13086,725916,2495,away,0,4-1-3-2,1,1,21,269195,Simon Strand,Sweeper,4,0,0,-1,,,,0,0,-1,,,,2025-07-13 19:30:51
13086,725916,2495,away,0,4-1-3-2,1,1,4,334038,Victor Eriksson,Center Right Defender,5,0,0,-1,,,,0,0,-1,,,,2025-07-13 19:30:51
13086,725916,2495,away,0,4-1-3-2,1,1,6,249160,Pavle Vagic,Center Left Defender,6,0,0,-1,,,,0,0,-1,,,,2025-07-13 19:30:51
13086,725916,2495,away,0,4-1-3-2,1,1,8,22967,Markus Karlsson,Right Midfielder,7,0,0,-1,,,,0,0,-1,,,,2025-07-13 19:30:51
13086,725916,2495,away,0,4-1-3-2,1,1,5,218436,Tesfaldet Tekie,Center Midfielder,8,0,0,-1,,,,1,315675,9,315675.0,4980.0,83',2025-07-13 19:30:51
13086,725916,2495,away,0,4-1-3-2,1,1,23,313974,Abdelrahman Boudah Saidi,Center Right Forward,9,0,0,-1,,,,1,205374,11,205374.0,3900.0,65',2025-07-13 19:30:51
13086,725916,2495,away,0,4-1-3-2,1,1,20,143585,Nahir Besara,Center Left Forward,10,0,0,-1,,,,1,303670,7,303670.0,3960.0,66',2025-07-13 19:30:51
13086,725916,2495,away,0,4-1-3-2,1,1,18,303702,Sebastian Tounekti,Left Midfielder,11,0,0,-1,,,,1,312880,26,312880.0,4980.0,83',2025-07-13 19:30:51
13086,725916,2495,away,0,4-1-3-2,1,0,15,380970,Adrian Lahdo,,0,0,0,-1,,,,0,0,-1,,,,2025-07-13 19:30:51
13086,725916,2495,away,0,4-1-3-2,1,0,9,315675,Jusef Erabi,,0,1,218436,5,218436.0,4980.0,83',0,0,-1,,,,2025-07-13 19:30:51
13086,725916,2495,away,0,4-1-3-2,1,0,17,313464,Ibrahima Fofana,,0,0,0,-1,,,,0,0,-1,,,,2025-08-09 04:48:17
13086,725916,2495,away,0,4-1-3-2,1,0,26,312880,Montader Madjed,,0,1,303702,18,303702.0,4980.0,83',0,0,-1,,,,2025-07-13 19:30:51
13086,725916,2495,away,0,4-1-3-2,1,0,7,303670,Paulos Abraham,,0,1,143585,20,143585.0,3960.0,66',0,0,-1,,,,2025-07-13 19:30:51
13086,725916,2495,away,0,4-1-3-2,1,0,27,301372,Felix Jakobsson,,0,0,0,-1,,,,0,0,-1,,,,2025-07-13 19:30:51
13086,725916,2495,away,0,4-1-3-2,1,0,22,210020,Jacob Ortmark,,0,0,0,-1,,,,0,0,-1,,,,2025-08-08 04:46:27
13086,725916,2495,away,0,4-1-3-2,1,0,11,205374,Oscar Johansson Schellhas,,0,1,313974,23,313974.0,3900.0,65',0,0,-1,,,,2025-07-13 19:30:51
13086,725916,2495,away,0,4-1-3-2,1,0,29,359099,Elohim Kaboré,,0,1,272714,3,272714.0,3960.0,66',0,0,-1,,,,2025-07-13 19:30:51
13086,725917,7834,home,1,4-2-3-1,1,1,99,125312,Etrit Berisha,Goalkeeper,1,0,0,-1,,,,0,0,-1,,,,2025-07-14 04:28:08
13086,725917,7834,home,1,4-2-3-1,1,1,11,378812,Julius Lindberg,Right Back,2,0,0,-1,,,,1,361537,13,361537.0,3600.0,60',2025-07-14 04:28:08
13086,725917,7834,home,1,4-2-3-1,1,1,17,330551,Ben Engdahl,Left Back,3,0,0,-1,,,,0,0,-1,,,,2025-07-14 04:28:08
13086,725917,7834,home,1,4-2-3-1,1,1,15,356369,Samuel Leach Holm,Left Midfielder,4,0,0,-1,,,,0,0,-1,,,,2025-07-14 04:28:08
13086,725917,7834,home,1,4-2-3-1,1,1,4,271086,Marius Lode,Center Right Defender,5,0,0,-1,,,,1,380234,22,380234.0,4620.0,77',2025-07-14 04:28:08
13086,725917,7834,home,1,4-2-3-1,1,1,23,336672,Olle Samuelsson,Center Left Defender,6,0,0,-1,,,,0,0,-1,,,,2025-07-14 04:28:08
13086,725917,7834,home,1,4-2-3-1,1,1,24,271087,Amor Layouni,Attacking Midfielder Right,7,0,0,-1,,,,1,357139,16,357139.0,3540.0,59',2025-07-14 04:28:08
13086,725917,7834,home,1,4-2-3-1,1,1,8,355408,Silas Andersen,Right Midfielder,8,0,0,-1,,,,1,407096,31,407096.0,4140.0,69',2025-07-14 04:28:08
13086,725917,7834,home,1,4-2-3-1,1,1,39,364749,Isak Brusberg,Forward,9,0,0,-1,,,,0,0,-1,,,,2025-07-14 04:28:08
13086,725917,7834,home,1,4-2-3-1,1,1,20,407050,Adrian Svanbäck,Attacking Midfielder,10,0,0,-1,,,,0,0,-1,,,,2025-07-14 04:28:08
13086,725917,7834,home,1,4-2-3-1,1,1,7,343960,Sanders Ngabo,Attacking Midfielder Left,11,0,0,-1,,,,1,366829,29,366829.0,3540.0,59',2025-07-14 04:28:08
13086,725917,7834,home,1,4-2-3-1,1,0,14,185916,Simon Gustafson,Substitute,0,0,0,-1,,,,0,0,-1,,,,2025-07-14 04:28:08
13086,725917,7834,home,1,4-2-3-1,1,0,1,177546,Andreas Linde,Substitute,0,0,0,-1,,,,0,0,-1,,,,2025-07-14 04:28:08
13086,725917,7834,home,1,4-2-3-1,1,0,16,357139,Pontus Dahbo,Substitute,0,1,271087,24,271087.0,3540.0,59',0,0,-1,,,,2025-07-14 04:28:08
13086,725917,7834,home,1,4-2-3-1,1,0,13,361537,Sigge Jansson,Substitute,0,1,378812,11,378812.0,3600.0,60',0,0,-1,,,,2025-07-14 04:28:08
13086,725917,7834,home,1,4-2-3-1,1,0,9,360958,Srdjan Hrstic,Substitute,0,0,0,-1,,,,0,0,-1,,,,2025-07-14 04:28:08
13086,725917,7834,home,1,4-2-3-1,1,0,29,366829,Severin Nioule,Substitute,0,1,343960,7,343960.0,3540.0,59',0,0,-1,,,,2025-07-14 04:28:08
13086,725917,7834,home,1,4-2-3-1,1,0,22,380234,Nikola Zecevic,Substitute,0,1,271086,4,271086.0,4620.0,77',0,0,-1,,,,2025-07-14 04:28:08
13086,725917,7834,home,1,4-2-3-1,1,0,44,393324,Harry Hilvenius,Substitute,0,0,0,-1,,,,0,0,-1,,,,2025-07-14 04:28:08
13086,725917,7834,home,1,4-2-3-1,1,0,31,407096,Lasse Madsen,Substitute,0,1,355408,8,355408.0,4140.0,69',0,0,-1,,,,2025-07-14 04:28:08
13086,725917,3017,away,0,5-4-1,1,1,12,195094,Tim Erlandsson,Goalkeeper,1,0,0,-1,,,,0,0,-1,,,,2025-07-14 04:28:08
13086,725917,3017,away,0,5-4-1,1,1,11,357140,Villiam Granath,Right Back,2,0,0,-1,,,,0,0,-1,,,,2025-07-14 04:28:08
13086,725917,3017,away,0,5-4-1,1,1,20,317094,Pawel Chrupalla,Left Back,3,0,0,-1,,,,0,0,-1,,,,2025-07-14 04:28:08
13086,725917,3017,away,0,5-4-1,1,1,21,121282,Marcus Olsson,Center Left Defender,4,0,0,-1,,,,0,0,-1,,,,2025-07-14 04:28:08
13086,725917,3017,away,0,5-4-1,1,1,5,178687,Pascal Gregor,Center Defender,5,0,0,-1,,,,0,0,-1,,,,2025-07-14 04:28:08
13086,725917,3017,away,0,5-4-1,1,1,2,381647,Bleon Kurtulus,Center Right Defender,6,0,0,-1,,,,0,0,-1,,,,2025-07-14 04:28:08
13086,725917,3017,away,0,5-4-1,1,1,29,399508,Erik Arvidsson,Right Midfielder,7,0,0,-1,,,,1,334002,28,334002.0,2700.0,45',2025-07-14 04:28:08
13086,725917,3017,away,0,5-4-1,1,1,6,147211,Joel Allansson,Center Right Midfielder,8,0,0,-1,,,,1,359293,26,359293.0,4320.0,72',2025-07-14 04:28:08
13086,725917,3017,away,0,5-4-1,1,1,9,329971,Yannick Agnero,Forward,9,0,0,-1,,,,1,159454,14,159454.0,5220.0,87',2025-07-14 04:28:08
13086,725917,3017,away,0,5-4-1,1,1,25,321176,Aleksander Damnjanovic,Center Left Midfielder,10,0,0,-1,,,,0,0,-1,,,,2025-07-14 04:28:08
13086,725917,3017,away,0,5-4-1,1,1,8,289719,Niilo Mäenpää,Left Midfielder,11,0,0,-1,,,,1,237843,13,237843.0,2700.0,45',2025-07-14 04:28:08
13086,725917,3017,away,0,5-4-1,1,0,19,401274,Marvin Illary,Substitute,0,0,0,-1,,,,0,0,-1,,,,2025-07-14 04:28:08
13086,725917,3017,away,0,5-4-1,1,0,26,359293,Mans Andersson,Substitute,0,1,147211,6,147211.0,4320.0,72',0,0,-1,,,,2025-07-14 04:28:08
13086,725917,3017,away,0,5-4-1,1,0,3,357142,Gabriel Wallentin,Substitute,0,0,0,-1,,,,0,0,-1,,,,2025-07-14 04:28:08
13086,725917,3017,away,0,5-4-1,1,0,28,334002,Malte Persson,Substitute,0,1,399508,29,399508.0,2700.0,45',0,0,-1,,,,2025-07-14 04:28:08
13086,725917,3017,away,0,5-4-1,1,0,4,289329,Filip Schyberg,Substitute,0,0,0,-1,,,,0,0,-1,,,,2025-07-14 04:28:08
13086,725917,3017,away,0,5-4-1,1,0,7,289218,Birnir Snær Ingason,Substitute,0,0,0,-1,,,,0,0,-1,,,,2025-07-14 04:28:08
13086,725917,3017,away,0,5-4-1,1,0,1,264481,Tim Rönning,Substitute,0,0,0,-1,,,,0,0,-1,,,,2025-07-14 04:28:08
13086,725917,3017,away,0,5-4-1,1,0,13,237843,Gíisli Eyjólfsson,Substitute,0,1,289719,8,289719.0,2700.0,45',0,0,-1,,,,2025-07-14 04:28:08
13086,725917,3017,away,0,5-4-1,1,0,14,159454,Blair Turgott,Substitute,0,1,329971,9,329971.0,5220.0,87',0,0,-1,,,,2025-07-14 04:28:08
13086,725918,2556,home,0,4-2-3-1,1,1,25,359784,Elis Bishesari,Goalkeeper,1,0,0,-1,,,,0,0,-1,,,,2025-07-13 04:31:51
13086,725918,2556,home,0,4-2-3-1,1,1,29,343958,Thomas Santos,Right Back,2,0,0,-1,,,,0,0,-1,,,,2025-07-13 04:31:51
13086,725918,2556,home,0,4-2-3-1,1,1,22,383948,Noah Tolf,Left Back,3,0,0,-1,,,,0,0,-1,,,,2025-07-13 04:31:51
13086,725918,2556,home,0,4-2-3-1,1,1,15,307947,David Kruse,Left Midfielder,4,0,0,-1,,,,0,0,-1,,,,2025-07-13 04:31:51
13086,725918,2556,home,0,4-2-3-1,1,1,5,220974,Jonas Bager,Center Right Defender,5,0,0,-1,,,,0,0,-1,,,,2025-07-13 04:31:51
13086,725918,2556,home,0,4-2-3-1,1,1,3,241163,August Erlingmark,Center Left Defender,6,0,0,-1,,,,0,0,-1,,,,2025-07-13 04:31:51
13086,725918,2556,home,0,4-2-3-1,1,1,7,390390,Sebastian Clemmensen,Attacking Midfielder Right,7,0,0,-1,,,,1,297099,11,297099.0,4080.0,68',2025-07-13 04:31:51
13086,725918,2556,home,0,4-2-3-1,1,1,23,289882,Kolbeinn Thordarson,Right Midfielder,8,0,0,-1,,,,0,0,-1,,,,2025-07-13 04:31:51
13086,725918,2556,home,0,4-2-3-1,1,1,9,303768,Max Fenger,Forward,9,0,0,-1,,,,0,0,-1,,,,2025-07-13 04:31:51
13086,725918,2556,home,0,4-2-3-1,1,1,8,297985,Imam Jagne,Attacking Midfielder,10,0,0,-1,,,,1,343826,16,343826.0,2700.0,45',2025-07-13 04:31:51
13086,725918,2556,home,0,4-2-3-1,1,1,14,219163,Tobias Heintz,Attacking Midfielder Left,11,0,0,-1,,,,0,0,-1,,,,2025-07-13 04:31:51
13086,725918,2556,home,0,4-2-3-1,1,0,10,336395,Hussein Carneil,Substitute,0,0,0,-1,,,,0,0,-1,,,,2025-07-13 04:31:51
13086,725918,2556,home,0,4-2-3-1,1,0,11,297099,Saidou Alioum Moubarak,Substitute,0,1,390390,7,390390.0,4080.0,68',0,0,-1,,,,2025-07-13 04:31:51
13086,725918,2556,home,0,4-2-3-1,1,0,1,235504,Pontus Dahlberg,Substitute,0,0,0,-1,,,,0,0,-1,,,,2025-07-13 04:31:51
13086,725918,2556,home,0,4-2-3-1,1,0,16,343826,Linus Carlstrand,Substitute,0,1,297985,8,297985.0,2700.0,45',0,0,-1,,,,2025-07-13 04:31:51
13086,725918,2556,home,0,4-2-3-1,1,0,4,366598,Rockson Yeboah,Substitute,0,0,0,-1,,,,0,0,-1,,,,2025-07-13 04:31:51
13086,725918,2556,home,0,4-2-3-1,1,0,26,380238,Benjamin Brantlind,Substitute,0,0,0,-1,,,,0,0,-1,,,,2025-07-13 04:31:51
13086,725918,2556,home,0,4-2-3-1,1,0,27,401205,Alfons Borén,Substitute,0,0,0,-1,,,,0,0,-1,,,,2025-07-13 04:31:51
13086,725918,529,away,1,5-3-2,1,1,1,400222,Simon Eriksson,Goalkeeper,1,0,0,-1,,,,0,0,-1,,,,2025-07-13 04:31:51
13086,725918,529,away,1,5-3-2,1,1,15,173040,Simon Hedlund,Right Back,2,0,0,-1,,,,0,0,-1,,,,2025-07-13 04:31:51
13086,725918,529,away,1,5-3-2,1,1,23,134644,Niklas Hult,Left Back,3,0,0,-1,,,,1,389426,28,389426.0,4320.0,72',2025-07-13 04:31:51
13086,725918,529,away,1,5-3-2,1,1,2,380023,Terry Yegbe,Center Left Defender,4,0,0,-1,,,,0,0,-1,,,,2025-07-13 04:31:51
13086,725918,529,away,1,5-3-2,1,1,29,341452,Ibrahim Buhari,Center Defender,5,0,0,-1,,,,0,0,-1,,,,2025-07-13 04:31:51
13086,725918,529,away,1,5-3-2,1,1,6,286729,Rasmus Wikstrom,Center Right Defender,6,0,0,-1,,,,0,0,-1,,,,2025-07-13 04:31:51
13086,725918,529,away,1,5-3-2,1,1,10,245883,Simon Olsson,Center Right Midfielder,7,0,0,-1,,,,1,146012,13,146012.0,5340.0,89',2025-07-13 04:31:51
13086,725918,529,away,1,5-3-2,1,1,7,218707,Jens Jakob Thomasen,Center Midfielder,8,0,0,-1,,,,1,305401,18,305401.0,3420.0,57',2025-07-13 04:31:51
13086,725918,529,away,1,5-3-2,1,1,11,303614,Taylor Silverholt,Center Left Forward,9,0,0,-1,,,,1,362584,20,362584.0,4320.0,72',2025-07-13 04:31:51
13086,725918,529,away,1,5-3-2,1,1,24,304180,Frederik Ihler,Center Right Forward,10,0,0,-1,,,,1,174501,17,174501.0,4320.0,72',2025-07-13 04:31:51
13086,725918,529,away,1,5-3-2,1,1,27,334024,Besfort Zeneli,Center Left Midfielder,11,0,0,-1,,,,0,0,-1,,,,2025-07-13 04:31:51
13086,725918,529,away,1,5-3-2,1,0,9,202705,Arbër Zeneli,Substitute,0,0,0,-1,,,,0,0,-1,,,,2025-07-13 04:31:51
13086,725918,529,away,1,5-3-2,1,0,13,146012,Johan Larsson,Substitute,0,1,245883,10,245883.0,5340.0,89',0,0,-1,,,,2025-07-13 04:31:51
13086,725918,529,away,1,5-3-2,1,0,18,305401,Júlíus Magnússon,Substitute,0,1,218707,7,218707.0,3420.0,57',0,0,-1,,,,2025-07-13 04:31:51
13086,725918,529,away,1,5-3-2,1,0,25,342093,Ari Sigurpálsson,Substitute,0,0,0,-1,,,,0,0,-1,,,,2025-07-13 04:31:51
13086,725918,529,away,1,5-3-2,1,0,4,202682,Daniel Granli,Substitute,0,0,0,-1,,,,0,0,-1,,,,2025-07-13 04:31:51
13086,725918,529,away,1,5-3-2,1,0,28,389426,Frode Aronsson,Substitute,0,1,134644,23,134644.0,4320.0,72',0,0,-1,,,,2025-07-13 04:31:51
13086,725918,529,away,1,5-3-2,1,0,20,362584,Gottfrid Rapp,Substitute,0,1,303614,11,303614.0,4320.0,72',0,0,-1,,,,2025-07-13 04:31:51
13086,725918,529,away,1,5-3-2,1,0,17,174501,Per Frick,Substitute,0,1,304180,24,304180.0,4320.0,72',0,0,-1,,,,2025-07-13 04:31:51
13086,725918,529,away,1,5-3-2,1,0,30,176191,Lucas Hägg Johansson,Substitute,0,0,0,-1,,,,0,0,-1,,,,2025-07-13 04:31:51
13086,725919,2720,home,1,5-3-2,1,1,30,178176,Robin Olsen,Goalkeeper,1,0,0,-1,,,,0,0,-1,,,,2025-07-13 04:31:51
13086,725919,2720,home,1,5-3-2,1,1,2,9101,Johan Karlsson,Right Back,2,0,0,-1,,,,0,0,-1,,,,2025-07-13 04:31:51
13086,725919,2720,home,1,5-3-2,1,1,25,301219,Busanello,Left Back,3,0,0,-1,,,,0,0,-1,,,,2025-07-13 04:31:51
13086,725919,2720,home,1,5-3-2,1,1,35,380679,Nils Zätterström,Center Left Defender,4,0,0,-1,,,,0,0,-1,,,,2025-07-13 04:31:51
13086,725919,2720,home,1,5-3-2,1,1,18,135579,Pontus Jansson,Center Defender,5,0,0,-1,,,,1,162738,6,162738.0,5100.0,85',2025-07-13 04:31:51
13086,725919,2720,home,1,5-3-2,1,1,17,193186,Jens Stryger Larsen,Center Right Defender,6,0,0,-1,,,,0,0,-1,,,,2025-07-13 04:31:51
13086,725919,2720,home,1,5-3-2,1,1,23,286434,Lasse Berg Johnsen,Center Right Midfielder,7,0,0,-1,,,,0,0,-1,,,,2025-07-13 04:31:51
13086,725919,2720,home,1,5-3-2,1,1,7,315679,Otto Rosengren,Center Midfielder,8,0,0,-1,,,,1,381395,40,381395.0,4680.0,78',2025-07-13 04:31:51
13086,725919,2720,home,1,5-3-2,1,1,9,166657,Isaac Kiese Thelin,Center Left Forward,9,0,0,-1,,,,1,314164,22,314164.0,3840.0,64',2025-07-13 04:31:51
13086,725919,2720,home,1,5-3-2,1,1,29,218450,Sead Haksabanovic,Center Right Forward,10,0,0,-1,,,,1,308880,11,308880.0,4680.0,78',2025-07-13 04:31:51
13086,725919,2720,home,1,5-3-2,1,1,38,330239,Hugo Bolin,Center Left Midfielder,11,0,0,-1,,,,1,255228,8,255228.0,4680.0,78',2025-07-13 04:31:51
13086,725919,2720,home,1,5-3-2,1,0,6,162738,Oscar Lewicki,Substitute,0,1,135579,18,135579.0,5100.0,85',0,0,-1,,,,2025-07-13 04:31:51
13086,725919,2720,home,1,5-3-2,1,0,40,381395,Kenan Busuladzic,Substitute,0,1,315679,7,315679.0,4680.0,78',0,0,-1,,,,2025-07-13 04:31:51
13086,725919,2720,home,1,5-3-2,1,0,34,368582,Zakaria Loukili,Substitute,0,0,0,-1,,,,0,0,-1,,,,2025-07-13 04:31:51
13086,725919,2720,home,1,5-3-2,1,0,37,364698,Adrian Skogmar,Substitute,0,0,0,-1,,,,0,0,-1,,,,2025-07-13 04:31:51
13086,725919,2720,home,1,5-3-2,1,0,22,314164,Taha Ali,Substitute,0,1,166657,9,166657.0,3840.0,64',0,0,-1,,,,2025-07-13 04:31:51
13086,725919,2720,home,1,5-3-2,1,0,11,308880,Emmanuel Ekong,Substitute,0,1,218450,29,218450.0,4680.0,78',0,0,-1,,,,2025-07-13 04:31:51
13086,725919,2720,home,1,5-3-2,1,0,33,307800,Melker Ellborg,Substitute,0,0,0,-1,,,,0,0,-1,,,,2025-07-13 04:31:51
13086,725919,2720,home,1,5-3-2,1,0,8,255228,Arnór Sigurdsson,Substitute,0,1,330239,38,330239.0,4680.0,78',0,0,-1,,,,2025-07-13 04:31:51
13086,725919,2720,home,1,5-3-2,1,0,16,138055,Oliver Berg,Substitute,0,0,0,-1,,,,0,0,-1,,,,2025-07-13 04:31:51
13086,725919,8544,away,0,4-3-3,1,1,40,19242,David Andersson,Goalkeeper,1,0,0,-1,,,,0,0,-1,,,,2025-07-13 04:31:51
13086,725919,8544,away,0,4-3-3,1,1,37,345975,Moutaz Neffati,Right Back,2,0,0,-1,,,,0,0,-1,,,,2025-07-13 04:31:51
13086,725919,8544,away,0,4-3-3,1,1,25,364988,Kevin Höög Jansson,Left Back,3,0,0,-1,,,,1,306290,14,306290.0,3420.0,57',2025-07-13 04:31:51
13086,725919,8544,away,0,4-3-3,1,1,7,232279,Alexander Fransson,Center Midfielder,4,0,0,-1,,,,1,400367,20,400367.0,3420.0,57',2025-07-13 04:31:51
13086,725919,8544,away,0,4-3-3,1,1,2,357205,Kojo Peprah Oppong,Center Right Defender,5,0,0,-1,,,,0,0,-1,,,,2025-07-13 04:31:51
13086,725919,8544,away,0,4-3-3,1,1,19,238431,Max Watson,Center Left Defender,6,0,0,-1,,,,0,0,-1,,,,2025-07-13 04:31:51
13086,725919,8544,away,0,4-3-3,1,1,11,286930,Ismet Lushaku,Right Midfielder,7,0,0,-1,,,,1,389749,28,389749.0,4320.0,72',2025-07-13 04:31:51
13086,725919,8544,away,0,4-3-3,1,1,8,321404,Ísak Andri Sigurgeirsson,Left Midfielder,8,0,0,-1,,,,0,0,-1,,,,2025-07-13 04:31:51
13086,725919,8544,away,0,4-3-3,1,1,5,158978,Christoffer Nyman,Forward,9,0,0,-1,,,,0,0,-1,,,,2025-07-13 04:31:51
13086,725919,8544,away,0,4-3-3,1,1,10,188022,David Moberg-Karlsson,Right Forward,10,0,0,-1,,,,1,287215,22,287215.0,4320.0,72',2025-07-13 04:31:51
13086,725919,8544,away,0,4-3-3,1,1,9,230353,Arnór Traustason,Left Forward,11,0,0,-1,,,,0,0,-1,,,,2025-07-13 04:31:51
13086,725919,8544,away,0,4-3-3,1,0,14,306290,Yahya Kalley,Substitute,0,1,364988,25,364988.0,3420.0,57',0,0,-1,,,,2025-07-13 04:31:51
13086,725919,8544,away,0,4-3-3,1,0,22,287215,Tim Prica,Substitute,0,1,188022,10,188022.0,4320.0,72',0,0,-1,,,,2025-07-13 04:31:51
13086,725919,8544,away,0,4-3-3,1,0,20,400367,Axel Brönner,Substitute,0,1,232279,7,232279.0,3420.0,57',0,0,-1,,,,2025-07-13 04:31:51
13086,725919,8544,away,0,4-3-3,1,0,18,400219,Jónatan Gudni Arnarsson,Substitute,0,0,0,-1,,,,0,0,-1,,,,2025-07-13 04:31:51
13086,725919,8544,away,0,4-3-3,1,0,28,389749,Åke Andersson,Substitute,0,1,286930,11,286930.0,4320.0,72',0,0,-1,,,,2025-07-13 04:31:51
13086,725919,8544,away,0,4-3-3,1,0,30,380189,Theo Krantz,Substitute,0,0,0,-1,,,,0,0,-1,,,,2025-07-13 04:31:51
13086,725919,8544,away,0,4-3-3,1,0,3,359167,Marcus Baggesen,Substitute,0,0,0,-1,,,,0,0,-1,,,,2025-07-13 04:31:51
13086,725919,8544,away,0,4-3-3,1,0,4,356374,Amadeus Sögaard,Substitute,0,0,0,-1,,,,0,0,-1,,,,2025-07-13 04:31:51
13086,725919,8544,away,0,4-3-3,1,0,24,334015,Anton Eriksson,Substitute,0,0,0,-1,,,,0,0,-1,,,,2025-07-13 04:31:51
13086,725920,8547,home,0,4-3-3,1,1,1,313973,Ismael Diawara,Goalkeeper,1,0,0,-1,,,,0,0,-1,,,,2025-07-17 04:39:11
13086,725920,8547,home,0,4-3-3,1,1,2,235919,Henrik Castegren,Right Back,2,0,0,-1,,,,1,298341,13,298341.0,3480.0,58',2025-07-17 04:39:11
13086,725920,8547,home,0,4-3-3,1,1,21,235518,Dennis Widgren,Left Back,3,0,0,-1,,,,1,342596,33,342596.0,3480.0,58',2025-07-17 04:39:11
13086,725920,8547,home,0,4-3-3,1,1,10,358564,Melker Heier,Center Midfielder,4,0,0,-1,,,,0,0,-1,,,,2025-07-17 04:39:11
13086,725920,8547,home,0,4-3-3,1,1,15,186504,Simon Sandberg,Center Right Defender,5,0,0,-1,,,,0,0,-1,,,,2025-07-17 04:39:11
13086,725920,8547,home,0,4-3-3,1,1,4,366597,Tobias Anker,Center Left Defender,6,0,0,-1,,,,0,0,-1,,,,2025-07-17 04:39:11
13086,725920,8547,home,0,4-3-3,1,1,14,323176,Leo Walta,Right Midfielder,7,0,0,-1,,,,1,322919,16,322919.0,5100.0,85',2025-07-17 04:39:11
13086,725920,8547,home,0,4-3-3,1,1,17,15527,Marcus Lindberg,Left Midfielder,8,0,0,-1,,,,1,407098,23,407098.0,4860.0,81',2025-07-17 04:39:11
13086,725920,8547,home,0,4-3-3,1,1,9,322993,Robbie Ure,Forward,9,0,0,-1,,,,0,0,-1,,,,2025-07-17 04:39:11
13086,725920,8547,home,0,4-3-3,1,1,29,344867,Isak Bjerkebo,Right Forward,10,0,0,-1,,,,0,0,-1,,,,2025-07-17 04:39:11
13086,725920,8547,home,0,4-3-3,1,1,36,359495,August Ljungberg,Left Forward,11,0,0,-1,,,,1,401059,24,401059.0,3540.0,59',2025-07-17 04:39:11
13086,725920,8547,home,0,4-3-3,1,0,33,342596,Saba Mamatsashvili,Substitute,0,1,235518,21,235518.0,3480.0,58',0,0,-1,,,,2025-07-17 04:39:11
13086,725920,8547,home,0,4-3-3,1,0,16,322919,Herman Sjögrell,Substitute,0,1,323176,14,323176.0,5100.0,85',0,0,-1,,,,2025-07-17 04:39:11
13086,725920,8547,home,0,4-3-3,1,0,18,315677,Adam Wikman,Substitute,0,0,0,-1,,,,0,0,-1,,,,2025-07-17 04:39:11
13086,725920,8547,home,0,4-3-3,1,0,3,299250,Bogdan Milovanov,Substitute,0,0,0,-1,,,,0,0,-1,,,,2025-07-17 04:39:11
13086,725920,8547,home,0,4-3-3,1,0,13,298341,Jakob Voelkerling Persson,Substitute,0,1,235919,2,235919.0,3480.0,58',0,0,-1,,,,2025-07-17 04:39:11
13086,725920,8547,home,0,4-3-3,1,0,20,382138,Victor Ekström,Substitute,0,0,0,-1,,,,0,0,-1,,,,2025-07-17 04:39:11
13086,725920,8547,home,0,4-3-3,1,0,24,401059,Victor Svensson,Substitute,0,1,359495,36,359495.0,3540.0,59',0,0,-1,,,,2025-07-17 04:39:11
13086,725920,8547,home,0,4-3-3,1,0,23,407098,Finlay Neat,Substitute,0,1,15527,17,15527.0,4860.0,81',0,0,-1,,,,2025-07-17 04:39:11
13086,725920,8547,home,0,4-3-3,1,0,34,325348,David Celic,Substitute,0,0,0,-1,,,,0,0,-1,,,,2025-07-17 04:39:11
13086,725920,20301,away,1,3-4-3,1,1,1,301377,Noel Törnqvist,Goalkeeper,1,0,0,-1,,,,0,0,-1,,,,2025-07-17 04:39:11
13086,725920,20301,away,1,3-4-3,1,1,26,357118,Uba Charles,Right Midfielder,2,0,0,-1,,,,1,346501,27,346501.0,3840.0,64',2025-07-17 04:39:11
13086,725920,20301,away,1,3-4-3,1,1,11,269109,Timo Stavitski,Left Midfielder,3,0,0,-1,,,,1,312876,14,312876.0,3840.0,64',2025-07-17 04:39:11
13086,725920,20301,away,1,3-4-3,1,1,24,172917,Tom Pettersson,Center Left Defender,4,0,0,-1,,,,0,0,-1,,,,2025-07-17 04:39:11
13086,725920,20301,away,1,3-4-3,1,1,13,259548,Jakob Kiilerich,Center Defender,5,0,0,-1,,,,0,0,-1,,,,2025-07-17 04:39:11
13086,725920,20301,away,1,3-4-3,1,1,5,356281,Abdullah Iqbal,Center Right Defender,6,0,0,-1,,,,0,0,-1,,,,2025-07-17 04:39:11
13086,725920,20301,away,1,3-4-3,1,1,22,192793,Jesper Gustavsson,Center Right Midfielder,7,0,0,-1,,,,0,0,-1,,,,2025-07-17 04:39:11
13086,725920,20301,away,1,3-4-3,1,1,6,356408,Ludwig Malachowski,Center Left Midfielder,8,0,0,-1,,,,1,389637,39,389637.0,3840.0,64',2025-07-17 04:39:11
13086,725920,20301,away,1,3-4-3,1,1,18,293925,Jacob Bergstrom,Forward,9,0,0,-1,,,,1,301382,16,301382.0,4740.0,79',2025-07-17 04:39:11
13086,725920,20301,away,1,3-4-3,1,1,7,303651,Viktor Gustafson,Center Right Forward,10,0,0,-1,,,,1,361860,15,361860.0,5340.0,89',2025-07-17 04:39:11
13086,725920,20301,away,1,3-4-3,1,1,17,357145,Elliot Stroud,Center Left Forward,11,0,0,-1,,,,0,0,-1,,,,2025-07-17 04:39:11
13086,725920,20301,away,1,3-4-3,1,0,14,312876,Herman Johansson,Substitute,0,1,269109,11,269109.0,3840.0,64',0,0,-1,,,,2025-07-17 04:39:11
13086,725920,20301,away,1,3-4-3,1,0,30,336376,Hugo Fagerberg,Substitute,0,0,0,-1,,,,0,0,-1,,,,2025-07-17 04:39:11
13086,725920,20301,away,1,3-4-3,1,0,27,346501,Ludvig Tidstrand,Substitute,0,1,357118,26,357118.0,3840.0,64',0,0,-1,,,,2025-07-17 04:39:11
13086,725920,20301,away,1,3-4-3,1,0,25,346502,Argjend Miftari,Substitute,0,0,0,-1,,,,0,0,-1,,,,2025-07-17 04:39:11
13086,725920,20301,away,1,3-4-3,1,0,4,306289,Axel Norén,Substitute,0,0,0,-1,,,,0,0,-1,,,,2025-07-17 04:39:11
13086,725920,20301,away,1,3-4-3,1,0,21,303653,Adam Petersson,Substitute,0,0,0,-1,,,,0,0,-1,,,,2025-07-17 04:39:11
13086,725920,20301,away,1,3-4-3,1,0,16,301382,Alexander Johansson,Substitute,0,1,293925,18,293925.0,4740.0,79',0,0,-1,,,,2025-07-17 04:39:11
13086,725920,20301,away,1,3-4-3,1,0,15,361860,Bork Bang-Kittilsen,Substitute,0,1,303651,7,303651.0,5340.0,89',0,0,-1,,,,2025-07-17 04:39:11
13086,725920,20301,away,1,3-4-3,1,0,39,389637,Romeo Leandersson,Substitute,0,1,356408,6,356408.0,3840.0,64',0,0,-1,,,,2025-07-17 04:39:11
13086,725921,21382,home,1,4-4-2,1,1,1,277177,Hugo Keto,Goalkeeper,1,0,0,-1,,,,0,0,-1,,,,2025-07-18 04:41:39
13086,725921,21382,home,1,4-4-2,1,1,2,380552,Johan Rapp,Right Back,2,0,0,-1,,,,0,0,-1,,,,2025-07-18 04:41:39
13086,725921,21382,home,1,4-4-2,1,1,24,357202,Emin Grozdanic,Left Back,3,0,0,-1,,,,0,0,-1,,,,2025-07-18 04:41:39
13086,725921,21382,home,1,4-4-2,1,1,7,193351,Carl Johansson,Center Right Midfielder,4,0,0,-1,,,,1,303480,11,303480.0,5400.0,90'+2',2025-07-18 04:41:39
13086,725921,21382,home,1,4-4-2,1,1,6,267616,Hugo Andersson,Center Right Defender,5,0,0,-1,,,,0,0,-1,,,,2025-07-18 04:41:39
13086,725921,21382,home,1,4-4-2,1,1,27,159526,Souleymane Coulibaly,Center Left Defender,6,0,0,-1,,,,0,0,-1,,,,2025-07-18 04:41:39
13086,725921,21382,home,1,4-4-2,1,1,32,353250,Kenan Bilalovic,Right Midfielder,7,0,0,-1,,,,1,381397,18,381397.0,5100.0,85',2025-07-18 04:41:39
13086,725921,21382,home,1,4-4-2,1,1,22,158993,Simon Thern,Center Left Midfielder,8,0,0,-1,,,,1,312873,25,312873.0,4620.0,77',2025-07-18 04:41:39
13086,725921,21382,home,1,4-4-2,1,1,28,344869,Frank Junior Adjei,Center Left Forward,9,0,0,-1,,,,1,337564,9,337564.0,5100.0,85',2025-07-18 04:41:39
13086,725921,21382,home,1,4-4-2,1,1,14,153631,Marcus Antonsson,Center Right Forward,10,0,0,-1,,,,0,0,-1,,,,2025-07-18 04:41:39
13086,725921,21382,home,1,4-4-2,1,1,10,345479,Ajdin Zeljkovic,Left Midfielder,11,0,0,-1,,,,1,303750,21,303750.0,4680.0,78',2025-07-18 04:41:39
13086,725921,21382,home,1,4-4-2,1,0,11,303480,Wenderson,Substitute,0,1,193351,7,193351.0,5400.0,90'+2',0,0,-1,,,,2025-07-18 04:41:39
13086,725921,21382,home,1,4-4-2,1,0,21,303750,Abdulrazaq Ishaq,Substitute,0,1,345479,10,345479.0,4680.0,78',0,0,-1,,,,2025-07-18 04:41:39
13086,725921,21382,home,1,4-4-2,1,0,25,312873,Noah Shamoun,Substitute,0,1,158993,22,158993.0,4620.0,77',0,0,-1,,,,2025-07-18 04:41:39
13086,725921,21382,home,1,4-4-2,1,0,20,334028,Freddy Winsth,Substitute,0,0,0,-1,,,,0,0,-1,,,,2025-07-18 04:41:39
13086,725921,21382,home,1,4-4-2,1,0,9,337564,Johnbosco Samuel Kalu,Substitute,0,1,344869,28,344869.0,5100.0,85',0,0,-1,,,,2025-07-18 04:41:39
13086,725921,21382,home,1,4-4-2,1,0,17,365517,Fred Bozicevic,Substitute,0,0,0,-1,,,,0,0,-1,,,,2025-07-18 04:41:39
13086,725921,21382,home,1,4-4-2,1,0,39,341335,Viktor Andersson,Substitute,0,0,0,-1,,,,0,0,-1,,,,2025-07-18 04:41:39
13086,725921,21382,home,1,4-4-2,1,0,26,380685,Calle Johansson,Substitute,0,0,0,-1,,,,0,0,-1,,,,2025-07-18 04:41:39
13086,725921,21382,home,1,4-4-2,1,0,18,381397,Mohammad Alsalkhadi,Substitute,0,1,353250,32,353250.0,5100.0,85',0,0,-1,,,,2025-07-18 04:41:39
13086,725921,2339,away,0,4-2-3-1,1,1,45,219533,Filip Manojlovic,Goalkeeper,1,0,0,-1,,,,0,0,-1,,,,2025-07-13 14:45:18
13086,725921,2339,away,0,4-2-3-1,1,1,27,371596,Keita Kosugi,Right Back,2,0,0,-1,,,,0,0,-1,,,,2025-07-14 04:28:08
13086,725921,2339,away,0,4-2-3-1,1,1,19,357204,Viktor Bergh,Left Back,3,0,0,-1,,,,1,269457,18,269457.0,4200.0,70',2025-07-14 04:28:08
13086,725921,2339,away,0,4-2-3-1,1,1,20,364226,Matias Siltanen,Left Midfielder,4,0,0,-1,,,,0,0,-1,,,,2025-07-13 14:45:18
13086,725921,2339,away,0,4-2-3-1,1,1,5,289721,Miro Tenho,Center Right Defender,5,0,0,-1,,,,0,0,-1,,,,2025-07-13 14:45:18
13086,725921,2339,away,0,4-2-3-1,1,1,3,172855,Marcus Danielson,Center Left Defender,6,0,0,-1,,,,0,0,-1,,,,2025-07-13 14:45:18
13086,725921,2339,away,0,4-2-3-1,1,1,22,378837,Patric Åslund,Attacking Midfielder Right,7,0,0,-1,,,,1,312383,15,312383.0,4200.0,70',2025-07-13 19:30:51
13086,725921,2339,away,0,4-2-3-1,1,1,6,136911,Rasmus Schüller,Right Midfielder,8,0,0,-1,,,,1,250697,17,250697.0,2700.0,45',2025-07-13 19:30:51
13086,725921,2339,away,0,4-2-3-1,1,1,9,330460,August Priske,Forward,9,0,0,-1,,,,1,372767,11,372767.0,4680.0,78',2025-07-13 19:30:51
13086,725921,2339,away,0,4-2-3-1,1,1,7,295863,Tobias Gulliksen,Attacking Midfielder,10,0,0,-1,,,,0,0,-1,,,,2025-07-13 14:45:18
13086,725921,2339,away,0,4-2-3-1,1,1,10,164556,Tokmac Nguen,Attacking Midfielder Left,11,0,0,-1,,,,0,0,-1,,,,2025-07-13 14:45:18
13086,725921,2339,away,0,4-2-3-1,1,0,2,205729,Piotr Johansson,Substitute,0,0,0,-1,,,,0,0,-1,,,,2025-07-13 14:45:18
13086,725921,2339,away,0,4-2-3-1,1,0,35,203266,Jacob Rinne,Substitute,0,0,0,-1,,,,0,0,-1,,,,2025-07-13 14:45:18
13086,725921,2339,away,0,4-2-3-1,1,0,31,403140,Ahmed Saeed,Substitute,0,0,0,-1,,,,0,0,-1,,,,2025-07-13 14:45:18
13086,725921,2339,away,0,4-2-3-1,1,0,11,372767,Zakaria Sawo,Substitute,0,1,330460,9,330460.0,4680.0,78',0,0,-1,,,,2025-07-13 19:30:51
13086,725921,2339,away,0,4-2-3-1,1,0,15,312383,Oskar Fallenius,Substitute,0,1,378837,22,378837.0,4200.0,70',0,0,-1,,,,2025-07-13 19:30:51
13086,725921,2339,away,0,4-2-3-1,1,0,14,272148,Hampus Finndell,Substitute,0,0,0,-1,,,,0,0,-1,,,,2025-07-13 14:45:18
13086,725921,2339,away,0,4-2-3-1,1,0,18,269457,Adam Stahl,Substitute,0,1,357204,19,357204.0,4200.0,70',0,0,-1,,,,2025-07-13 19:30:51
13086,725921,2339,away,0,4-2-3-1,1,0,17,250697,Mikkel Anderson,Substitute,0,1,136911,6,136911.0,2700.0,45',0,0,-1,,,,2025-07-13 19:30:51
13086,725921,2339,away,0,4-2-3-1,1,0,4,237053,Jacob Une,Substitute,0,0,0,-1,,,,0,0,-1,,,,2025-07-13 14:45:18
13086,725922,20856,home,0,3-4-2-1,1,1,26,194803,Matvei Igonen,Goalkeeper,1,0,0,-1,,,,0,0,-1,,,,2025-07-20 04:35:40
13086,725922,20856,home,0,3-4-2-1,1,1,12,236415,Erik Lindell,Right Midfielder,2,0,0,-1,,,,1,400375,27,400375.0,4320.0,72',2025-07-20 04:35:40
13086,725922,20856,home,0,3-4-2-1,1,1,2,256567,Mamadouba Diaby,Left Midfielder,3,0,0,-1,,,,1,357137,23,357137.0,4320.0,72',2025-07-20 04:35:40
13086,725922,20856,home,0,3-4-2-1,1,1,4,301367,Leon Hien,Center Left Defender,4,0,0,-1,,,,1,324395,15,324395.0,5040.0,84',2025-07-20 04:35:40
13086,725922,20856,home,0,3-4-2-1,1,1,5,385769,Juhani Pikkarainen,Center Defender,5,0,0,-1,,,,0,0,-1,,,,2025-07-20 04:35:40
13086,725922,20856,home,0,3-4-2-1,1,1,6,235489,Daniel Sundgren,Center Right Defender,6,0,0,-1,,,,0,0,-1,,,,2025-07-20 04:35:40
13086,725922,20856,home,0,3-4-2-1,1,1,11,218520,Christos Gravius,Center Right Midfielder,7,0,0,-1,,,,0,0,-1,,,,2025-07-25 04:46:52
13086,725922,20856,home,0,3-4-2-1,1,1,8,301374,Nahom Netabay,Center Left Midfielder,8,0,0,-1,,,,0,0,-1,,,,2025-07-25 04:46:52
13086,725922,20856,home,0,3-4-2-1,1,1,19,333259,Omar Faraj,Forward,9,0,0,-1,,,,1,398190,9,398190.0,3840.0,64',2025-07-20 04:35:40
13086,725922,20856,home,0,3-4-2-1,1,1,10,364830,Marcus Rafferty,Center Right Forward,10,0,0,-1,,,,0,0,-1,,,,2025-07-20 04:35:40
13086,725922,20856,home,0,3-4-2-1,1,1,20,400141,Elias Barsoum,Center Left Forward,11,0,0,-1,,,,1,398192,21,398192.0,3840.0,64',2025-07-20 04:35:40
13086,725922,20856,home,0,3-4-2-1,1,0,24,402327,Hjalmar Smedberg,Substitute,0,0,0,-1,,,,0,0,-1,,,,2025-07-20 04:35:40
13086,725922,20856,home,0,3-4-2-1,1,0,27,400375,Ziyad Salifu,Substitute,0,1,236415,12,236415.0,4320.0,72',0,0,-1,,,,2025-07-20 04:35:40
13086,725922,20856,home,0,3-4-2-1,1,0,21,398192,Elias Pihlström,Substitute,0,1,400141,20,400141.0,3840.0,64',0,0,-1,,,,2025-07-20 04:35:40
13086,725922,20856,home,0,3-4-2-1,1,0,9,398190,Adi Fisic,Substitute,0,1,333259,19,333259.0,3840.0,64',0,0,-1,,,,2025-07-20 04:35:40
13086,725922,20856,home,0,3-4-2-1,1,0,18,398189,Teo Grönborg,Substitute,0,0,0,-1,,,,0,0,-1,,,,2025-07-20 04:35:40
13086,725922,20856,home,0,3-4-2-1,1,0,23,357137,Alexander Hedén Lindskog,Substitute,0,1,256567,2,256567.0,4320.0,72',0,0,-1,,,,2025-07-20 04:35:40
13086,725922,20856,home,0,3-4-2-1,1,0,15,324395,Nasiru Moro,Substitute,0,1,301367,4,301367.0,5040.0,84',0,0,-1,,,,2025-07-20 04:35:40
13086,725922,20856,home,0,3-4-2-1,1,0,1,286770,Willie Jakobsson,Substitute,0,0,0,-1,,,,0,0,-1,,,,2025-07-20 04:35:40
13086,725922,20856,home,0,3-4-2-1,1,0,30,255257,Bernardo Morgado,Substitute,0,0,0,-1,,,,0,0,-1,,,,2025-07-20 04:35:40
13086,725922,8222,away,1,4-3-3,1,1,13,360878,Kees Sims,Goalkeeper,1,0,0,-1,,,,0,0,-1,,,,2025-07-20 04:35:40
13086,725922,8222,away,1,4-3-3,1,1,6,378806,August Wängberg,Right Back,2,0,0,-1,,,,0,0,-1,,,,2025-07-20 04:35:40
13086,725922,8222,away,1,4-3-3,1,1,2,400217,Matteo de Brienne,Left Back,3,0,0,-1,,,,0,0,-1,,,,2025-07-20 04:35:40
13086,725922,8222,away,1,4-3-3,1,1,18,313931,Kevin Holmén,Center Midfielder,4,0,0,-1,,,,1,378811,7,378811.0,4320.0,72',2025-07-20 04:35:40
13086,725922,8222,away,1,4-3-3,1,1,12,356377,Robin Frej,Center Right Defender,5,0,0,-1,,,,0,0,-1,,,,2025-07-20 04:35:40
13086,725922,8222,away,1,4-3-3,1,1,24,378826,Filip Beckman,Center Left Defender,6,0,0,-1,,,,0,0,-1,,,,2025-07-20 04:35:40
13086,725922,8222,away,1,4-3-3,1,1,8,312852,William Milovanovic,Right Midfielder,7,0,0,-1,,,,1,359795,32,359795.0,3300.0,55',2025-07-20 04:35:40
13086,725922,8222,away,1,4-3-3,1,1,21,315674,Axel Henriksson,Left Midfielder,8,0,0,-1,,,,1,364732,17,364732.0,5160.0,86',2025-07-20 04:35:40
13086,725922,8222,away,1,4-3-3,1,1,19,308726,Ibrahim Diabate,Forward,9,0,0,-1,,,,1,400220,29,400220.0,5160.0,86',2025-08-18 04:53:06
13086,725922,8222,away,1,4-3-3,1,1,9,378816,Gustav Lundgren,Right Forward,10,0,0,-1,,,,0,0,-1,,,,2025-07-20 04:35:40
13086,725922,8222,away,1,4-3-3,1,1,16,400221,Rasmus Niklasson Petrovic,Left Forward,11,0,0,-1,,,,1,334033,11,334033.0,4320.0,72',2025-07-20 04:35:40
13086,725922,8222,away,1,4-3-3,1,0,4,333728,Oskar Ågren,Substitute,0,0,0,-1,,,,0,0,-1,,,,2025-07-20 04:35:40
13086,725922,8222,away,1,4-3-3,1,0,11,334033,Edvin Becirovic,Substitute,0,1,400221,16,400221.0,4320.0,72',0,0,-1,,,,2025-07-20 04:35:40
13086,725922,8222,away,1,4-3-3,1,0,32,359795,Harun Ibrahim,Substitute,0,1,312852,8,312852.0,3300.0,55',0,0,-1,,,,2025-07-20 04:35:40
13086,725922,8222,away,1,4-3-3,1,0,17,364732,Frosti Thorkelsson,Substitute,0,1,315674,21,315674.0,5160.0,86',0,0,-1,,,,2025-07-20 04:35:40
13086,725922,8222,away,1,4-3-3,1,0,7,378811,Joackim Åberg,Substitute,0,1,313931,18,313931.0,4320.0,72',0,0,-1,,,,2025-07-20 04:35:40
13086,725922,8222,away,1,4-3-3,1,0,22,378820,Anes Cardaklija,Substitute,0,0,0,-1,,,,0,0,-1,,,,2025-07-20 04:35:40
13086,725922,8222,away,1,4-3-3,1,0,5,379958,Robin Wendin Thomasson,Substitute,0,0,0,-1,,,,0,0,-1,,,,2025-07-20 04:35:40
13086,725922,8222,away,1,4-3-3,1,0,29,400220,Daniel Bengtsson,Substitute,0,1,308726,19,308726.0,5160.0,86',0,0,-1,,,,2025-07-20 04:35:40
13086,725922,8222,away,1,4-3-3,1,0,1,312877,Mergim Krasniqi,Substitute,0,0,0,-1,,,,0,0,-1,,,,2025-07-20 04:35:40
13086,725923,2339,home,1,4-2-3-1,1,1,45,219533,Filip Manojlovic,Goalkeeper,1,0,0,-1,,,,0,0,-1,,,,2025-07-20 04:35:40
13086,725923,2339,home,1,4-2-3-1,1,1,12,357136,Theo Bergvall,Right Back,2,0,0,-1,,,,0,0,-1,,,,2025-07-20 04:35:40
13086,725923,2339,home,1,4-2-3-1,1,1,27,371596,Keita Kosugi,Left Back,3,0,0,-1,,,,0,0,-1,,,,2025-07-20 04:35:40
13086,725923,2339,home,1,4-2-3-1,1,1,20,364226,Matias Siltanen,Left Midfielder,4,0,0,-1,,,,1,269457,18,269457.0,4980.0,83',2025-07-20 04:35:40
13086,725923,2339,home,1,4-2-3-1,1,1,4,237053,Jacob Une,Center Right Defender,5,0,0,-1,,,,1,289721,5,289721.0,4260.0,71',2025-07-20 04:35:40
13086,725923,2339,home,1,4-2-3-1,1,1,3,172855,Marcus Danielson,Center Left Defender,6,0,0,-1,,,,0,0,-1,,,,2025-07-20 04:35:40
13086,725923,2339,home,1,4-2-3-1,1,1,17,250697,Mikkel Anderson,Attacking Midfielder Right,7,0,0,-1,,,,0,0,-1,,,,2025-07-20 04:35:40
13086,725923,2339,home,1,4-2-3-1,1,1,6,136911,Rasmus Schüller,Right Midfielder,8,0,0,-1,,,,1,120652,8,120652.0,3480.0,58',2025-07-20 04:35:40
13086,725923,2339,home,1,4-2-3-1,1,1,9,330460,August Priske,Forward,9,0,0,-1,,,,1,372767,11,372767.0,4260.0,71',2025-07-20 04:35:40
13086,725923,2339,home,1,4-2-3-1,1,1,7,295863,Tobias Gulliksen,Attacking Midfielder,10,0,0,-1,,,,1,378837,22,378837.0,4260.0,71',2025-07-20 04:35:40
13086,725923,2339,home,1,4-2-3-1,1,1,10,164556,Tokmac Nguen,Attacking Midfielder Left,11,0,0,-1,,,,0,0,-1,,,,2025-07-20 04:35:40
13086,725923,2339,home,1,4-2-3-1,1,0,5,289721,Miro Tenho,Substitute,0,1,237053,4,237053.0,4260.0,71',0,0,-1,,,,2025-07-20 04:35:40
13086,725923,2339,home,1,4-2-3-1,1,0,18,269457,Adam Stahl,Substitute,0,1,364226,20,364226.0,4980.0,83',0,0,-1,,,,2025-07-20 04:35:40
13086,725923,2339,home,1,4-2-3-1,1,0,2,205729,Piotr Johansson,Substitute,0,0,0,-1,,,,0,0,-1,,,,2025-07-20 04:35:40
13086,725923,2339,home,1,4-2-3-1,1,0,35,203266,Jacob Rinne,Substitute,0,0,0,-1,,,,0,0,-1,,,,2025-07-20 04:35:40
13086,725923,2339,home,1,4-2-3-1,1,0,8,120652,Albin Ekdal,Substitute,0,1,136911,6,136911.0,3480.0,58',0,0,-1,,,,2025-07-20 04:35:40
13086,725923,2339,home,1,4-2-3-1,1,0,14,272148,Hampus Finndell,Substitute,0,0,0,-1,,,,0,0,-1,,,,2025-07-20 04:35:40
13086,725923,2339,home,1,4-2-3-1,1,0,22,378837,Patric Åslund,Substitute,0,1,295863,7,295863.0,4260.0,71',0,0,-1,,,,2025-07-20 04:35:40
13086,725923,2339,home,1,4-2-3-1,1,0,19,357204,Viktor Bergh,Substitute,0,0,0,-1,,,,0,0,-1,,,,2025-07-20 04:35:40
13086,725923,2339,home,1,4-2-3-1,1,0,11,372767,Zakaria Sawo,Substitute,0,1,330460,9,330460.0,4260.0,71',0,0,-1,,,,2025-07-20 04:35:40
13086,725923,529,away,0,5-3-2,1,1,1,400222,Simon Eriksson,Goalkeeper,1,0,0,-1,,,,0,0,-1,,,,2025-07-20 04:35:40
13086,725923,529,away,0,5-3-2,1,1,25,342093,Ari Sigurpálsson,Right Back,2,0,0,-1,,,,1,389426,28,389426.0,2700.0,45',2025-07-20 04:35:40
13086,725923,529,away,0,5-3-2,1,1,23,134644,Niklas Hult,Left Back,3,0,0,-1,,,,1,388173,21,388173.0,4080.0,68',2025-07-20 04:35:40
13086,725923,529,away,0,5-3-2,1,1,2,380023,Terry Yegbe,Center Left Defender,4,0,0,-1,,,,0,0,-1,,,,2025-07-20 04:35:40
13086,725923,529,away,0,5-3-2,1,1,29,341452,Ibrahim Buhari,Center Defender,5,0,0,-1,,,,0,0,-1,,,,2025-07-20 04:35:40
13086,725923,529,away,0,5-3-2,1,1,8,194092,Sebastian Holmén,Center Right Defender,6,0,0,-1,,,,1,174501,17,174501.0,4920.0,82',2025-07-20 04:35:40
13086,725923,529,away,0,5-3-2,1,1,27,334024,Besfort Zeneli,Center Right Midfielder,7,0,0,-1,,,,0,0,-1,,,,2025-07-20 04:35:40
13086,725923,529,away,0,5-3-2,1,1,7,218707,Jens Jakob Thomasen,Center Midfielder,8,0,0,-1,,,,1,202705,9,202705.0,2700.0,45',2025-07-20 04:35:40
13086,725923,529,away,0,5-3-2,1,1,11,303614,Taylor Silverholt,Center Left Forward,9,0,0,-1,,,,0,0,-1,,,,2025-07-20 04:35:40
13086,725923,529,away,0,5-3-2,1,1,24,304180,Frederik Ihler,Center Right Forward,10,0,0,-1,,,,0,0,-1,,,,2025-07-20 04:35:40
13086,725923,529,away,0,5-3-2,1,1,5,303480,Wenderson,Center Left Midfielder,11,0,0,-1,,,,1,245883,10,245883.0,2700.0,45',2025-07-20 04:35:40
13086,725923,529,away,0,5-3-2,1,0,28,389426,Frode Aronsson,Substitute,0,1,342093,25,342093.0,2700.0,45',0,0,-1,,,,2025-07-20 04:35:40
13086,725923,529,away,0,5-3-2,1,0,16,402326,Altti Hellemaa,Substitute,0,0,0,-1,,,,0,0,-1,,,,2025-07-20 04:35:40
13086,725923,529,away,0,5-3-2,1,0,13,146012,Johan Larsson,Substitute,0,0,0,-1,,,,0,0,-1,,,,2025-07-20 04:35:40
13086,725923,529,away,0,5-3-2,1,0,17,174501,Per Frick,Substitute,0,1,194092,8,194092.0,4920.0,82',0,0,-1,,,,2025-07-20 04:35:40
13086,725923,529,away,0,5-3-2,1,0,30,176191,Lucas Hägg Johansson,Substitute,0,0,0,-1,,,,0,0,-1,,,,2025-07-20 04:35:40
13086,725923,529,away,0,5-3-2,1,0,9,202705,Arbër Zeneli,Substitute,0,1,218707,7,218707.0,2700.0,45',0,0,-1,,,,2025-07-20 04:35:40
13086,725923,529,away,0,5-3-2,1,0,10,245883,Simon Olsson,Substitute,0,1,303480,5,303480.0,2700.0,45',0,0,-1,,,,2025-07-20 04:35:40
13086,725923,529,away,0,5-3-2,1,0,18,305401,Júlíus Magnússon,Substitute,0,0,0,-1,,,,0,0,-1,,,,2025-07-20 04:35:40
13086,725923,529,away,0,5-3-2,1,0,21,388173,Leo Östman,Substitute,0,1,134644,23,134644.0,4080.0,68',0,0,-1,,,,2025-07-20 04:35:40
13086,725924,3017,home,0,3-4-3,1,1,12,195094,Tim Erlandsson,Goalkeeper,1,0,0,-1,,,,0,0,-1,,,,2025-07-21 04:38:10
13086,725924,3017,home,0,3-4-3,1,1,11,357140,Villiam Granath,Right Midfielder,2,0,0,-1,,,,0,0,-1,,,,2025-07-21 04:38:10
13086,725924,3017,home,0,3-4-3,1,1,24,240486,Rami Kaib,Left Midfielder,3,0,0,-1,,,,1,334002,28,334002.0,4920.0,82',2025-07-21 04:38:10
13086,725924,3017,home,0,3-4-3,1,1,2,381647,Bleon Kurtulus,Center Left Defender,4,0,0,-1,,,,0,0,-1,,,,2025-07-21 04:38:10
13086,725924,3017,home,0,3-4-3,1,1,5,178687,Pascal Gregor,Center Defender,5,0,0,-1,,,,0,0,-1,,,,2025-07-21 04:38:10
13086,725924,3017,home,0,3-4-3,1,1,3,357142,Gabriel Wallentin,Center Right Defender,6,0,0,-1,,,,0,0,-1,,,,2025-07-21 04:38:10
13086,725924,3017,home,0,3-4-3,1,1,6,147211,Joel Allansson,Center Right Midfielder,7,0,0,-1,,,,1,237843,13,237843.0,5400.0,90'+5',2025-07-21 04:38:10
13086,725924,3017,home,0,3-4-3,1,1,25,321176,Aleksander Damnjanovic,Center Left Midfielder,8,0,0,-1,,,,1,289719,8,289719.0,2400.0,40',2025-07-21 04:38:10
13086,725924,3017,home,0,3-4-3,1,1,9,329971,Yannick Agnero,Forward,9,0,0,-1,,,,0,0,-1,,,,2025-07-21 04:38:10
13086,725924,3017,home,0,3-4-3,1,1,29,399508,Erik Arvidsson,Center Right Forward,10,0,0,-1,,,,1,317094,20,317094.0,4920.0,82',2025-07-21 04:38:10
13086,725924,3017,home,0,3-4-3,1,1,18,357130,Naeem Mohammed,Center Left Forward,11,0,0,-1,,,,1,401274,19,401274.0,5400.0,90'+5',2025-07-21 04:38:10
13086,725924,3017,home,0,3-4-3,1,0,19,401274,Marvin Illary,Substitute,0,1,357130,18,357130.0,5400.0,90'+5',0,0,-1,,,,2025-07-21 04:38:10
13086,725924,3017,home,0,3-4-3,1,0,21,121282,Marcus Olsson,Substitute,0,0,0,-1,,,,0,0,-1,,,,2025-07-21 04:38:10
13086,725924,3017,home,0,3-4-3,1,0,20,317094,Pawel Chrupalla,Substitute,0,1,399508,29,399508.0,4920.0,82',0,0,-1,,,,2025-07-21 04:38:10
13086,725924,3017,home,0,3-4-3,1,0,8,289719,Niilo Mäenpää,Substitute,0,1,321176,25,321176.0,2400.0,40',0,0,-1,,,,2025-07-21 04:38:10
13086,725924,3017,home,0,3-4-3,1,0,4,289329,Filip Schyberg,Substitute,0,0,0,-1,,,,0,0,-1,,,,2025-07-21 04:38:10
13086,725924,3017,home,0,3-4-3,1,0,1,264481,Tim Rönning,Substitute,0,0,0,-1,,,,0,0,-1,,,,2025-07-21 04:38:10
13086,725924,3017,home,0,3-4-3,1,0,13,237843,Gíisli Eyjólfsson,Substitute,0,1,147211,6,147211.0,5400.0,90'+5',0,0,-1,,,,2025-07-21 04:38:10
13086,725924,3017,home,0,3-4-3,1,0,14,159454,Blair Turgott,Substitute,0,0,0,-1,,,,0,0,-1,,,,2025-07-21 04:38:10
13086,725924,3017,home,0,3-4-3,1,0,28,334002,Malte Persson,Substitute,0,1,240486,24,240486.0,4920.0,82',0,0,-1,,,,2025-07-21 04:38:10
13086,725924,7834,away,0,4-2-3-1,1,1,99,125312,Etrit Berisha,Goalkeeper,1,0,0,-1,,,,0,0,-1,,,,2025-07-21 04:38:10
13086,725924,7834,away,0,4-2-3-1,1,1,13,361537,Sigge Jansson,Right Back,2,0,0,-1,,,,1,343960,7,343960.0,3600.0,60',2025-07-21 04:38:10
13086,725924,7834,away,0,4-2-3-1,1,1,21,194293,Adam Lundkvist,Left Back,3,0,0,-1,,,,0,0,-1,,,,2025-07-21 04:38:10
13086,725924,7834,away,0,4-2-3-1,1,1,31,407096,Lasse Madsen,Left Midfielder,4,0,0,-1,,,,1,185916,14,185916.0,3540.0,59',2025-07-21 04:38:10
13086,725924,7834,away,0,4-2-3-1,1,1,8,355408,Silas Andersen,Center Right Defender,5,0,0,-1,,,,0,0,-1,,,,2025-07-21 04:38:10
13086,725924,7834,away,0,4-2-3-1,1,1,23,336672,Olle Samuelsson,Center Left Defender,6,0,0,-1,,,,0,0,-1,,,,2025-07-21 04:38:10
13086,725924,7834,away,0,4-2-3-1,1,1,11,378812,Julius Lindberg,Attacking Midfielder Right,7,0,0,-1,,,,0,0,-1,,,,2025-07-21 04:38:10
13086,725924,7834,away,0,4-2-3-1,1,1,15,356369,Samuel Leach Holm,Right Midfielder,8,0,0,-1,,,,0,0,-1,,,,2025-07-21 04:38:10
13086,725924,7834,away,0,4-2-3-1,1,1,9,360958,Srdjan Hrstic,Forward,9,0,0,-1,,,,1,407050,20,407050.0,3600.0,60',2025-07-21 04:38:10
13086,725924,7834,away,0,4-2-3-1,1,1,16,357139,Pontus Dahbo,Attacking Midfielder,10,0,0,-1,,,,1,364749,39,364749.0,4380.0,73',2025-07-21 04:38:10
13086,725924,7834,away,0,4-2-3-1,1,1,29,366829,Severin Nioule,Attacking Midfielder Left,11,0,0,-1,,,,1,239184,10,239184.0,4800.0,80',2025-07-21 04:38:10
13086,725924,7834,away,0,4-2-3-1,1,0,20,407050,Adrian Svanbäck,Substitute,0,1,360958,9,360958.0,3600.0,60',0,0,-1,,,,2025-07-21 04:38:10
13086,725924,7834,away,0,4-2-3-1,1,0,44,393324,Harry Hilvenius,Substitute,0,0,0,-1,,,,0,0,-1,,,,2025-07-21 04:38:10
13086,725924,7834,away,0,4-2-3-1,1,0,7,343960,Sanders Ngabo,Substitute,0,1,361537,13,361537.0,3600.0,60',0,0,-1,,,,2025-07-21 04:38:10
13086,725924,7834,away,0,4-2-3-1,1,0,39,364749,Isak Brusberg,Substitute,0,1,357139,16,357139.0,4380.0,73',0,0,-1,,,,2025-07-21 04:38:10
13086,725924,7834,away,0,4-2-3-1,1,0,17,330551,Ben Engdahl,Substitute,0,0,0,-1,,,,0,0,-1,,,,2025-07-21 04:38:10
13086,725924,7834,away,0,4-2-3-1,1,0,4,271086,Marius Lode,Substitute,0,0,0,-1,,,,0,0,-1,,,,2025-07-21 04:38:10
13086,725924,7834,away,0,4-2-3-1,1,0,10,239184,Mikkel Rygaard,Substitute,0,1,366829,29,366829.0,4800.0,80',0,0,-1,,,,2025-07-21 04:38:10
13086,725924,7834,away,0,4-2-3-1,1,0,14,185916,Simon Gustafson,Substitute,0,1,407096,31,407096.0,3540.0,59',0,0,-1,,,,2025-07-21 04:38:10
13086,725924,7834,away,0,4-2-3-1,1,0,1,177546,Andreas Linde,Substitute,0,0,0,-1,,,,0,0,-1,,,,2025-07-21 04:38:10
13086,725925,2495,home,1,4-1-4-1,1,1,1,170727,Warner Hahn,Goalkeeper,1,0,0,-1,,,,0,0,-1,,,,2025-07-21 04:38:10
13086,725925,2495,home,1,4-1-4-1,1,1,2,382504,Hampus Skoglund,Right Back,2,0,0,-1,,,,1,205374,11,205374.0,2700.0,45',2025-07-21 04:38:10
13086,725925,2495,home,1,4-1-4-1,1,1,19,251758,Shaquille Pinas,Left Back,3,0,0,-1,,,,0,0,-1,,,,2025-07-21 04:38:10
13086,725925,2495,home,1,4-1-4-1,1,1,8,22967,Markus Karlsson,Defensive Midfielder,4,0,0,-1,,,,0,0,-1,,,,2025-07-21 04:38:10
13086,725925,2495,home,1,4-1-4-1,1,1,4,334038,Victor Eriksson,Center Right Defender,5,0,0,-1,,,,0,0,-1,,,,2025-07-21 04:38:10
13086,725925,2495,home,1,4-1-4-1,1,1,6,249160,Pavle Vagic,Center Left Defender,6,0,0,-1,,,,1,272714,3,272714.0,2700.0,45',2025-07-21 04:38:10
13086,725925,2495,home,1,4-1-4-1,1,1,26,312880,Montader Madjed,Right Midfielder,7,0,0,-1,,,,1,313464,17,,,,2025-07-21 04:38:10
13086,725925,2495,home,1,4-1-4-1,1,1,20,143585,Nahir Besara,Center Right Midfielder,8,0,0,-1,,,,0,0,-1,,,,2025-07-21 04:38:10
13086,725925,2495,home,1,4-1-4-1,1,1,29,359099,Elohim Kaboré,Forward,9,0,0,-1,,,,1,315675,9,315675.0,2700.0,45',2025-07-21 04:38:10
13086,725925,2495,home,1,4-1-4-1,1,1,28,344869,Frank Junior Adjei,Center Left Midfielder,10,0,0,-1,,,,1,218436,5,218436.0,2700.0,45',2025-07-21 04:38:10
13086,725925,2495,home,1,4-1-4-1,1,1,23,313974,Abdelrahman Boudah Saidi,Left Midfielder,11,0,0,-1,,,,0,0,-1,,,,2025-07-21 04:38:10
13086,725925,2495,home,1,4-1-4-1,1,0,5,218436,Tesfaldet Tekie,Substitute,0,1,344869,28,344869.0,2700.0,45',0,0,-1,,,,2025-07-21 04:38:10
13086,725925,2495,home,1,4-1-4-1,1,0,15,380970,Adrian Lahdo,Substitute,0,0,0,-1,,,,0,0,-1,,,,2025-07-21 04:38:10
13086,725925,2495,home,1,4-1-4-1,1,0,9,315675,Jusef Erabi,Substitute,0,1,359099,29,359099.0,2700.0,45',0,0,-1,,,,2025-07-21 04:38:10
13086,725925,2495,home,1,4-1-4-1,1,0,17,313464,Ibrahima Fofana,Substitute,0,1,312880,26,312880.0,4920.0,82',0,0,-1,,,,2025-08-11 04:41:30
13086,725925,2495,home,1,4-1-4-1,1,0,7,303670,Paulos Abraham,Substitute,0,0,0,-1,,,,0,0,-1,,,,2025-07-21 04:38:10
13086,725925,2495,home,1,4-1-4-1,1,0,27,301372,Felix Jakobsson,Substitute,0,0,0,-1,,,,0,0,-1,,,,2025-07-21 04:38:10
13086,725925,2495,home,1,4-1-4-1,1,0,3,272714,Frederik Winther,Substitute,0,1,249160,6,249160.0,2700.0,45',0,0,-1,,,,2025-07-21 04:38:10
13086,725925,2495,home,1,4-1-4-1,1,0,11,205374,Oscar Johansson Schellhas,Substitute,0,1,382504,2,382504.0,2700.0,45',0,0,-1,,,,2025-07-21 04:38:10
13086,725925,2495,home,1,4-1-4-1,1,0,22,210020,Jacob Ortmark,Substitute,0,0,0,-1,,,,0,0,-1,,,,2025-08-08 04:46:27
13086,725925,8221,away,0,4-2-3-1,1,1,40,390019,Leo Cavallius,Goalkeeper,1,0,0,-1,,,,0,0,-1,,,,2025-07-21 04:38:10
13086,725925,8221,away,0,4-2-3-1,1,1,21,302691,Alex Timossi Andersson,Right Back,2,0,0,-1,,,,0,0,-1,,,,2025-07-21 04:38:10
13086,725925,8221,away,0,4-2-3-1,1,1,6,313932,Oliver Zandén,Left Back,3,0,0,-1,,,,0,0,-1,,,,2025-07-21 04:38:10
13086,725925,8221,away,0,4-2-3-1,1,1,5,251486,Serge-Junior Martinsson Ngouali,Left Midfielder,4,0,0,-1,,,,1,356378,10,356378.0,2100.0,35',2025-07-21 04:38:10
13086,725925,8221,away,0,4-2-3-1,1,1,3,162464,Even Hovland,Center Right Defender,5,0,0,-1,,,,0,0,-1,,,,2025-07-24 04:40:05
13086,725925,8221,away,0,4-2-3-1,1,1,4,208616,Eric Bjorkander,Center Left Defender,6,0,0,-1,,,,0,0,-1,,,,2025-07-24 04:40:05
13086,725925,8221,away,0,4-2-3-1,1,1,19,243322,Daleho Irandust,Attacking Midfielder Right,7,0,0,-1,,,,0,0,-1,,,,2025-07-21 04:38:10
13086,725925,8221,away,0,4-2-3-1,1,1,24,257624,Kevin Ackermann,Right Midfielder,8,0,0,-1,,,,1,357143,17,357143.0,5220.0,87',2025-07-21 04:38:10
13086,725925,8221,away,0,4-2-3-1,1,1,23,399426,Ezekiel Alladoh,Forward,9,0,0,-1,,,,1,399423,31,399423.0,4440.0,74',2025-07-21 04:38:10
13086,725925,8221,away,0,4-2-3-1,1,1,16,274984,Adam Jakobsen,Attacking Midfielder,10,0,0,-1,,,,0,0,-1,,,,2025-07-21 04:38:10
13086,725925,8221,away,0,4-2-3-1,1,1,7,320883,Victor Lind,Attacking Midfielder Left,11,0,0,-1,,,,1,336115,11,336115.0,5220.0,87',2025-07-21 04:38:10
13086,725925,8221,away,0,4-2-3-1,1,0,28,195090,Isak Ssewankambo,Substitute,0,0,0,-1,,,,0,0,-1,,,,2025-07-21 04:38:10
13086,725925,8221,away,0,4-2-3-1,1,0,25,146116,Davor Blazevic,Substitute,0,0,0,-1,,,,0,0,-1,,,,2025-07-21 04:38:10
13086,725925,8221,away,0,4-2-3-1,1,0,11,336115,Rasmus Örqvist,Substitute,0,1,320883,7,320883.0,5220.0,87',0,0,-1,,,,2025-07-21 04:38:10
13086,725925,8221,away,0,4-2-3-1,1,0,10,356378,Wilmer Odefalk,Substitute,0,1,251486,5,251486.0,2100.0,35',0,0,-1,,,,2025-07-21 04:38:10
13086,725925,8221,away,0,4-2-3-1,1,0,17,357143,Anton Kurochkin,Substitute,0,1,257624,24,257624.0,5220.0,87',0,0,-1,,,,2025-07-21 04:38:10
13086,725925,8221,away,0,4-2-3-1,1,0,12,380680,Charlie Nildén,Substitute,0,0,0,-1,,,,0,0,-1,,,,2025-07-21 04:38:10
13086,725925,8221,away,0,4-2-3-1,1,0,39,134643,Nabil Bahoui,Substitute,0,0,0,-1,,,,0,0,-1,,,,2025-07-21 04:38:10
13086,725925,8221,away,0,4-2-3-1,1,0,31,399423,Love Arrhov,Substitute,0,1,399426,23,399426.0,4440.0,74',0,0,-1,,,,2025-07-21 04:38:10
13086,725925,8221,away,0,4-2-3-1,1,0,32,399427,Oskar Cotton,Substitute,0,0,0,-1,,,,0,0,-1,,,,2025-07-21 04:38:10
13086,725926,20301,home,1,3-4-2-1,1,1,1,301377,Noel Törnqvist,Goalkeeper,1,0,0,-1,,,,0,0,-1,,,,2025-07-24 04:40:05
13086,725926,20301,home,1,3-4-2-1,1,1,14,312876,Herman Johansson,Right Midfielder,2,0,0,-1,,,,1,269109,11,269109.0,4920.0,82',2025-07-24 04:40:05
13086,725926,20301,home,1,3-4-2-1,1,1,17,357145,Elliot Stroud,Left Midfielder,3,0,0,-1,,,,0,0,-1,,,,2025-07-24 04:40:05
13086,725926,20301,home,1,3-4-2-1,1,1,24,172917,Tom Pettersson,Center Left Defender,4,0,0,-1,,,,1,356281,5,356281.0,4500.0,75',2025-07-24 04:40:05
13086,725926,20301,home,1,3-4-2-1,1,1,13,259548,Jakob Kiilerich,Center Defender,5,0,0,-1,,,,0,0,-1,,,,2025-07-24 04:40:05
13086,725926,20301,home,1,3-4-2-1,1,1,4,306289,Axel Norén,Center Right Defender,6,0,0,-1,,,,0,0,-1,,,,2025-07-24 04:40:05
13086,725926,20301,home,1,3-4-2-1,1,1,22,192793,Jesper Gustavsson,Center Right Midfielder,7,0,0,-1,,,,0,0,-1,,,,2025-07-24 04:40:05
13086,725926,20301,home,1,3-4-2-1,1,1,6,356408,Ludwig Malachowski,Center Left Midfielder,8,0,0,-1,,,,1,303653,21,303653.0,4500.0,75',2025-07-24 04:40:05
13086,725926,20301,home,1,3-4-2-1,1,1,16,301382,Alexander Johansson,Forward,9,0,0,-1,,,,1,346501,27,346501.0,4500.0,75',2025-07-24 04:40:05
13086,725926,20301,home,1,3-4-2-1,1,1,7,303651,Viktor Gustafson,Center Right Forward,10,0,0,-1,,,,0,0,-1,,,,2025-07-24 04:40:05
13086,725926,20301,home,1,3-4-2-1,1,1,19,380320,Abdoulie Manneh,Center Left Forward,11,0,0,-1,,,,1,389637,39,389637.0,5220.0,87',2025-07-24 04:40:05
13086,725926,20301,home,1,3-4-2-1,1,0,5,356281,Abdullah Iqbal,Substitute,0,1,172917,24,172917.0,4500.0,75',0,0,-1,,,,2025-07-24 04:40:05
13086,725926,20301,home,1,3-4-2-1,1,0,27,346501,Ludvig Tidstrand,Substitute,0,1,301382,16,301382.0,4500.0,75',0,0,-1,,,,2025-07-24 04:40:05
13086,725926,20301,home,1,3-4-2-1,1,0,30,336376,Hugo Fagerberg,Substitute,0,0,0,-1,,,,0,0,-1,,,,2025-07-24 04:40:05
13086,725926,20301,home,1,3-4-2-1,1,0,3,382147,Christian Tchouante,Substitute,0,0,0,-1,,,,0,0,-1,,,,2025-07-24 04:40:05
13086,725926,20301,home,1,3-4-2-1,1,0,21,303653,Adam Petersson,Substitute,0,1,356408,6,356408.0,4500.0,75',0,0,-1,,,,2025-07-24 04:40:05
13086,725926,20301,home,1,3-4-2-1,1,0,11,269109,Timo Stavitski,Substitute,0,1,312876,14,312876.0,4920.0,82',0,0,-1,,,,2025-07-24 04:40:05
13086,725926,20301,home,1,3-4-2-1,1,0,35,151931,Alexander Lundin,Substitute,0,0,0,-1,,,,0,0,-1,,,,2025-07-24 04:40:05
13086,725926,20301,home,1,3-4-2-1,1,0,23,407625,Charles Rosén,Substitute,0,0,0,-1,,,,0,0,-1,,,,2025-07-24 04:40:05
13086,725926,20301,home,1,3-4-2-1,1,0,39,389637,Romeo Leandersson,Substitute,0,1,380320,19,380320.0,5220.0,87',0,0,-1,,,,2025-07-24 04:40:05
13086,725926,994,away,0,3-4-3,1,1,15,133993,Kristoffer Nordfeldt,Goalkeeper,1,0,0,-1,,,,0,0,-1,,,,2025-07-21 04:38:10
13086,725926,994,away,0,3-4-3,1,1,17,229692,Mads Thychosen,Right Midfielder,2,0,0,-1,,,,0,0,-1,,,,2025-07-21 04:38:10
13086,725926,994,away,0,3-4-3,1,1,19,237759,Dino Besirovic,Left Midfielder,3,0,0,-1,,,,1,305500,9,305500.0,4920.0,82',2025-07-21 04:38:10
13086,725926,994,away,0,3-4-3,1,1,3,258904,Thomas Isherwood,Center Left Defender,4,0,0,-1,,,,1,357135,18,357135.0,4920.0,82',2025-07-21 04:38:10
13086,725926,994,away,0,3-4-3,1,1,4,223140,Sotiris Papagiannopoulos,Center Defender,5,0,0,-1,,,,0,0,-1,,,,2025-07-21 04:38:10
13086,725926,994,away,0,3-4-3,1,1,32,222606,Filip Benkovic,Center Right Defender,6,0,0,-1,,,,0,0,-1,,,,2025-07-21 04:38:10
13086,725926,994,away,0,3-4-3,1,1,7,193105,Anton Saletros,Center Right Midfielder,7,0,0,-1,,,,0,0,-1,,,,2025-07-21 04:38:10
13086,725926,994,away,0,3-4-3,1,1,33,322466,Áron Csongvai,Center Left Midfielder,8,0,0,-1,,,,0,0,-1,,,,2025-07-21 04:38:10
13086,725926,994,away,0,3-4-3,1,1,20,364726,Erik Flataker,Forward,9,0,0,-1,,,,1,146893,11,146893.0,3720.0,62',2025-07-21 04:38:10
13086,725926,994,away,0,3-4-3,1,1,45,347636,Taha Ayari,Center Right Forward,10,0,0,-1,,,,1,215152,10,215152.0,3720.0,62',2025-07-21 04:38:10
13086,725926,994,away,0,3-4-3,1,1,8,236162,Johan Hove,Center Left Forward,11,0,0,-1,,,,0,0,-1,,,,2025-07-21 04:38:10
13086,725926,994,away,0,3-4-3,1,0,5,325409,Kazper Karlsson,Substitute,0,0,0,-1,,,,0,0,-1,,,,2025-07-21 04:38:10
13086,725926,994,away,0,3-4-3,1,0,9,305500,Andronikos Kakoulis,Substitute,0,1,237759,19,237759.0,4920.0,82',0,0,-1,,,,2025-07-21 04:38:10
13086,725926,994,away,0,3-4-3,1,0,16,261614,Benjamin Hansen,Substitute,0,0,0,-1,,,,0,0,-1,,,,2025-08-08 04:46:27
13086,725926,994,away,0,3-4-3,1,0,12,353460,Charlie Pavey,Substitute,0,0,0,-1,,,,0,0,-1,,,,2025-07-21 04:38:10
13086,725926,994,away,0,3-4-3,1,0,30,218410,Kalle Joelsson,Substitute,0,0,0,-1,,,,0,0,-1,,,,2025-07-21 04:38:10
13086,725926,994,away,0,3-4-3,1,0,10,215152,Bersant Celina,Substitute,0,1,347636,45,347636.0,3720.0,62',0,0,-1,,,,2025-07-21 04:38:10
13086,725926,994,away,0,3-4-3,1,0,11,146893,John Guidetti,Substitute,0,1,364726,20,364726.0,3720.0,62',0,0,-1,,,,2025-07-21 04:38:10
13086,725926,994,away,0,3-4-3,1,0,18,357135,Abdihakim Ali,Substitute,0,1,258904,3,258904.0,4920.0,82',0,0,-1,,,,2025-07-21 04:38:10
13086,725927,8544,home,1,4-4-1-1,1,1,40,19242,David Andersson,Goalkeeper,1,0,0,-1,,,,0,0,-1,,,,2025-07-23 04:37:54
13086,725927,8544,home,1,4-4-1-1,1,1,37,345975,Moutaz Neffati,Right Back,2,0,0,-1,,,,0,0,-1,,,,2025-07-23 04:37:54
13086,725927,8544,home,1,4-4-1-1,1,1,2,357205,Kojo Peprah Oppong,Left Back,3,0,0,-1,,,,1,359167,3,359167.0,4380.0,73',2025-07-23 04:37:54
13086,725927,8544,home,1,4-4-1-1,1,1,20,400367,Axel Brönner,Center Right Midfielder,4,0,0,-1,,,,1,286930,11,286930.0,3900.0,65',2025-07-23 04:37:54
13086,725927,8544,home,1,4-4-1-1,1,1,4,356374,Amadeus Sögaard,Center Right Defender,5,0,0,-1,,,,0,0,-1,,,,2025-07-23 04:37:54
13086,725927,8544,home,1,4-4-1-1,1,1,19,238431,Max Watson,Center Left Defender,6,0,0,-1,,,,0,0,-1,,,,2025-07-23 04:37:54
13086,725927,8544,home,1,4-4-1-1,1,1,22,287215,Tim Prica,Right Midfielder,7,0,0,-1,,,,1,306290,14,306290.0,4620.0,77',2025-07-23 04:37:54
13086,725927,8544,home,1,4-4-1-1,1,1,7,232279,Alexander Fransson,Center Left Midfielder,8,0,0,-1,,,,0,0,-1,,,,2025-07-23 04:37:54
13086,725927,8544,home,1,4-4-1-1,1,1,5,158978,Christoffer Nyman,Forward,9,0,0,-1,,,,0,0,-1,,,,2025-07-23 04:37:54
13086,725927,8544,home,1,4-4-1-1,1,1,9,230353,Arnór Traustason,Rear Center Forward,10,0,0,-1,,,,1,389749,28,389749.0,3840.0,64',2025-07-23 04:37:54
13086,725927,8544,home,1,4-4-1-1,1,1,8,321404,Ísak Andri Sigurgeirsson,Left Midfielder,11,0,0,-1,,,,0,0,-1,,,,2025-07-23 04:37:54
13086,725927,8544,home,1,4-4-1-1,1,0,33,404755,William Bergman,Substitute,0,0,0,-1,,,,0,0,-1,,,,2025-07-23 04:37:54
13086,725927,8544,home,1,4-4-1-1,1,0,32,403473,Hugo Ringsten,Substitute,0,0,0,-1,,,,0,0,-1,,,,2025-07-23 04:37:54
13086,725927,8544,home,1,4-4-1-1,1,0,18,400219,Jónatan Gudni Arnarsson,Substitute,0,0,0,-1,,,,0,0,-1,,,,2025-07-23 04:37:54
13086,725927,8544,home,1,4-4-1-1,1,0,28,389749,Åke Andersson,Substitute,0,1,230353,9,230353.0,3840.0,64',0,0,-1,,,,2025-07-23 04:37:54
13086,725927,8544,home,1,4-4-1-1,1,0,3,359167,Marcus Baggesen,Substitute,0,1,357205,2,357205.0,4380.0,73',0,0,-1,,,,2025-07-23 04:37:54
13086,725927,8544,home,1,4-4-1-1,1,0,24,334015,Anton Eriksson,Substitute,0,0,0,-1,,,,0,0,-1,,,,2025-07-23 04:37:54
13086,725927,8544,home,1,4-4-1-1,1,0,14,306290,Yahya Kalley,Substitute,0,1,287215,22,287215.0,4620.0,77',0,0,-1,,,,2025-07-23 04:37:54
13086,725927,8544,home,1,4-4-1-1,1,0,11,286930,Ismet Lushaku,Substitute,0,1,400367,20,400367.0,3900.0,65',0,0,-1,,,,2025-07-23 04:37:54
13086,725927,8544,home,1,4-4-1-1,1,0,30,380189,Theo Krantz,Substitute,0,0,0,-1,,,,0,0,-1,,,,2025-07-23 04:37:54
13086,725927,21382,away,0,4-1-4-1,1,1,1,277177,Hugo Keto,Goalkeeper,1,0,0,-1,,,,0,0,-1,,,,2025-07-22 04:38:55
13086,725927,21382,away,0,4-1-4-1,1,1,2,380552,Johan Rapp,Right Back,2,0,0,-1,,,,0,0,-1,,,,2025-07-22 04:38:55
13086,725927,21382,away,0,4-1-4-1,1,1,24,357202,Emin Grozdanic,Left Back,3,0,0,-1,,,,1,272272,3,272272.0,2700.0,45',2025-07-22 04:38:55
13086,725927,21382,away,0,4-1-4-1,1,1,22,158993,Simon Thern,Defensive Midfielder,4,0,0,-1,,,,1,386317,16,386317.0,2700.0,45',2025-07-22 04:38:55
13086,725927,21382,away,0,4-1-4-1,1,1,6,267616,Hugo Andersson,Center Right Defender,5,0,0,-1,,,,0,0,-1,,,,2025-07-22 04:38:55
13086,725927,21382,away,0,4-1-4-1,1,1,4,383897,Rufai Mohammed,Center Left Defender,6,0,0,-1,,,,0,0,-1,,,,2025-07-22 04:38:55
13086,725927,21382,away,0,4-1-4-1,1,1,32,353250,Kenan Bilalovic,Right Midfielder,7,0,0,-1,,,,1,159526,27,159526.0,4860.0,81',2025-07-22 04:38:55
13086,725927,21382,away,0,4-1-4-1,1,1,7,193351,Carl Johansson,Center Right Midfielder,8,0,0,-1,,,,0,0,-1,,,,2025-07-22 04:38:55
13086,725927,21382,away,0,4-1-4-1,1,1,14,153631,Marcus Antonsson,Forward,9,0,0,-1,,,,0,0,-1,,,,2025-07-22 04:38:55
13086,725927,21382,away,0,4-1-4-1,1,1,25,312873,Noah Shamoun,Center Left Midfielder,10,0,0,-1,,,,1,303750,21,303750.0,3660.0,61',2025-07-22 04:38:55
13086,725927,21382,away,0,4-1-4-1,1,1,10,345479,Ajdin Zeljkovic,Left Midfielder,11,0,0,-1,,,,1,381397,18,381397.0,2700.0,45',2025-07-22 04:38:55
13086,725927,21382,away,0,4-1-4-1,1,0,16,386317,Antonio Kujundzic,Substitute,0,1,158993,22,158993.0,2700.0,45',0,0,-1,,,,2025-07-22 04:38:55
13086,725927,21382,away,0,4-1-4-1,1,0,17,365517,Fred Bozicevic,Substitute,0,0,0,-1,,,,0,0,-1,,,,2025-07-22 04:38:55
13086,725927,21382,away,0,4-1-4-1,1,0,18,381397,Mohammad Alsalkhadi,Substitute,0,1,345479,10,345479.0,2700.0,45',0,0,-1,,,,2025-07-22 04:38:55
13086,725927,21382,away,0,4-1-4-1,1,0,39,341335,Viktor Andersson,Substitute,0,0,0,-1,,,,0,0,-1,,,,2025-07-22 04:38:55
13086,725927,21382,away,0,4-1-4-1,1,0,5,334035,Victor Larsson,Substitute,0,0,0,-1,,,,0,0,-1,,,,2025-07-22 04:38:55
13086,725927,21382,away,0,4-1-4-1,1,0,20,334028,Freddy Winsth,Substitute,0,0,0,-1,,,,0,0,-1,,,,2025-07-22 04:38:55
13086,725927,21382,away,0,4-1-4-1,1,0,21,303750,Abdulrazaq Ishaq,Substitute,0,1,312873,25,312873.0,3660.0,61',0,0,-1,,,,2025-07-22 04:38:55
13086,725927,21382,away,0,4-1-4-1,1,0,3,272272,Axel Björnström,Substitute,0,1,357202,24,357202.0,2700.0,45',0,0,-1,,,,2025-07-22 04:38:55
13086,725927,21382,away,0,4-1-4-1,1,0,27,159526,Souleymane Coulibaly,Substitute,0,1,353250,32,353250.0,4860.0,81',0,0,-1,,,,2025-07-22 04:38:55
13086,725928,8547,home,0,4-2-3-1,1,1,34,325348,David Celic,Goalkeeper,1,0,0,-1,,,,0,0,-1,,,,2025-07-24 04:40:05
13086,725928,8547,home,0,4-2-3-1,1,1,2,235919,Henrik Castegren,Right Back,2,0,0,-1,,,,1,315677,18,315677.0,4980.0,83',2025-07-24 04:40:05
13086,725928,8547,home,0,4-2-3-1,1,1,21,235518,Dennis Widgren,Left Back,3,0,0,-1,,,,1,382138,20,382138.0,4440.0,74',2025-07-24 04:40:05
13086,725928,8547,home,0,4-2-3-1,1,1,17,15527,Marcus Lindberg,Left Midfielder,4,0,0,-1,,,,0,0,-1,,,,2025-07-24 04:40:05
13086,725928,8547,home,0,4-2-3-1,1,1,15,186504,Simon Sandberg,Center Right Defender,5,0,0,-1,,,,0,0,-1,,,,2025-07-24 04:40:05
13086,725928,8547,home,0,4-2-3-1,1,1,4,366597,Tobias Anker,Center Left Defender,6,0,0,-1,,,,0,0,-1,,,,2025-07-24 04:40:05
13086,725928,8547,home,0,4-2-3-1,1,1,29,344867,Isak Bjerkebo,Attacking Midfielder Right,7,0,0,-1,,,,1,22706,7,22706.0,3600.0,60',2025-07-24 04:40:05
13086,725928,8547,home,0,4-2-3-1,1,1,10,358564,Melker Heier,Right Midfielder,8,0,0,-1,,,,1,322919,16,322919.0,4920.0,82',2025-07-24 04:40:05
13086,725928,8547,home,0,4-2-3-1,1,1,9,322993,Robbie Ure,Forward,9,0,0,-1,,,,0,0,-1,,,,2025-07-24 04:40:05
13086,725928,8547,home,0,4-2-3-1,1,1,24,401059,Victor Svensson,Attacking Midfielder,10,0,0,-1,,,,1,309271,19,309271.0,4440.0,74',2025-07-24 04:40:05
13086,725928,8547,home,0,4-2-3-1,1,1,14,323176,Leo Walta,Attacking Midfielder Left,11,0,0,-1,,,,0,0,-1,,,,2025-07-24 04:40:05
13086,725928,8547,home,0,4-2-3-1,1,0,16,322919,Herman Sjögrell,Substitute,0,1,358564,10,358564.0,4920.0,82',0,0,-1,,,,2025-07-24 04:40:05
13086,725928,8547,home,0,4-2-3-1,1,0,18,315677,Adam Wikman,Substitute,0,1,235919,2,235919.0,4980.0,83',0,0,-1,,,,2025-07-24 04:40:05
13086,725928,8547,home,0,4-2-3-1,1,0,1,313973,Ismael Diawara,Substitute,0,0,0,-1,,,,0,0,-1,,,,2025-07-24 04:40:05
13086,725928,8547,home,0,4-2-3-1,1,0,19,309271,Noel Milleskog,Substitute,0,1,401059,24,401059.0,4440.0,74',0,0,-1,,,,2025-07-24 04:40:05
13086,725928,8547,home,0,4-2-3-1,1,0,7,22706,Joakim Persson,Substitute,0,1,344867,29,344867.0,3600.0,60',0,0,-1,,,,2025-07-24 04:40:05
13086,725928,8547,home,0,4-2-3-1,1,0,33,342596,Saba Mamatsashvili,Substitute,0,0,0,-1,,,,0,0,-1,,,,2025-07-24 04:40:05
13086,725928,8547,home,0,4-2-3-1,1,0,20,382138,Victor Ekström,Substitute,0,1,235518,21,235518.0,4440.0,74',0,0,-1,,,,2025-07-24 04:40:05
13086,725928,8547,home,0,4-2-3-1,1,0,23,407098,Finlay Neat,Substitute,0,0,0,-1,,,,0,0,-1,,,,2025-07-24 04:40:05
13086,725928,8547,home,0,4-2-3-1,1,0,13,298341,Jakob Voelkerling Persson,Substitute,0,0,0,-1,,,,0,0,-1,,,,2025-07-24 04:40:05
13086,725928,2556,away,1,4-2-3-1,1,1,25,359784,Elis Bishesari,Goalkeeper,1,0,0,-1,,,,0,0,-1,,,,2025-07-21 04:38:10
13086,725928,2556,away,1,4-2-3-1,1,1,29,343958,Thomas Santos,Right Back,2,0,0,-1,,,,1,343826,16,343826.0,4860.0,81',2025-07-21 04:38:10
13086,725928,2556,away,1,4-2-3-1,1,1,22,383948,Noah Tolf,Left Back,3,0,0,-1,,,,0,0,-1,,,,2025-07-21 04:38:10
13086,725928,2556,away,1,4-2-3-1,1,1,15,307947,David Kruse,Left Midfielder,4,0,0,-1,,,,0,0,-1,,,,2025-07-21 04:38:10
13086,725928,2556,away,1,4-2-3-1,1,1,5,220974,Jonas Bager,Center Right Defender,5,0,0,-1,,,,0,0,-1,,,,2025-07-21 04:38:10
13086,725928,2556,away,1,4-2-3-1,1,1,3,241163,August Erlingmark,Center Left Defender,6,0,0,-1,,,,0,0,-1,,,,2025-07-21 04:38:10
13086,725928,2556,away,1,4-2-3-1,1,1,7,390390,Sebastian Clemmensen,Attacking Midfielder Right,7,0,0,-1,,,,1,349811,18,349811.0,4380.0,73',2025-07-21 04:38:10
13086,725928,2556,away,1,4-2-3-1,1,1,23,289882,Kolbeinn Thordarson,Right Midfielder,8,0,0,-1,,,,1,297985,8,297985.0,3720.0,62',2025-07-21 04:38:10
13086,725928,2556,away,1,4-2-3-1,1,1,9,303768,Max Fenger,Forward,9,0,0,-1,,,,0,0,-1,,,,2025-07-21 04:38:10
13086,725928,2556,away,1,4-2-3-1,1,1,14,219163,Tobias Heintz,Attacking Midfielder,10,0,0,-1,,,,0,0,-1,,,,2025-07-21 04:38:10
13086,725928,2556,away,1,4-2-3-1,1,1,11,297099,Saidou Alioum Moubarak,Attacking Midfielder Left,11,0,0,-1,,,,1,380238,26,380238.0,4860.0,81',2025-07-21 04:38:10
13086,725928,2556,away,1,4-2-3-1,1,0,26,380238,Benjamin Brantlind,Substitute,0,1,297099,11,297099.0,4860.0,81',0,0,-1,,,,2025-07-21 04:38:10
13086,725928,2556,away,1,4-2-3-1,1,0,4,366598,Rockson Yeboah,Substitute,0,0,0,-1,,,,0,0,-1,,,,2025-07-21 04:38:10
13086,725928,2556,away,1,4-2-3-1,1,0,18,349811,Felix Eriksson,Substitute,0,1,390390,7,390390.0,4380.0,73',0,0,-1,,,,2025-07-21 04:38:10
13086,725928,2556,away,1,4-2-3-1,1,0,16,343826,Linus Carlstrand,Substitute,0,1,343958,29,343958.0,4860.0,81',0,0,-1,,,,2025-07-21 04:38:10
13086,725928,2556,away,1,4-2-3-1,1,0,27,401205,Alfons Borén,Substitute,0,0,0,-1,,,,0,0,-1,,,,2025-07-21 04:38:10
13086,725928,2556,away,1,4-2-3-1,1,0,8,297985,Imam Jagne,Substitute,0,1,289882,23,289882.0,3720.0,62',0,0,-1,,,,2025-07-21 04:38:10
13086,725928,2556,away,1,4-2-3-1,1,0,1,235504,Pontus Dahlberg,Substitute,0,0,0,-1,,,,0,0,-1,,,,2025-07-21 04:38:10
13086,725929,2936,home,0,4-1-4-1,1,1,13,400366,Robin Wallinder,Goalkeeper,1,0,0,-1,,,,0,0,-1,,,,2025-07-20 04:35:40
13086,725929,2936,home,0,4-1-4-1,1,1,33,354345,Tatu Varmanen,Right Back,2,0,0,-1,,,,1,349204,16,349204.0,3600.0,60',2025-07-20 04:35:40
13086,725929,2936,home,0,4-1-4-1,1,1,21,400371,Lars Bergquist,Left Back,3,0,0,-1,,,,0,0,-1,,,,2025-07-20 04:35:40
13086,725929,2936,home,0,4-1-4-1,1,1,26,238868,Magnus Christensen,Defensive Midfielder,4,0,0,-1,,,,0,0,-1,,,,2025-07-20 04:35:40
13086,725929,2936,home,0,4-1-4-1,1,1,5,354352,Mattis Adolfsson,Center Right Defender,5,0,0,-1,,,,0,0,-1,,,,2025-07-20 04:35:40
13086,725929,2936,home,0,4-1-4-1,1,1,15,316395,Ivan Kricak,Center Left Defender,6,0,0,-1,,,,0,0,-1,,,,2025-07-20 04:35:40
13086,725929,2936,home,0,4-1-4-1,1,1,24,312874,Patriot Sejdiu,Right Midfielder,7,0,0,-1,,,,1,289844,19,289844.0,5400.0,90'+5',2025-07-20 04:35:40
13086,725929,2936,home,0,4-1-4-1,1,1,6,307747,Noah Soderberg,Center Right Midfielder,8,0,0,-1,,,,0,0,-1,,,,2025-07-20 04:35:40
13086,725929,2936,home,0,4-1-4-1,1,1,20,217300,Alibek Aliev,Forward,9,0,0,-1,,,,0,0,-1,,,,2025-07-20 04:35:40
13086,725929,2936,home,0,4-1-4-1,1,1,18,311161,Daniel Ljung,Center Left Midfielder,10,0,0,-1,,,,0,0,-1,,,,2025-07-20 04:35:40
13086,725929,2936,home,0,4-1-4-1,1,1,10,334005,Oscar Uddenas,Left Midfielder,11,0,0,-1,,,,1,332413,34,332413.0,4500.0,75',2025-07-20 04:35:40
13086,725929,2936,home,0,4-1-4-1,1,0,34,332413,Joel Voelkerling Persson,Substitute,0,1,334005,10,334005.0,4500.0,75',0,0,-1,,,,2025-07-20 04:35:40
13086,725929,2936,home,0,4-1-4-1,1,0,23,222639,Vladimir Rodic,Substitute,0,0,0,-1,,,,0,0,-1,,,,2025-07-20 04:35:40
13086,725929,2936,home,0,4-1-4-1,1,0,4,238435,Sebastian Starke Hedlund,Substitute,0,0,0,-1,,,,0,0,-1,,,,2025-07-20 04:35:40
13086,725929,2936,home,0,4-1-4-1,1,0,19,289844,Matias Tamminen,Substitute,0,1,312874,24,312874.0,5400.0,90'+5',0,0,-1,,,,2025-07-20 04:35:40
13086,725929,2936,home,0,4-1-4-1,1,0,16,349204,Raymond Adjei,Substitute,0,1,354345,33,354345.0,3600.0,60',0,0,-1,,,,2025-07-20 04:35:40
13086,725929,2936,home,0,4-1-4-1,1,0,8,385181,Daniel Ask,Substitute,0,0,0,-1,,,,0,0,-1,,,,2025-07-20 04:35:40
13086,725929,2936,home,0,4-1-4-1,1,0,9,398188,Niklas Soderberg,Substitute,0,0,0,-1,,,,0,0,-1,,,,2025-07-20 04:35:40
13086,725929,2936,home,0,4-1-4-1,1,0,14,173508,Dennis Olsson,Substitute,0,0,0,-1,,,,0,0,-1,,,,2025-07-20 04:35:40
13086,725929,2936,home,0,4-1-4-1,1,0,32,400368,Carl Lundahl Persson,Substitute,0,0,0,-1,,,,0,0,-1,,,,2025-07-20 04:35:40
13086,725929,2720,away,1,3-4-1-2,1,1,30,178176,Robin Olsen,Goalkeeper,1,0,0,-1,,,,0,0,-1,,,,2025-07-23 04:37:54
13086,725929,2720,away,1,3-4-1-2,1,1,37,364698,Adrian Skogmar,Right Midfielder,2,0,0,-1,,,,0,0,-1,,,,2025-07-23 04:37:54
13086,725929,2720,away,1,3-4-1-2,1,1,25,301219,Busanello,Left Midfielder,3,0,0,-1,,,,0,0,-1,,,,2025-07-23 04:37:54
13086,725929,2720,away,1,3-4-1-2,1,1,5,312108,Andrej Duric,Center Left Defender,4,0,0,-1,,,,1,380679,35,380679.0,3600.0,60',2025-07-23 04:37:54
13086,725929,2720,away,1,3-4-1-2,1,1,18,135579,Pontus Jansson,Center Defender,5,0,0,-1,,,,0,0,-1,,,,2025-07-23 04:37:54
13086,725929,2720,away,1,3-4-1-2,1,1,19,279135,Colin Rösler,Center Right Defender,6,0,0,-1,,,,0,0,-1,,,,2025-07-23 04:37:54
13086,725929,2720,away,1,3-4-1-2,1,1,40,381395,Kenan Busuladzic,Center Right Midfielder,7,0,0,-1,,,,1,138055,16,138055.0,3660.0,61',2025-07-23 04:37:54
13086,725929,2720,away,1,3-4-1-2,1,1,7,315679,Otto Rosengren,Center Left Midfielder,8,0,0,-1,,,,0,0,-1,,,,2025-07-23 04:37:54
13086,725929,2720,away,1,3-4-1-2,1,1,38,330239,Hugo Bolin,Attacking Midfielder,9,0,0,-1,,,,1,308880,11,308880.0,5280.0,88',2025-07-23 04:37:54
13086,725929,2720,away,1,3-4-1-2,1,1,32,360023,Daniel Gudjohnsen,Center Right Forward,10,0,0,-1,,,,1,314164,22,314164.0,2700.0,45',2025-07-23 04:37:54
13086,725929,2720,away,1,3-4-1-2,1,1,29,218450,Sead Haksabanovic,Center Left Forward,11,0,0,-1,,,,1,255228,8,255228.0,4620.0,77',2025-07-23 04:37:54
13086,725929,2720,away,1,3-4-1-2,1,0,22,314164,Taha Ali,Substitute,0,1,360023,32,360023.0,2700.0,45',0,0,-1,,,,2025-07-23 04:37:54
13086,725929,2720,away,1,3-4-1-2,1,0,16,138055,Oliver Berg,Substitute,0,1,381395,40,381395.0,3660.0,61',0,0,-1,,,,2025-07-23 04:37:54
13086,725929,2720,away,1,3-4-1-2,1,0,6,162738,Oscar Lewicki,Substitute,0,0,0,-1,,,,0,0,-1,,,,2025-07-23 04:37:54
13086,725929,2720,away,1,3-4-1-2,1,0,9,166657,Isaac Kiese Thelin,Substitute,0,0,0,-1,,,,0,0,-1,,,,2025-07-23 04:37:54
13086,725929,2720,away,1,3-4-1-2,1,0,35,380679,Nils Zätterström,Substitute,0,1,312108,5,312108.0,3600.0,60',0,0,-1,,,,2025-07-23 04:37:54
13086,725929,2720,away,1,3-4-1-2,1,0,8,255228,Arnór Sigurdsson,Substitute,0,1,218450,29,218450.0,4620.0,77',0,0,-1,,,,2025-07-23 04:37:54
13086,725929,2720,away,1,3-4-1-2,1,0,34,368582,Zakaria Loukili,Substitute,0,0,0,-1,,,,0,0,-1,,,,2025-07-23 04:37:54
13086,725929,2720,away,1,3-4-1-2,1,0,33,307800,Melker Ellborg,Substitute,0,0,0,-1,,,,0,0,-1,,,,2025-07-23 04:37:54
13086,725929,2720,away,1,3-4-1-2,1,0,11,308880,Emmanuel Ekong,Substitute,0,1,330239,38,330239.0,5280.0,88',0,0,-1,,,,2025-07-23 04:37:54
13086,725930,994,home,0,3-4-2-1,1,1,30,218410,Kalle Joelsson,Goalkeeper,1,0,0,-1,,,,0,0,-1,,,,2025-08-01 04:37:19
13086,725930,994,home,0,3-4-2-1,1,1,17,229692,Mads Thychosen,Right Midfielder,2,0,0,-1,,,,0,0,-1,,,,2025-08-01 04:37:19
13086,725930,994,home,0,3-4-2-1,1,1,46,406317,Yannick Geiger,Left Midfielder,3,0,0,-1,,,,1,236162,8,236162.0,4200.0,70',2025-08-01 04:37:19
13086,725930,994,home,0,3-4-2-1,1,1,3,258904,Thomas Isherwood,Center Left Defender,4,0,0,-1,,,,1,261614,16,261614.0,4740.0,79',2025-08-01 04:37:19
13086,725930,994,home,0,3-4-2-1,1,1,4,223140,Sotiris Papagiannopoulos,Center Defender,5,0,0,-1,,,,0,0,-1,,,,2025-08-01 04:37:19
13086,725930,994,home,0,3-4-2-1,1,1,32,222606,Filip Benkovic,Center Right Defender,6,0,0,-1,,,,0,0,-1,,,,2025-08-01 04:37:19
13086,725930,994,home,0,3-4-2-1,1,1,18,357135,Abdihakim Ali,Center Right Midfielder,7,0,0,-1,,,,0,0,-1,,,,2025-08-01 04:37:19
13086,725930,994,home,0,3-4-2-1,1,1,33,322466,Áron Csongvai,Center Left Midfielder,8,0,0,-1,,,,0,0,-1,,,,2025-08-01 04:37:19
13086,725930,994,home,0,3-4-2-1,1,1,20,364726,Erik Flataker,Forward,9,0,0,-1,,,,1,146893,11,146893.0,4140.0,69',2025-08-01 04:37:19
13086,725930,994,home,0,3-4-2-1,1,1,45,347636,Taha Ayari,Center Right Forward,10,0,0,-1,,,,1,325409,5,325409.0,4980.0,83',2025-08-01 04:37:19
13086,725930,994,home,0,3-4-2-1,1,1,10,215152,Bersant Celina,Center Left Forward,11,0,0,-1,,,,0,0,-1,,,,2025-08-01 04:37:19
13086,725930,994,home,0,3-4-2-1,1,0,8,236162,Johan Hove,Substitute,0,1,406317,46,406317.0,4200.0,70',0,0,-1,,,,2025-08-01 04:37:19
13086,725930,994,home,0,3-4-2-1,1,0,13,39733,Kenny Stamatopoulos,Substitute,0,0,0,-1,,,,0,0,-1,,,,2025-08-01 04:37:19
13086,725930,994,home,0,3-4-2-1,1,0,11,146893,John Guidetti,Substitute,0,1,364726,20,364726.0,4140.0,69',0,0,-1,,,,2025-08-01 04:37:19
13086,725930,994,home,0,3-4-2-1,1,0,21,369996,Stanley Wilson,Substitute,0,0,0,-1,,,,0,0,-1,,,,2025-08-01 04:37:19
13086,725930,994,home,0,3-4-2-1,1,0,12,353460,Charlie Pavey,Substitute,0,0,0,-1,,,,0,0,-1,,,,2025-08-01 04:37:19
13086,725930,994,home,0,3-4-2-1,1,0,5,325409,Kazper Karlsson,Substitute,0,1,347636,45,347636.0,4980.0,83',0,0,-1,,,,2025-08-01 04:37:19
13086,725930,994,home,0,3-4-2-1,1,0,16,261614,Benjamin Hansen,Substitute,0,1,258904,3,258904.0,4740.0,79',0,0,-1,,,,2025-08-08 04:46:27
13086,725930,2936,away,0,4-3-3,1,1,13,400366,Robin Wallinder,Goalkeeper,1,0,0,-1,,,,0,0,-1,,,,2025-07-29 04:37:11
13086,725930,2936,away,0,4-3-3,1,1,33,354345,Tatu Varmanen,Right Back,2,0,0,-1,,,,0,0,-1,,,,2025-07-29 04:37:11
13086,725930,2936,away,0,4-3-3,1,1,21,400371,Lars Bergquist,Left Back,3,0,0,-1,,,,0,0,-1,,,,2025-07-29 04:37:11
13086,725930,2936,away,0,4-3-3,1,1,26,238868,Magnus Christensen,Center Midfielder,4,0,0,-1,,,,1,380190,3,380190.0,3180.0,53',2025-07-29 04:37:11
13086,725930,2936,away,0,4-3-3,1,1,5,354352,Mattis Adolfsson,Center Right Defender,5,0,0,-1,,,,0,0,-1,,,,2025-07-29 04:37:11
13086,725930,2936,away,0,4-3-3,1,1,15,316395,Ivan Kricak,Center Left Defender,6,0,0,-1,,,,0,0,-1,,,,2025-07-29 04:37:11
13086,725930,2936,away,0,4-3-3,1,1,18,311161,Daniel Ljung,Right Midfielder,7,0,0,-1,,,,0,0,-1,,,,2025-07-29 04:37:11
13086,725930,2936,away,0,4-3-3,1,1,7,275993,Anssi Suhonen,Left Midfielder,8,0,0,-1,,,,1,307747,6,307747.0,4380.0,73',2025-07-29 04:37:11
13086,725930,2936,away,0,4-3-3,1,1,20,217300,Alibek Aliev,Forward,9,0,0,-1,,,,0,0,-1,,,,2025-07-29 04:37:11
13086,725930,2936,away,0,4-3-3,1,1,24,312874,Patriot Sejdiu,Right Forward,10,0,0,-1,,,,1,289844,19,289844.0,4320.0,72',2025-07-29 04:37:11
13086,725930,2936,away,0,4-3-3,1,1,10,334005,Oscar Uddenas,Left Forward,11,0,0,-1,,,,1,222639,23,222639.0,5400.0,90'+2',2025-07-29 04:37:11
13086,725930,2936,away,0,4-3-3,1,0,34,332413,Joel Voelkerling Persson,Substitute,0,0,0,-1,,,,0,0,-1,,,,2025-07-29 04:37:11
13086,725930,2936,away,0,4-3-3,1,0,14,173508,Dennis Olsson,Substitute,0,0,0,-1,,,,0,0,-1,,,,2025-07-29 04:37:11
13086,725930,2936,away,0,4-3-3,1,0,23,222639,Vladimir Rodic,Substitute,0,1,334005,10,334005.0,5400.0,90'+2',0,0,-1,,,,2025-07-29 04:37:11
13086,725930,2936,away,0,4-3-3,1,0,32,400368,Carl Lundahl Persson,Substitute,0,0,0,-1,,,,0,0,-1,,,,2025-07-29 04:37:11
13086,725930,2936,away,0,4-3-3,1,0,4,238435,Sebastian Starke Hedlund,Substitute,0,0,0,-1,,,,0,0,-1,,,,2025-07-29 04:37:11
13086,725930,2936,away,0,4-3-3,1,0,3,380190,Kingsley Gyamfi,Substitute,0,1,238868,26,238868.0,3180.0,53',0,0,-1,,,,2025-07-29 04:37:11
13086,725930,2936,away,0,4-3-3,1,0,19,289844,Matias Tamminen,Substitute,0,1,312874,24,312874.0,4320.0,72',0,0,-1,,,,2025-07-29 04:37:11
13086,725930,2936,away,0,4-3-3,1,0,6,307747,Noah Soderberg,Substitute,0,1,275993,7,275993.0,4380.0,73',0,0,-1,,,,2025-07-29 04:37:11
13086,725930,2936,away,0,4-3-3,1,0,8,385181,Daniel Ask,Substitute,0,0,0,-1,,,,0,0,-1,,,,2025-07-29 04:37:11
13086,725931,8221,home,0,4-2-3-1,1,1,40,390019,Leo Cavallius,Goalkeeper,1,0,0,-1,,,,0,0,-1,,,,2025-07-28 04:36:49
13086,725931,8221,home,0,4-2-3-1,1,1,21,302691,Alex Timossi Andersson,Right Back,2,0,0,-1,,,,0,0,-1,,,,2025-07-28 04:36:49
13086,725931,8221,home,0,4-2-3-1,1,1,6,313932,Oliver Zandén,Left Back,3,0,0,-1,,,,0,0,-1,,,,2025-07-28 04:36:49
13086,725931,8221,home,0,4-2-3-1,1,1,31,399423,Love Arrhov,Left Midfielder,4,0,0,-1,,,,0,0,-1,,,,2025-07-28 04:36:49
13086,725931,8221,home,0,4-2-3-1,1,1,3,162464,Even Hovland,Center Right Defender,5,0,0,-1,,,,0,0,-1,,,,2025-07-28 04:36:49
13086,725931,8221,home,0,4-2-3-1,1,1,4,208616,Eric Bjorkander,Center Left Defender,6,0,0,-1,,,,0,0,-1,,,,2025-07-28 04:36:49
13086,725931,8221,home,0,4-2-3-1,1,1,19,243322,Daleho Irandust,Attacking Midfielder Right,7,0,0,-1,,,,1,356378,10,356378.0,4560.0,76',2025-07-28 04:36:49
13086,725931,8221,home,0,4-2-3-1,1,1,24,257624,Kevin Ackermann,Right Midfielder,8,0,0,-1,,,,1,336115,11,336115.0,5100.0,85',2025-07-28 04:36:49
13086,725931,8221,home,0,4-2-3-1,1,1,23,399426,Ezekiel Alladoh,Forward,9,0,0,-1,,,,0,0,-1,,,,2025-07-28 04:36:49
13086,725931,8221,home,0,4-2-3-1,1,1,16,274984,Adam Jakobsen,Attacking Midfielder,10,0,0,-1,,,,0,0,-1,,,,2025-07-28 04:36:49
13086,725931,8221,home,0,4-2-3-1,1,1,7,320883,Victor Lind,Attacking Midfielder Left,11,0,0,-1,,,,1,195090,28,195090.0,4560.0,76',2025-07-28 04:36:49
13086,725931,8221,home,0,4-2-3-1,1,0,11,336115,Rasmus Örqvist,Substitute,0,1,257624,24,257624.0,5100.0,85',0,0,-1,,,,2025-07-28 04:36:49
13086,725931,8221,home,0,4-2-3-1,1,0,28,195090,Isak Ssewankambo,Substitute,0,1,320883,7,320883.0,4560.0,76',0,0,-1,,,,2025-07-28 04:36:49
13086,725931,8221,home,0,4-2-3-1,1,0,25,146116,Davor Blazevic,Substitute,0,0,0,-1,,,,0,0,-1,,,,2025-07-28 04:36:49
13086,725931,8221,home,0,4-2-3-1,1,0,39,134643,Nabil Bahoui,Substitute,0,0,0,-1,,,,0,0,-1,,,,2025-07-28 04:36:49
13086,725931,8221,home,0,4-2-3-1,1,0,27,347458,Kaare Barslund,Substitute,0,0,0,-1,,,,0,0,-1,,,,2025-07-28 04:36:49
13086,725931,8221,home,0,4-2-3-1,1,0,10,356378,Wilmer Odefalk,Substitute,0,1,243322,19,243322.0,4560.0,76',0,0,-1,,,,2025-07-28 04:36:49
13086,725931,8221,home,0,4-2-3-1,1,0,17,357143,Anton Kurochkin,Substitute,0,0,0,-1,,,,0,0,-1,,,,2025-07-28 04:36:49
13086,725931,8221,home,0,4-2-3-1,1,0,32,399427,Oskar Cotton,Substitute,0,0,0,-1,,,,0,0,-1,,,,2025-07-28 04:36:49
13086,725931,8221,home,0,4-2-3-1,1,0,8,407097,Adam Stroud,Substitute,0,0,0,-1,,,,0,0,-1,,,,2025-07-28 04:36:49
13086,725931,2720,away,1,3-4-2-1,1,1,30,178176,Robin Olsen,Goalkeeper,1,0,0,-1,,,,0,0,-1,,,,2025-07-30 04:38:25
13086,725931,2720,away,1,3-4-2-1,1,1,2,9101,Johan Karlsson,Right Midfielder,2,0,0,-1,,,,0,0,-1,,,,2025-07-30 04:38:25
13086,725931,2720,away,1,3-4-2-1,1,1,25,301219,Busanello,Left Midfielder,3,0,0,-1,,,,0,0,-1,,,,2025-07-30 04:38:25
13086,725931,2720,away,1,3-4-2-1,1,1,5,312108,Andrej Duric,Center Left Defender,4,0,0,-1,,,,0,0,-1,,,,2025-07-30 04:38:25
13086,725931,2720,away,1,3-4-2-1,1,1,19,279135,Colin Rösler,Center Defender,5,0,0,-1,,,,0,0,-1,,,,2025-07-30 04:38:25
13086,725931,2720,away,1,3-4-2-1,1,1,17,193186,Jens Stryger Larsen,Center Right Defender,6,0,0,-1,,,,0,0,-1,,,,2025-07-30 04:38:25
13086,725931,2720,away,1,3-4-2-1,1,1,7,315679,Otto Rosengren,Center Right Midfielder,7,0,0,-1,,,,0,0,-1,,,,2025-07-30 04:38:25
13086,725931,2720,away,1,3-4-2-1,1,1,23,286434,Lasse Berg Johnsen,Center Left Midfielder,8,0,0,-1,,,,0,0,-1,,,,2025-07-30 04:38:25
13086,725931,2720,away,1,3-4-2-1,1,1,22,314164,Taha Ali,Forward,9,0,0,-1,,,,1,75987,13,75987.0,5400.0,90'+5',2025-07-30 04:38:25
13086,725931,2720,away,1,3-4-2-1,1,1,8,255228,Arnór Sigurdsson,Center Right Forward,10,0,0,-1,,,,0,0,-1,,,,2025-07-30 04:38:25
13086,725931,2720,away,1,3-4-2-1,1,1,38,330239,Hugo Bolin,Center Left Forward,11,0,0,-1,,,,1,360023,32,360023.0,4560.0,76',2025-07-30 04:38:25
13086,725931,2720,away,1,3-4-2-1,1,0,37,364698,Adrian Skogmar,Substitute,0,0,0,-1,,,,0,0,-1,,,,2025-07-30 04:38:25
13086,725931,2720,away,1,3-4-2-1,1,0,35,380679,Nils Zätterström,Substitute,0,0,0,-1,,,,0,0,-1,,,,2025-07-30 04:38:25
13086,725931,2720,away,1,3-4-2-1,1,0,32,360023,Daniel Gudjohnsen,Substitute,0,1,330239,38,330239.0,4560.0,76',0,0,-1,,,,2025-07-30 04:38:25
13086,725931,2720,away,1,3-4-2-1,1,0,11,308880,Emmanuel Ekong,Substitute,0,0,0,-1,,,,0,0,-1,,,,2025-07-30 04:38:25
13086,725931,2720,away,1,3-4-2-1,1,0,33,307800,Melker Ellborg,Substitute,0,0,0,-1,,,,0,0,-1,,,,2025-07-30 04:38:25
13086,725931,2720,away,1,3-4-2-1,1,0,29,218450,Sead Haksabanovic,Substitute,0,0,0,-1,,,,0,0,-1,,,,2025-07-30 04:38:25
13086,725931,2720,away,1,3-4-2-1,1,0,6,162738,Oscar Lewicki,Substitute,0,0,0,-1,,,,0,0,-1,,,,2025-07-30 04:38:25
13086,725931,2720,away,1,3-4-2-1,1,0,16,138055,Oliver Berg,Substitute,0,0,0,-1,,,,0,0,-1,,,,2025-07-30 04:38:25
13086,725931,2720,away,1,3-4-2-1,1,0,13,75987,Martin Olsson,Substitute,0,1,314164,22,314164.0,5400.0,90'+5',0,0,-1,,,,2025-07-30 04:38:25
13086,725932,20856,home,0,4-4-2,1,1,26,194803,Matvei Igonen,Goalkeeper,1,0,0,-1,,,,0,0,-1,,,,2025-07-27 04:37:18
13086,725932,20856,home,0,4-4-2,1,1,6,235489,Daniel Sundgren,Right Back,2,0,0,-1,,,,0,0,-1,,,,2025-07-27 04:37:18
13086,725932,20856,home,0,4-4-2,1,1,2,256567,Mamadouba Diaby,Left Back,3,0,0,-1,,,,0,0,-1,,,,2025-07-27 04:37:18
13086,725932,20856,home,0,4-4-2,1,1,11,218520,Christos Gravius,Center Right Midfielder,4,0,0,-1,,,,0,0,-1,,,,2025-07-27 04:37:18
13086,725932,20856,home,0,4-4-2,1,1,4,301367,Leon Hien,Center Right Defender,5,0,0,-1,,,,0,0,-1,,,,2025-07-27 04:37:18
13086,725932,20856,home,0,4-4-2,1,1,5,385769,Juhani Pikkarainen,Center Left Defender,6,0,0,-1,,,,0,0,-1,,,,2025-07-27 04:37:18
13086,725932,20856,home,0,4-4-2,1,1,16,205158,Sebastian Ohlsson,Right Midfielder,7,0,0,-1,,,,0,0,-1,,,,2025-07-27 04:37:18
13086,725932,20856,home,0,4-4-2,1,1,8,301374,Nahom Netabay,Center Left Midfielder,8,0,0,-1,,,,0,0,-1,,,,2025-07-27 04:37:18
13086,725932,20856,home,0,4-4-2,1,1,19,333259,Omar Faraj,Center Left Forward,9,0,0,-1,,,,0,0,-1,,,,2025-07-27 04:37:18
13086,725932,20856,home,0,4-4-2,1,1,10,364830,Marcus Rafferty,Center Right Forward,10,0,0,-1,,,,1,236415,12,236415.0,4560.0,76',2025-07-27 04:37:18
13086,725932,20856,home,0,4-4-2,1,1,20,400141,Elias Barsoum,Left Midfielder,11,0,0,-1,,,,1,400375,27,400375.0,4800.0,80',2025-07-27 04:37:18
13086,725932,20856,home,0,4-4-2,1,0,23,357137,Alexander Hedén Lindskog,Substitute,0,0,0,-1,,,,0,0,-1,,,,2025-07-27 04:37:18
13086,725932,20856,home,0,4-4-2,1,0,12,236415,Erik Lindell,Substitute,0,1,364830,10,364830.0,4560.0,76',0,0,-1,,,,2025-07-27 04:37:18
13086,725932,20856,home,0,4-4-2,1,0,1,286770,Willie Jakobsson,Substitute,0,0,0,-1,,,,0,0,-1,,,,2025-07-27 04:37:18
13086,725932,20856,home,0,4-4-2,1,0,15,324395,Nasiru Moro,Substitute,0,0,0,-1,,,,0,0,-1,,,,2025-07-27 04:37:18
13086,725932,20856,home,0,4-4-2,1,0,18,398189,Teo Grönborg,Substitute,0,0,0,-1,,,,0,0,-1,,,,2025-07-27 04:37:18
13086,725932,20856,home,0,4-4-2,1,0,9,398190,Adi Fisic,Substitute,0,0,0,-1,,,,0,0,-1,,,,2025-07-27 04:37:18
13086,725932,20856,home,0,4-4-2,1,0,27,400375,Ziyad Salifu,Substitute,0,1,400141,20,400141.0,4800.0,80',0,0,-1,,,,2025-07-27 04:37:18
13086,725932,20856,home,0,4-4-2,1,0,24,402327,Hjalmar Smedberg,Substitute,0,0,0,-1,,,,0,0,-1,,,,2025-07-27 04:37:18
13086,725932,20856,home,0,4-4-2,1,0,22,408131,Vincent Tigerholm,Substitute,0,0,0,-1,,,,0,0,-1,,,,2025-07-27 04:37:18
13086,725932,8544,away,0,4-2-3-1,1,1,40,19242,David Andersson,Goalkeeper,1,0,0,-1,,,,0,0,-1,,,,2025-07-27 04:37:18
13086,725932,8544,away,0,4-2-3-1,1,1,37,345975,Moutaz Neffati,Right Back,2,0,0,-1,,,,0,0,-1,,,,2025-07-27 04:37:18
13086,725932,8544,away,0,4-2-3-1,1,1,25,364988,Kevin Höög Jansson,Left Back,3,0,0,-1,,,,0,0,-1,,,,2025-07-27 04:37:18
13086,725932,8544,away,0,4-2-3-1,1,1,7,232279,Alexander Fransson,Left Midfielder,4,0,0,-1,,,,0,0,-1,,,,2025-07-27 04:37:18
13086,725932,8544,away,0,4-2-3-1,1,1,4,356374,Amadeus Sögaard,Center Right Defender,5,0,0,-1,,,,0,0,-1,,,,2025-07-27 04:37:18
13086,725932,8544,away,0,4-2-3-1,1,1,19,238431,Max Watson,Center Left Defender,6,0,0,-1,,,,0,0,-1,,,,2025-07-27 04:37:18
13086,725932,8544,away,0,4-2-3-1,1,1,22,287215,Tim Prica,Attacking Midfielder Right,7,0,0,-1,,,,1,188022,10,188022.0,3840.0,64',2025-07-27 04:37:18
13086,725932,8544,away,0,4-2-3-1,1,1,20,400367,Axel Brönner,Right Midfielder,8,0,0,-1,,,,1,286930,11,286930.0,3840.0,64',2025-07-27 04:37:18
13086,725932,8544,away,0,4-2-3-1,1,1,5,158978,Christoffer Nyman,Forward,9,0,0,-1,,,,0,0,-1,,,,2025-07-27 04:37:18
13086,725932,8544,away,0,4-2-3-1,1,1,9,230353,Arnór Traustason,Attacking Midfielder,10,0,0,-1,,,,0,0,-1,,,,2025-07-27 04:37:18
13086,725932,8544,away,0,4-2-3-1,1,1,8,321404,Ísak Andri Sigurgeirsson,Attacking Midfielder Left,11,0,0,-1,,,,1,400219,18,400219.0,5160.0,86',2025-07-27 04:37:18
13086,725932,8544,away,0,4-2-3-1,1,0,10,188022,David Moberg-Karlsson,Substitute,0,1,287215,22,287215.0,3840.0,64',0,0,-1,,,,2025-07-27 04:37:18
13086,725932,8544,away,0,4-2-3-1,1,0,11,286930,Ismet Lushaku,Substitute,0,1,400367,20,400367.0,3840.0,64',0,0,-1,,,,2025-07-27 04:37:18
13086,725932,8544,away,0,4-2-3-1,1,0,31,329668,Jesper Lindvall,Substitute,0,0,0,-1,,,,0,0,-1,,,,2025-07-27 04:37:18
13086,725932,8544,away,0,4-2-3-1,1,0,24,334015,Anton Eriksson,Substitute,0,0,0,-1,,,,0,0,-1,,,,2025-07-27 04:37:18
13086,725932,8544,away,0,4-2-3-1,1,0,3,359167,Marcus Baggesen,Substitute,0,0,0,-1,,,,0,0,-1,,,,2025-07-27 04:37:18
13086,725932,8544,away,0,4-2-3-1,1,0,30,380189,Theo Krantz,Substitute,0,0,0,-1,,,,0,0,-1,,,,2025-07-27 04:37:18
13086,725932,8544,away,0,4-2-3-1,1,0,18,400219,Jónatan Gudni Arnarsson,Substitute,0,1,321404,8,321404.0,5160.0,86',0,0,-1,,,,2025-07-27 04:37:18
13086,725932,8544,away,0,4-2-3-1,1,0,32,403473,Hugo Ringsten,Substitute,0,0,0,-1,,,,0,0,-1,,,,2025-07-27 04:37:18
13086,725932,8544,away,0,4-2-3-1,1,0,33,404755,William Bergman,Substitute,0,0,0,-1,,,,0,0,-1,,,,2025-07-27 04:37:18
13086,725933,529,home,1,3-4-3,1,1,1,400222,Simon Eriksson,Goalkeeper,1,0,0,-1,,,,0,0,-1,,,,2025-07-29 04:37:11
13086,725933,529,home,1,3-4-3,1,1,6,286729,Rasmus Wikstrom,Right Midfielder,2,0,0,-1,,,,0,0,-1,,,,2025-07-29 04:37:11
13086,725933,529,home,1,3-4-3,1,1,15,173040,Simon Hedlund,Left Midfielder,3,0,0,-1,,,,0,0,-1,,,,2025-07-29 04:37:11
13086,725933,529,home,1,3-4-3,1,1,2,380023,Terry Yegbe,Center Left Defender,4,0,0,-1,,,,0,0,-1,,,,2025-07-29 04:37:11
13086,725933,529,home,1,3-4-3,1,1,29,341452,Ibrahim Buhari,Center Defender,5,0,0,-1,,,,0,0,-1,,,,2025-07-29 04:37:11
13086,725933,529,home,1,3-4-3,1,1,8,194092,Sebastian Holmén,Center Right Defender,6,0,0,-1,,,,1,146012,13,146012.0,3540.0,59',2025-07-29 04:37:11
13086,725933,529,home,1,3-4-3,1,1,27,334024,Besfort Zeneli,Center Right Midfielder,7,0,0,-1,,,,0,0,-1,,,,2025-08-02 04:40:34
13086,725933,529,home,1,3-4-3,1,1,5,303480,Wenderson,Center Left Midfielder,8,0,0,-1,,,,1,218707,7,218707.0,5040.0,84',2025-08-02 04:40:34
13086,725933,529,home,1,3-4-3,1,1,24,304180,Frederik Ihler,Forward,9,0,0,-1,,,,1,342093,25,342093.0,5040.0,84',2025-07-29 04:37:11
13086,725933,529,home,1,3-4-3,1,1,21,388173,Leo Östman,Center Right Forward,10,0,0,-1,,,,1,202705,9,202705.0,3540.0,59',2025-07-29 04:37:11
13086,725933,529,home,1,3-4-3,1,1,11,303614,Taylor Silverholt,Center Left Forward,11,0,0,-1,,,,1,174501,17,174501.0,4200.0,70',2025-07-29 04:37:11
13086,725933,529,home,1,3-4-3,1,0,18,305401,Júlíus Magnússon,Substitute,0,0,0,-1,,,,0,0,-1,,,,2025-07-29 04:37:11
13086,725933,529,home,1,3-4-3,1,0,7,218707,Jens Jakob Thomasen,Substitute,0,1,303480,5,303480.0,5040.0,84',0,0,-1,,,,2025-07-29 04:37:11
13086,725933,529,home,1,3-4-3,1,0,9,202705,Arbër Zeneli,Substitute,0,1,388173,21,388173.0,3540.0,59',0,0,-1,,,,2025-07-29 04:37:11
13086,725933,529,home,1,3-4-3,1,0,25,342093,Ari Sigurpálsson,Substitute,0,1,304180,24,304180.0,5040.0,84',0,0,-1,,,,2025-07-29 04:37:11
13086,725933,529,home,1,3-4-3,1,0,30,176191,Lucas Hägg Johansson,Substitute,0,0,0,-1,,,,0,0,-1,,,,2025-07-29 04:37:11
13086,725933,529,home,1,3-4-3,1,0,13,146012,Johan Larsson,Substitute,0,1,194092,8,194092.0,3540.0,59',0,0,-1,,,,2025-07-29 04:37:11
13086,725933,529,home,1,3-4-3,1,0,28,389426,Frode Aronsson,Substitute,0,0,0,-1,,,,0,0,-1,,,,2025-07-29 04:37:11
13086,725933,529,home,1,3-4-3,1,0,17,174501,Per Frick,Substitute,0,1,303614,11,303614.0,4200.0,70',0,0,-1,,,,2025-07-29 04:37:11
13086,725933,529,home,1,3-4-3,1,0,16,402326,Altti Hellemaa,Substitute,0,0,0,-1,,,,0,0,-1,,,,2025-07-29 04:37:11
13086,725933,2556,away,0,4-2-3-1,1,1,25,359784,Elis Bishesari,Goalkeeper,1,0,0,-1,,,,0,0,-1,,,,2025-07-29 04:37:11
13086,725933,2556,away,0,4-2-3-1,1,1,29,343958,Thomas Santos,Right Back,2,0,0,-1,,,,1,83736,13,83736.0,4620.0,77',2025-07-29 04:37:11
13086,725933,2556,away,0,4-2-3-1,1,1,22,383948,Noah Tolf,Left Back,3,0,0,-1,,,,0,0,-1,,,,2025-07-29 04:37:11
13086,725933,2556,away,0,4-2-3-1,1,1,15,307947,David Kruse,Left Midfielder,4,0,0,-1,,,,0,0,-1,,,,2025-07-29 04:37:11
13086,725933,2556,away,0,4-2-3-1,1,1,5,220974,Jonas Bager,Center Right Defender,5,0,0,-1,,,,0,0,-1,,,,2025-07-29 04:37:11
13086,725933,2556,away,0,4-2-3-1,1,1,3,241163,August Erlingmark,Center Left Defender,6,0,0,-1,,,,0,0,-1,,,,2025-07-29 04:37:11
13086,725933,2556,away,0,4-2-3-1,1,1,11,297099,Saidou Alioum Moubarak,Attacking Midfielder Right,7,0,0,-1,,,,1,336395,10,336395.0,5400.0,90'+6',2025-07-29 04:37:11
13086,725933,2556,away,0,4-2-3-1,1,1,23,289882,Kolbeinn Thordarson,Right Midfielder,8,0,0,-1,,,,1,297985,8,297985.0,4260.0,71',2025-07-29 04:37:11
13086,725933,2556,away,0,4-2-3-1,1,1,9,303768,Max Fenger,Forward,9,0,0,-1,,,,0,0,-1,,,,2025-07-29 04:37:11
13086,725933,2556,away,0,4-2-3-1,1,1,14,219163,Tobias Heintz,Attacking Midfielder,10,0,0,-1,,,,0,0,-1,,,,2025-07-29 04:37:11
13086,725933,2556,away,0,4-2-3-1,1,1,7,390390,Sebastian Clemmensen,Attacking Midfielder Left,11,0,0,-1,,,,1,366598,4,366598.0,4560.0,76',2025-07-29 04:37:11
13086,725933,2556,away,0,4-2-3-1,1,0,26,380238,Benjamin Brantlind,Substitute,0,0,0,-1,,,,0,0,-1,,,,2025-07-29 04:37:11
13086,725933,2556,away,0,4-2-3-1,1,0,4,366598,Rockson Yeboah,Substitute,0,1,390390,7,390390.0,4560.0,76',0,0,-1,,,,2025-07-29 04:37:11
13086,725933,2556,away,0,4-2-3-1,1,0,27,401205,Alfons Borén,Substitute,0,0,0,-1,,,,0,0,-1,,,,2025-07-29 04:37:11
13086,725933,2556,away,0,4-2-3-1,1,0,16,343826,Linus Carlstrand,Substitute,0,0,0,-1,,,,0,0,-1,,,,2025-07-29 04:37:11
13086,725933,2556,away,0,4-2-3-1,1,0,10,336395,Hussein Carneil,Substitute,0,1,297099,11,297099.0,5400.0,90'+6',0,0,-1,,,,2025-07-29 04:37:11
13086,725933,2556,away,0,4-2-3-1,1,0,8,297985,Imam Jagne,Substitute,0,1,289882,23,289882.0,4260.0,71',0,0,-1,,,,2025-07-29 04:37:11
13086,725933,2556,away,0,4-2-3-1,1,0,1,235504,Pontus Dahlberg,Substitute,0,0,0,-1,,,,0,0,-1,,,,2025-07-29 04:37:11
13086,725933,2556,away,0,4-2-3-1,1,0,13,83736,Gustav Svensson,Substitute,0,1,343958,29,343958.0,4620.0,77',0,0,-1,,,,2025-07-29 04:37:11
13086,725933,2556,away,0,4-2-3-1,1,0,18,349811,Felix Eriksson,Substitute,0,0,0,-1,,,,0,0,-1,,,,2025-07-29 04:37:11
13086,725934,8222,home,1,4-3-3,1,1,1,312877,Mergim Krasniqi,Goalkeeper,1,0,0,-1,,,,0,0,-1,,,,2025-07-28 04:36:49
13086,725934,8222,home,1,4-3-3,1,1,6,378806,August Wängberg,Right Back,2,0,0,-1,,,,0,0,-1,,,,2025-07-28 04:36:49
13086,725934,8222,home,1,4-3-3,1,1,2,400217,Matteo de Brienne,Left Back,3,0,0,-1,,,,0,0,-1,,,,2025-07-28 04:36:49
13086,725934,8222,home,1,4-3-3,1,1,18,313931,Kevin Holmén,Center Midfielder,4,0,0,-1,,,,1,149765,25,149765.0,4380.0,73',2025-07-28 04:36:49
13086,725934,8222,home,1,4-3-3,1,1,18,313931,Kevin Holmén,Center Midfielder,4,0,0,-1,,,,1,149765,25,149765.0,4380.0,73',2025-07-28 04:36:49
13086,725934,8222,home,1,4-3-3,1,1,4,333728,Oskar Ågren,Center Right Defender,5,0,0,-1,,,,0,0,-1,,,,2025-07-28 04:36:49
13086,725934,8222,home,1,4-3-3,1,1,24,378826,Filip Beckman,Center Left Defender,6,0,0,-1,,,,0,0,-1,,,,2025-07-28 04:36:49
13086,725934,8222,home,1,4-3-3,1,1,21,315674,Axel Henriksson,Right Midfielder,7,0,0,-1,,,,1,359795,32,359795.0,3720.0,62',2025-07-28 04:36:49
13086,725934,8222,home,1,4-3-3,1,1,21,315674,Axel Henriksson,Right Midfielder,7,0,0,-1,,,,1,359795,32,359795.0,3720.0,62',2025-07-28 04:36:49
13086,725934,8222,home,1,4-3-3,1,1,10,347031,Amin Boudri,Left Midfielder,8,0,0,-1,,,,1,379955,14,379955.0,4980.0,83',2025-07-28 04:36:49
13086,725934,8222,home,1,4-3-3,1,1,10,347031,Amin Boudri,Left Midfielder,8,0,0,-1,,,,1,379955,14,379955.0,4980.0,83',2025-07-28 04:36:49
13086,725934,8222,home,1,4-3-3,1,1,19,308726,Ibrahim Diabaté,Forward,9,0,0,-1,,,,1,235766,28,235766.0,4980.0,83',2025-08-25 04:55:46
13086,725934,8222,home,1,4-3-3,1,1,19,308726,Ibrahim Diabaté,Forward,9,0,0,-1,,,,1,235766,28,235766.0,4980.0,83',2025-08-25 04:55:46
13086,725934,8222,home,1,4-3-3,1,1,9,378816,Gustav Lundgren,Right Forward,10,0,0,-1,,,,1,334033,11,334033.0,4380.0,73',2025-07-28 04:36:49
13086,725934,8222,home,1,4-3-3,1,1,9,378816,Gustav Lundgren,Right Forward,10,0,0,-1,,,,1,334033,11,334033.0,4380.0,73',2025-07-28 04:36:49
13086,725934,8222,home,1,4-3-3,1,1,16,400221,Rasmus Niklasson Petrovic,Left Forward,11,0,0,-1,,,,0,0,-1,,,,2025-07-28 04:36:49
13086,725934,8222,home,1,4-3-3,1,0,28,235766,Lucas Hedlund,Substitute,0,1,308726,19,308726.0,4980.0,83',0,0,-1,,,,2025-07-28 04:36:49
13086,725934,8222,home,1,4-3-3,1,0,28,235766,Lucas Hedlund,Substitute,0,1,308726,19,308726.0,4980.0,83',0,0,-1,,,,2025-07-28 04:36:49
13086,725934,8222,home,1,4-3-3,1,0,25,149765,Jonas Lindberg,Substitute,0,1,313931,18,313931.0,4380.0,73',0,0,-1,,,,2025-07-28 04:36:49
13086,725934,8222,home,1,4-3-3,1,0,11,334033,Edvin Becirovic,Substitute,0,1,378816,9,378816.0,4380.0,73',0,0,-1,,,,2025-07-28 04:36:49
13086,725934,8222,home,1,4-3-3,1,0,11,334033,Edvin Becirovic,Substitute,0,1,378816,9,378816.0,4380.0,73',0,0,-1,,,,2025-07-28 04:36:49
13086,725934,8222,home,1,4-3-3,1,0,32,359795,Harun Ibrahim,Substitute,0,1,315674,21,315674.0,3720.0,62',0,0,-1,,,,2025-07-28 04:36:49
13086,725934,8222,home,1,4-3-3,1,0,32,359795,Harun Ibrahim,Substitute,0,1,315674,21,315674.0,3720.0,62',0,0,-1,,,,2025-07-28 04:36:49
13086,725934,8222,home,1,4-3-3,1,0,13,360878,Kees Sims,Substitute,0,0,0,-1,,,,0,0,-1,,,,2025-07-28 04:36:49
13086,725934,8222,home,1,4-3-3,1,0,17,364732,Frosti Thorkelsson,Substitute,0,0,0,-1,,,,0,0,-1,,,,2025-07-28 04:36:49
13086,725934,8222,home,1,4-3-3,1,0,14,379955,Filip Gustafsson,Substitute,0,1,347031,10,347031.0,4980.0,83',0,0,-1,,,,2025-07-28 04:36:49
13086,725934,8222,home,1,4-3-3,1,0,14,379955,Filip Gustafsson,Substitute,0,1,347031,10,347031.0,4980.0,83',0,0,-1,,,,2025-07-28 04:36:49
13086,725934,8222,home,1,4-3-3,1,0,5,379958,Robin Wendin Thomasson,Substitute,0,0,0,-1,,,,0,0,-1,,,,2025-07-28 04:36:49
13086,725934,8222,home,1,4-3-3,1,0,29,400220,Daniel Bengtsson,Substitute,0,0,0,-1,,,,0,0,-1,,,,2025-07-28 04:36:49
13086,725934,8222,home,1,4-3-3,1,0,25,149765,Jonas Lindberg,Substitute,0,1,313931,18,313931.0,4380.0,73',0,0,-1,,,,2025-07-28 04:36:49
13086,725934,3017,away,0,3-4-3,1,1,12,195094,Tim Erlandsson,Goalkeeper,1,0,0,-1,,,,0,0,-1,,,,2025-07-28 04:36:49
13086,725934,3017,away,0,3-4-3,1,1,11,357140,Villiam Granath,Right Midfielder,2,0,0,-1,,,,0,0,-1,,,,2025-07-28 04:36:49
13086,725934,3017,away,0,3-4-3,1,1,24,240486,Rami Kaib,Left Midfielder,3,0,0,-1,,,,1,303666,17,303666.0,4680.0,78',2025-07-28 04:36:49
13086,725934,3017,away,0,3-4-3,1,1,24,240486,Rami Kaib,Left Midfielder,3,0,0,-1,,,,1,303666,17,303666.0,4680.0,78',2025-07-28 04:36:49
13086,725934,3017,away,0,3-4-3,1,1,21,121282,Marcus Olsson,Center Left Defender,4,0,0,-1,,,,0,0,-1,,,,2025-07-28 04:36:49
13086,725934,3017,away,0,3-4-3,1,1,5,178687,Pascal Gregor,Center Defender,5,0,0,-1,,,,0,0,-1,,,,2025-07-28 04:36:49
13086,725934,3017,away,0,3-4-3,1,1,3,357142,Gabriel Wallentin,Center Right Defender,6,0,0,-1,,,,1,289329,4,289329.0,5400.0,90',2025-07-28 04:36:49
13086,725934,3017,away,0,3-4-3,1,1,3,357142,Gabriel Wallentin,Center Right Defender,6,0,0,-1,,,,1,289329,4,289329.0,5400.0,90',2025-07-28 04:36:49
13086,725934,3017,away,0,3-4-3,1,1,6,147211,Joel Allansson,Center Right Midfielder,7,0,0,-1,,,,0,0,-1,,,,2025-07-28 04:36:49
13086,725934,3017,away,0,3-4-3,1,1,8,289719,Niilo Mäenpää,Center Left Midfielder,8,0,0,-1,,,,1,359293,26,359293.0,5400.0,90',2025-07-28 04:36:49
13086,725934,3017,away,0,3-4-3,1,1,8,289719,Niilo Mäenpää,Center Left Midfielder,8,0,0,-1,,,,1,359293,26,359293.0,5400.0,90',2025-07-28 04:36:49
13086,725934,3017,away,0,3-4-3,1,1,9,329971,Yannick Agnero,Forward,9,0,0,-1,,,,0,0,-1,,,,2025-07-28 04:36:49
13086,725934,3017,away,0,3-4-3,1,1,29,399508,Erik Arvidsson,Center Right Forward,10,0,0,-1,,,,1,237843,13,237843.0,3300.0,55',2025-07-28 04:36:49
13086,725934,3017,away,0,3-4-3,1,1,29,399508,Erik Arvidsson,Center Right Forward,10,0,0,-1,,,,1,237843,13,237843.0,3300.0,55',2025-07-28 04:36:49
13086,725934,3017,away,0,3-4-3,1,1,18,357130,Naeem Mohammed,Center Left Forward,11,0,0,-1,,,,1,401274,19,401274.0,4680.0,78',2025-07-28 04:36:49
13086,725934,3017,away,0,3-4-3,1,1,18,357130,Naeem Mohammed,Center Left Forward,11,0,0,-1,,,,1,401274,19,401274.0,4680.0,78',2025-07-28 04:36:49
13086,725934,3017,away,0,3-4-3,1,0,14,159454,Blair Turgott,Substitute,0,0,0,-1,,,,0,0,-1,,,,2025-07-28 04:36:49
13086,725934,3017,away,0,3-4-3,1,0,13,237843,Gíisli Eyjólfsson,Substitute,0,1,399508,29,399508.0,3300.0,55',0,0,-1,,,,2025-07-28 04:36:49
13086,725934,3017,away,0,3-4-3,1,0,13,237843,Gíisli Eyjólfsson,Substitute,0,1,399508,29,399508.0,3300.0,55',0,0,-1,,,,2025-07-28 04:36:49
13086,725934,3017,away,0,3-4-3,1,0,19,401274,Marvin Illary,Substitute,0,1,357130,18,357130.0,4680.0,78',0,0,-1,,,,2025-07-28 04:36:49
13086,725934,3017,away,0,3-4-3,1,0,4,289329,Filip Schyberg,Substitute,0,1,357142,3,357142.0,5400.0,90',0,0,-1,,,,2025-07-28 04:36:49
13086,725934,3017,away,0,3-4-3,1,0,1,264481,Tim Rönning,Substitute,0,0,0,-1,,,,0,0,-1,,,,2025-07-28 04:36:49
13086,725934,3017,away,0,3-4-3,1,0,19,401274,Marvin Illary,Substitute,0,1,357130,18,357130.0,4680.0,78',0,0,-1,,,,2025-07-28 04:36:49
13086,725934,3017,away,0,3-4-3,1,0,26,359293,Mans Andersson,Substitute,0,1,289719,8,289719.0,5400.0,90',0,0,-1,,,,2025-07-28 04:36:49
13086,725934,3017,away,0,3-4-3,1,0,26,359293,Mans Andersson,Substitute,0,1,289719,8,289719.0,5400.0,90',0,0,-1,,,,2025-07-28 04:36:49
13086,725934,3017,away,0,3-4-3,1,0,28,334002,Malte Persson,Substitute,0,0,0,-1,,,,0,0,-1,,,,2025-07-28 04:36:49
13086,725934,3017,away,0,3-4-3,1,0,17,303666,André Boman,Substitute,0,1,240486,24,240486.0,4680.0,78',0,0,-1,,,,2025-07-28 04:36:49
13086,725934,3017,away,0,3-4-3,1,0,17,303666,André Boman,Substitute,0,1,240486,24,240486.0,4680.0,78',0,0,-1,,,,2025-07-28 04:36:49
13086,725934,3017,away,0,3-4-3,1,0,4,289329,Filip Schyberg,Substitute,0,1,357142,3,357142.0,5400.0,90',0,0,-1,,,,2025-07-28 04:36:49
13086,725935,7834,home,0,4-3-3,1,1,99,125312,Etrit Berisha,Goalkeeper,1,0,0,-1,,,,0,0,-1,,,,2025-07-28 04:36:49
13086,725935,7834,home,0,4-3-3,1,1,44,393324,Harry Hilvenius,Right Back,2,0,0,-1,,,,1,239184,10,239184.0,2700.0,45',2025-07-28 04:36:49
13086,725935,7834,home,0,4-3-3,1,1,21,194293,Adam Lundkvist,Left Back,3,0,0,-1,,,,0,0,-1,,,,2025-07-28 04:36:49
13086,725935,7834,home,0,4-3-3,1,1,15,356369,Samuel Leach Holm,Center Midfielder,4,0,0,-1,,,,1,378812,11,378812.0,2700.0,45',2025-07-28 04:36:49
13086,725935,7834,home,0,4-3-3,1,1,8,355408,Silas Andersen,Center Right Defender,5,0,0,-1,,,,0,0,-1,,,,2025-07-28 04:36:49
13086,725935,7834,home,0,4-3-3,1,1,4,271086,Marius Lode,Center Left Defender,6,0,0,-1,,,,0,0,-1,,,,2025-07-28 04:36:49
13086,725935,7834,home,0,4-3-3,1,1,16,357139,Pontus Dahbo,Right Midfielder,7,0,0,-1,,,,0,0,-1,,,,2025-07-28 04:36:49
13086,725935,7834,home,0,4-3-3,1,1,14,185916,Simon Gustafson,Left Midfielder,8,0,0,-1,,,,0,0,-1,,,,2025-07-28 04:36:49
13086,725935,7834,home,0,4-3-3,1,1,19,366143,John Paul Dembe,Forward,9,0,0,-1,,,,1,361537,13,361537.0,4380.0,73',2025-07-28 04:36:49
13086,725935,7834,home,0,4-3-3,1,1,29,366829,Severin Nioule,Right Forward,10,0,0,-1,,,,1,271087,24,271087.0,2700.0,45',2025-07-28 04:36:49
13086,725935,7834,home,0,4-3-3,1,1,7,343960,Sanders Ngabo,Left Forward,11,0,0,-1,,,,1,407050,20,407050.0,2700.0,45',2025-07-28 04:36:49
13086,725935,7834,home,0,4-3-3,1,0,13,361537,Sigge Jansson,Substitute,0,1,366143,19,366143.0,4380.0,73',0,0,-1,,,,2025-07-28 04:36:49
13086,725935,7834,home,0,4-3-3,1,0,9,360958,Srdjan Hrstic,Substitute,0,0,0,-1,,,,0,0,-1,,,,2025-07-28 04:36:49
13086,725935,7834,home,0,4-3-3,1,0,17,330551,Ben Engdahl,Substitute,0,0,0,-1,,,,0,0,-1,,,,2025-07-28 04:36:49
13086,725935,7834,home,0,4-3-3,1,0,24,271087,Amor Layouni,Substitute,0,1,366829,29,366829.0,2700.0,45',0,0,-1,,,,2025-07-28 04:36:49
13086,725935,7834,home,0,4-3-3,1,0,11,378812,Julius Lindberg,Substitute,0,1,356369,15,356369.0,2700.0,45',0,0,-1,,,,2025-07-28 04:36:49
13086,725935,7834,home,0,4-3-3,1,0,10,239184,Mikkel Rygaard,Substitute,0,1,393324,44,393324.0,2700.0,45',0,0,-1,,,,2025-07-28 04:36:49
13086,725935,7834,home,0,4-3-3,1,0,20,407050,Adrian Svanbäck,Substitute,0,1,343960,7,343960.0,2700.0,45',0,0,-1,,,,2025-07-28 04:36:49
13086,725935,7834,home,0,4-3-3,1,0,31,407096,Lasse Madsen,Substitute,0,0,0,-1,,,,0,0,-1,,,,2025-07-28 04:36:49
13086,725935,7834,home,0,4-3-3,1,0,1,177546,Andreas Linde,Substitute,0,0,0,-1,,,,0,0,-1,,,,2025-07-28 04:36:49
13086,725935,2339,away,1,4-2-3-1,1,1,45,219533,Filip Manojlovic,Goalkeeper,1,0,0,-1,,,,0,0,-1,,,,2025-07-28 04:36:49
13086,725935,2339,away,1,4-2-3-1,1,1,12,357136,Theo Bergvall,Right Back,2,0,0,-1,,,,0,0,-1,,,,2025-07-28 04:36:49
13086,725935,2339,away,1,4-2-3-1,1,1,27,371596,Keita Kosugi,Left Back,3,0,0,-1,,,,1,269457,18,269457.0,4080.0,68',2025-07-28 04:36:49
13086,725935,2339,away,1,4-2-3-1,1,1,20,364226,Matias Siltanen,Left Midfielder,4,0,0,-1,,,,0,0,-1,,,,2025-07-28 04:36:49
13086,725935,2339,away,1,4-2-3-1,1,1,5,289721,Miro Tenho,Center Right Defender,5,0,0,-1,,,,0,0,-1,,,,2025-07-28 04:36:49
13086,725935,2339,away,1,4-2-3-1,1,1,3,172855,Marcus Danielson,Center Left Defender,6,0,0,-1,,,,0,0,-1,,,,2025-07-28 04:36:49
13086,725935,2339,away,1,4-2-3-1,1,1,17,250697,Mikkel Anderson,Attacking Midfielder Right,7,0,0,-1,,,,1,372767,11,372767.0,4500.0,75',2025-07-28 04:36:49
13086,725935,2339,away,1,4-2-3-1,1,1,6,136911,Rasmus Schüller,Right Midfielder,8,0,0,-1,,,,1,120652,8,120652.0,3660.0,61',2025-07-28 04:36:49
13086,725935,2339,away,1,4-2-3-1,1,1,9,330460,August Priske,Forward,9,0,0,-1,,,,0,0,-1,,,,2025-07-28 04:36:49
13086,725935,2339,away,1,4-2-3-1,1,1,7,295863,Tobias Gulliksen,Attacking Midfielder,10,0,0,-1,,,,1,378837,22,378837.0,3660.0,61',2025-07-28 04:36:49
13086,725935,2339,away,1,4-2-3-1,1,1,10,164556,Tokmac Nguen,Attacking Midfielder Left,11,0,0,-1,,,,1,312383,15,312383.0,4080.0,68',2025-07-28 04:36:49
13086,725935,2339,away,1,4-2-3-1,1,0,11,372767,Zakaria Sawo,Substitute,0,1,250697,17,250697.0,4500.0,75',0,0,-1,,,,2025-07-28 04:36:49
13086,725935,2339,away,1,4-2-3-1,1,0,8,120652,Albin Ekdal,Substitute,0,1,136911,6,136911.0,3660.0,61',0,0,-1,,,,2025-07-28 04:36:49
13086,725935,2339,away,1,4-2-3-1,1,0,35,203266,Jacob Rinne,Substitute,0,0,0,-1,,,,0,0,-1,,,,2025-07-28 04:36:49
13086,725935,2339,away,1,4-2-3-1,1,0,2,205729,Piotr Johansson,Substitute,0,0,0,-1,,,,0,0,-1,,,,2025-07-28 04:36:49
13086,725935,2339,away,1,4-2-3-1,1,0,18,269457,Adam Stahl,Substitute,0,1,371596,27,371596.0,4080.0,68',0,0,-1,,,,2025-07-28 04:36:49
13086,725935,2339,away,1,4-2-3-1,1,0,14,272148,Hampus Finndell,Substitute,0,0,0,-1,,,,0,0,-1,,,,2025-07-28 04:36:49
13086,725935,2339,away,1,4-2-3-1,1,0,15,312383,Oskar Fallenius,Substitute,0,1,164556,10,164556.0,4080.0,68',0,0,-1,,,,2025-07-28 04:36:49
13086,725935,2339,away,1,4-2-3-1,1,0,32,350206,Isak Alemayehu,Substitute,0,0,0,-1,,,,0,0,-1,,,,2025-07-28 04:36:49
13086,725935,2339,away,1,4-2-3-1,1,0,22,378837,Patric Åslund,Substitute,0,1,295863,7,295863.0,3660.0,61',0,0,-1,,,,2025-07-28 04:36:49
13086,725936,20301,home,1,3-1-4-2,1,1,1,301377,Noel Törnqvist,Goalkeeper,1,0,0,-1,,,,0,0,-1,,,,2025-07-28 04:36:49
13086,725936,20301,home,1,3-1-4-2,1,1,14,312876,Herman Johansson,Right Midfielder,2,0,0,-1,,,,1,346501,27,346501.0,4860.0,81',2025-07-28 04:36:49
13086,725936,20301,home,1,3-1-4-2,1,1,17,357145,Elliot Stroud,Left Midfielder,3,0,0,-1,,,,0,0,-1,,,,2025-07-28 04:36:49
13086,725936,20301,home,1,3-1-4-2,1,1,13,259548,Jakob Kiilerich,Center Defender,4,0,0,-1,,,,0,0,-1,,,,2025-07-30 04:38:25
13086,725936,20301,home,1,3-1-4-2,1,1,4,306289,Axel Norén,Center Right Defender,5,0,0,-1,,,,0,0,-1,,,,2025-07-30 04:38:25
13086,725936,20301,home,1,3-1-4-2,1,1,5,356281,Abdullah Iqbal,Center Left Defender,6,0,0,-1,,,,0,0,-1,,,,2025-07-30 04:38:25
13086,725936,20301,home,1,3-1-4-2,1,1,7,303651,Viktor Gustafson,Center Right Midfielder,7,0,0,-1,,,,1,172917,24,172917.0,5400.0,90'+1',2025-07-28 04:36:49
13086,725936,20301,home,1,3-1-4-2,1,1,22,192793,Jesper Gustavsson,Sweeper,8,0,0,-1,,,,0,0,-1,,,,2025-07-28 04:36:49
13086,725936,20301,home,1,3-1-4-2,1,1,18,293925,Jacob Bergstrom,Center Right Forward,9,0,0,-1,,,,1,269109,11,269109.0,3720.0,62',2025-07-28 04:36:49
13086,725936,20301,home,1,3-1-4-2,1,1,19,380320,Abdoulie Manneh,Center Left Forward,10,0,0,-1,,,,1,301382,16,301382.0,4860.0,81',2025-07-28 04:36:49
13086,725936,20301,home,1,3-1-4-2,1,1,6,356408,Ludwig Malachowski,Center Left Midfielder,11,0,0,-1,,,,1,305758,10,305758.0,3720.0,62',2025-07-28 04:36:49
13086,725936,20301,home,1,3-1-4-2,1,0,3,382147,Christian Tchouante,,0,0,0,-1,,,,0,0,-1,,,,2025-07-28 04:36:49
13086,725936,20301,home,1,3-1-4-2,1,0,10,305758,Jeppe Kjaer Jensen,,0,1,356408,6,356408.0,3720.0,62',0,0,-1,,,,2025-07-28 04:36:49
13086,725936,20301,home,1,3-1-4-2,1,0,21,303653,Adam Petersson,,0,0,0,-1,,,,0,0,-1,,,,2025-07-28 04:36:49
13086,725936,20301,home,1,3-1-4-2,1,0,27,346501,Ludvig Tidstrand,,0,1,312876,14,312876.0,4860.0,81',0,0,-1,,,,2025-07-28 04:36:49
13086,725936,20301,home,1,3-1-4-2,1,0,16,301382,Alexander Johansson,,0,1,380320,19,380320.0,4860.0,81',0,0,-1,,,,2025-07-28 04:36:49
13086,725936,20301,home,1,3-1-4-2,1,0,39,389637,Romeo Leandersson,,0,0,0,-1,,,,0,0,-1,,,,2025-07-28 04:36:49
13086,725936,20301,home,1,3-1-4-2,1,0,11,269109,Timo Stavitski,,0,1,293925,18,293925.0,3720.0,62',0,0,-1,,,,2025-07-28 04:36:49
13086,725936,20301,home,1,3-1-4-2,1,0,35,151931,Alexander Lundin,,0,0,0,-1,,,,0,0,-1,,,,2025-07-28 04:36:49
13086,725936,20301,home,1,3-1-4-2,1,0,24,172917,Tom Pettersson,,0,1,303651,7,303651.0,5400.0,90'+1',0,0,-1,,,,2025-07-28 04:36:49
13086,725936,8547,away,0,4-2-3-1,1,1,34,325348,David Celic,Goalkeeper,1,0,0,-1,,,,0,0,-1,,,,2025-07-30 04:38:25
13086,725936,8547,away,0,4-2-3-1,1,1,2,235919,Henrik Castegren,Right Back,2,0,0,-1,,,,0,0,-1,,,,2025-07-30 04:38:25
13086,725936,8547,away,0,4-2-3-1,1,1,20,382138,Victor Ekström,Left Back,3,0,0,-1,,,,1,359495,36,359495.0,3840.0,64',2025-07-30 04:38:25
13086,725936,8547,away,0,4-2-3-1,1,1,17,15527,Marcus Lindberg,Left Midfielder,4,0,0,-1,,,,0,0,-1,,,,2025-07-30 04:38:25
13086,725936,8547,away,0,4-2-3-1,1,1,15,186504,Simon Sandberg,Center Right Defender,5,0,0,-1,,,,1,309271,19,309271.0,5220.0,87',2025-07-30 04:38:25
13086,725936,8547,away,0,4-2-3-1,1,1,4,366597,Tobias Anker,Center Left Defender,6,0,0,-1,,,,0,0,-1,,,,2025-07-30 04:38:25
13086,725936,8547,away,0,4-2-3-1,1,1,29,344867,Isak Bjerkebo,Attacking Midfielder Right,7,0,0,-1,,,,1,235518,21,235518.0,3840.0,64',2025-07-30 04:38:25
13086,725936,8547,away,0,4-2-3-1,1,1,24,401059,Victor Svensson,Right Midfielder,8,0,0,-1,,,,0,0,-1,,,,2025-07-30 04:38:25
13086,725936,8547,away,0,4-2-3-1,1,1,9,322993,Robbie Ure,Forward,9,0,0,-1,,,,1,407098,23,407098.0,4560.0,76',2025-07-30 04:38:25
13086,725936,8547,away,0,4-2-3-1,1,1,14,323176,Leo Walta,Attacking Midfielder,10,0,0,-1,,,,0,0,-1,,,,2025-07-30 04:38:25
13086,725936,8547,away,0,4-2-3-1,1,1,7,22706,Joakim Persson,Attacking Midfielder Left,11,0,0,-1,,,,1,322919,16,322919.0,4560.0,76',2025-07-30 04:38:25
13086,725936,8547,away,0,4-2-3-1,1,0,23,407098,Finlay Neat,Substitute,0,1,322993,9,322993.0,4560.0,76',0,0,-1,,,,2025-07-30 04:38:25
13086,725936,8547,away,0,4-2-3-1,1,0,21,235518,Dennis Widgren,Substitute,0,1,344867,29,344867.0,3840.0,64',0,0,-1,,,,2025-07-30 04:38:25
13086,725936,8547,away,0,4-2-3-1,1,0,3,299250,Bogdan Milovanov,Substitute,0,0,0,-1,,,,0,0,-1,,,,2025-07-30 04:38:25
13086,725936,8547,away,0,4-2-3-1,1,0,19,309271,Noel Milleskog,Substitute,0,1,186504,15,186504.0,5220.0,87',0,0,-1,,,,2025-07-30 04:38:25
13086,725936,8547,away,0,4-2-3-1,1,0,1,313973,Ismael Diawara,Substitute,0,0,0,-1,,,,0,0,-1,,,,2025-07-30 04:38:25
13086,725936,8547,away,0,4-2-3-1,1,0,18,315677,Adam Wikman,Substitute,0,0,0,-1,,,,0,0,-1,,,,2025-07-30 04:38:25
13086,725936,8547,away,0,4-2-3-1,1,0,16,322919,Herman Sjögrell,Substitute,0,1,22706,7,22706.0,4560.0,76',0,0,-1,,,,2025-07-30 04:38:25
13086,725936,8547,away,0,4-2-3-1,1,0,33,342596,Saba Mamatsashvili,Substitute,0,0,0,-1,,,,0,0,-1,,,,2025-07-30 04:38:25
13086,725936,8547,away,0,4-2-3-1,1,0,36,359495,August Ljungberg,Substitute,0,1,382138,20,382138.0,3840.0,64',0,0,-1,,,,2025-07-30 04:38:25
13086,725937,21382,home,0,4-1-4-1,1,1,1,277177,Hugo Keto,Goalkeeper,1,0,0,-1,,,,0,0,-1,,,,2025-07-29 04:37:11
13086,725937,21382,home,0,4-1-4-1,1,1,2,380552,Johan Rapp,Right Back,2,0,0,-1,,,,1,334035,5,334035.0,4140.0,69',2025-07-29 04:37:11
13086,725937,21382,home,0,4-1-4-1,1,1,3,272272,Axel Björnström,Left Back,3,0,0,-1,,,,1,357202,24,357202.0,2700.0,45',2025-07-29 04:37:11
13086,725937,21382,home,0,4-1-4-1,1,1,16,386317,Antonio Kujundzic,Defensive Midfielder,4,0,0,-1,,,,0,0,-1,,,,2025-07-29 04:37:11
13086,725937,21382,home,0,4-1-4-1,1,1,4,383897,Rufai Mohammed,Center Right Defender,5,0,0,-1,,,,0,0,-1,,,,2025-07-29 04:37:11
13086,725937,21382,home,0,4-1-4-1,1,1,27,159526,Souleymane Coulibaly,Center Left Defender,6,0,0,-1,,,,0,0,-1,,,,2025-07-29 04:37:11
13086,725937,21382,home,0,4-1-4-1,1,1,32,353250,Kenan Bilalovic,Right Midfielder,7,0,0,-1,,,,1,158993,22,158993.0,2700.0,45',2025-07-29 04:37:11
13086,725937,21382,home,0,4-1-4-1,1,1,7,193351,Carl Johansson,Center Right Midfielder,8,0,0,-1,,,,1,381397,18,381397.0,3720.0,62',2025-07-29 04:37:11
13086,725937,21382,home,0,4-1-4-1,1,1,14,153631,Marcus Antonsson,Forward,9,0,0,-1,,,,0,0,-1,,,,2025-07-29 04:37:11
13086,725937,21382,home,0,4-1-4-1,1,1,25,312873,Noah Shamoun,Center Left Midfielder,10,0,0,-1,,,,1,366595,8,366595.0,4140.0,69',2025-07-29 04:37:11
13086,725937,21382,home,0,4-1-4-1,1,1,10,345479,Ajdin Zeljkovic,Left Midfielder,11,0,0,-1,,,,0,0,-1,,,,2025-07-29 04:37:11
13086,725937,21382,home,0,4-1-4-1,1,0,22,158993,Simon Thern,Substitute,0,1,353250,32,353250.0,2700.0,45',0,0,-1,,,,2025-07-29 04:37:11
13086,725937,21382,home,0,4-1-4-1,1,0,39,341335,Viktor Andersson,Substitute,0,0,0,-1,,,,0,0,-1,,,,2025-07-29 04:37:11
13086,725937,21382,home,0,4-1-4-1,1,0,24,357202,Emin Grozdanic,Substitute,0,1,272272,3,272272.0,2700.0,45',0,0,-1,,,,2025-07-29 04:37:11
13086,725937,21382,home,0,4-1-4-1,1,0,8,366595,Otso Liimatta,Substitute,0,1,312873,25,312873.0,4140.0,69',0,0,-1,,,,2025-07-29 04:37:11
13086,725937,21382,home,0,4-1-4-1,1,0,21,303750,Abdulrazaq Ishaq,Substitute,0,0,0,-1,,,,0,0,-1,,,,2025-07-29 04:37:11
13086,725937,21382,home,0,4-1-4-1,1,0,18,381397,Mohammad Alsalkhadi,Substitute,0,1,193351,7,193351.0,3720.0,62',0,0,-1,,,,2025-07-29 04:37:11
13086,725937,21382,home,0,4-1-4-1,1,0,19,407158,Erik Freij,Substitute,0,0,0,-1,,,,0,0,-1,,,,2025-07-29 04:37:11
13086,725937,21382,home,0,4-1-4-1,1,0,20,334028,Freddy Winsth,Substitute,0,0,0,-1,,,,0,0,-1,,,,2025-07-29 04:37:11
13086,725937,21382,home,0,4-1-4-1,1,0,5,334035,Victor Larsson,Substitute,0,1,380552,2,380552.0,4140.0,69',0,0,-1,,,,2025-07-29 04:37:11
13086,725937,2495,away,1,4-2-3-1,1,1,1,170727,Warner Hahn,Goalkeeper,1,0,0,-1,,,,0,0,-1,,,,2025-07-29 04:37:11
13086,725937,2495,away,1,4-2-3-1,1,1,2,382504,Hampus Skoglund,Right Back,2,0,0,-1,,,,1,399509,13,399509.0,3720.0,62',2025-07-29 04:37:11
13086,725937,2495,away,1,4-2-3-1,1,1,19,251758,Shaquille Pinas,Left Back,3,0,0,-1,,,,0,0,-1,,,,2025-07-29 04:37:11
13086,725937,2495,away,1,4-2-3-1,1,1,22,210020,Jacob Ortmark,Left Midfielder,4,0,0,-1,,,,1,205374,11,205374.0,3720.0,62',2025-08-08 04:46:27
13086,725937,2495,away,1,4-2-3-1,1,1,4,334038,Victor Eriksson,Center Right Defender,5,0,0,-1,,,,0,0,-1,,,,2025-07-29 04:37:11
13086,725937,2495,away,1,4-2-3-1,1,1,3,272714,Frederik Winther,Center Left Defender,6,0,0,-1,,,,0,0,-1,,,,2025-07-29 04:37:11
13086,725937,2495,away,1,4-2-3-1,1,1,26,312880,Montader Madjed,Attacking Midfielder Right,7,0,0,-1,,,,1,303670,7,303670.0,3720.0,62',2025-07-29 04:37:11
13086,725937,2495,away,1,4-2-3-1,1,1,8,22967,Markus Karlsson,Right Midfielder,8,0,0,-1,,,,0,0,-1,,,,2025-07-29 04:37:11
13086,725937,2495,away,1,4-2-3-1,1,1,9,315675,Jusef Erabi,Forward,9,0,0,-1,,,,0,0,-1,,,,2025-07-29 04:37:11
13086,725937,2495,away,1,4-2-3-1,1,1,20,143585,Nahir Besara,Attacking Midfielder,10,0,0,-1,,,,0,0,-1,,,,2025-07-29 04:37:11
13086,725937,2495,away,1,4-2-3-1,1,1,18,303702,Sebastian Tounekti,Attacking Midfielder Left,11,0,0,-1,,,,1,313464,17,,,,2025-07-29 04:37:11
13086,725937,2495,away,1,4-2-3-1,1,0,34,396022,Wilson Lindberg Uhrström,Substitute,0,0,0,-1,,,,0,0,-1,,,,2025-07-29 04:37:11
13086,725937,2495,away,1,4-2-3-1,1,0,13,399509,Jonathan Karlsson,Substitute,0,1,382504,2,382504.0,3720.0,62',0,0,-1,,,,2025-07-29 04:37:11
13086,725937,2495,away,1,4-2-3-1,1,0,11,205374,Oscar Johansson Schellhas,Substitute,0,1,210020,22,210020.0,3720.0,62',0,0,-1,,,,2025-07-29 04:37:11
13086,725937,2495,away,1,4-2-3-1,1,0,27,301372,Felix Jakobsson,Substitute,0,0,0,-1,,,,0,0,-1,,,,2025-07-29 04:37:11
13086,725937,2495,away,1,4-2-3-1,1,0,7,303670,Paulos Abraham,Substitute,0,1,312880,26,312880.0,3720.0,62',0,0,-1,,,,2025-07-29 04:37:11
13086,725937,2495,away,1,4-2-3-1,1,0,29,359099,Elohim Kaboré,Substitute,0,0,0,-1,,,,0,0,-1,,,,2025-07-29 04:37:11
13086,725937,2495,away,1,4-2-3-1,1,0,17,313464,Ibrahima Fofana,Substitute,0,1,303702,18,303702.0,5040.0,84',0,0,-1,,,,2025-08-11 04:41:30
13086,725937,2495,away,1,4-2-3-1,1,0,16,380971,Gent Elezaj,Substitute,0,0,0,-1,,,,0,0,-1,,,,2025-07-29 04:37:11
13086,725937,2495,away,1,4-2-3-1,1,0,15,380970,Adrian Lahdo,Substitute,0,0,0,-1,,,,0,0,-1,,,,2025-07-29 04:37:11
13086,725938,21382,home,0,4-1-4-1,1,1,1,277177,Hugo Keto,Goalkeeper,1,0,0,-1,,,,0,0,-1,,,,2025-08-03 04:40:32
13086,725938,21382,home,0,4-1-4-1,1,1,2,380552,Johan Rapp,Right Back,2,0,0,-1,,,,0,0,-1,,,,2025-08-03 04:40:32
13086,725938,21382,home,0,4-1-4-1,1,1,3,272272,Axel Björnström,Left Back,3,0,0,-1,,,,0,0,-1,,,,2025-08-03 04:40:32
13086,725938,21382,home,0,4-1-4-1,1,1,22,158993,Simon Thern,Defensive Midfielder,4,0,0,-1,,,,0,0,-1,,,,2025-08-03 04:40:32
13086,725938,21382,home,0,4-1-4-1,1,1,4,383897,Rufai Mohammed,Center Right Defender,5,0,0,-1,,,,0,0,-1,,,,2025-08-03 04:40:32
13086,725938,21382,home,0,4-1-4-1,1,1,27,159526,Souleymane Coulibaly,Center Left Defender,6,0,0,-1,,,,1,267616,6,267616.0,2700.0,45',2025-08-03 04:40:32
13086,725938,21382,home,0,4-1-4-1,1,1,18,381397,Mohammad Alsalkhadi,Right Midfielder,7,0,0,-1,,,,1,185955,15,185955.0,5220.0,87',2025-08-03 04:40:32
13086,725938,21382,home,0,4-1-4-1,1,1,7,193351,Carl Johansson,Center Right Midfielder,8,0,0,-1,,,,1,386317,16,386317.0,4140.0,69',2025-08-03 04:40:32
13086,725938,21382,home,0,4-1-4-1,1,1,14,153631,Marcus Antonsson,Forward,9,0,0,-1,,,,0,0,-1,,,,2025-08-03 04:40:32
13086,725938,21382,home,0,4-1-4-1,1,1,25,312873,Noah Shamoun,Center Left Midfielder,10,0,0,-1,,,,1,366595,8,366595.0,4140.0,69',2025-08-03 04:40:32
13086,725938,21382,home,0,4-1-4-1,1,1,10,345479,Ajdin Zeljkovic,Left Midfielder,11,0,0,-1,,,,1,353250,32,353250.0,4500.0,75',2025-08-03 04:40:32
13086,725938,21382,home,0,4-1-4-1,1,0,39,341335,Viktor Andersson,Substitute,0,0,0,-1,,,,0,0,-1,,,,2025-08-03 04:40:32
13086,725938,21382,home,0,4-1-4-1,1,0,15,185955,Pawel Cibicki,Substitute,0,1,381397,18,381397.0,5220.0,87',0,0,-1,,,,2025-08-03 04:40:32
13086,725938,21382,home,0,4-1-4-1,1,0,6,267616,Hugo Andersson,Substitute,0,1,159526,27,159526.0,2700.0,45',0,0,-1,,,,2025-08-03 04:40:32
13086,725938,21382,home,0,4-1-4-1,1,0,21,303750,Abdulrazaq Ishaq,Substitute,0,0,0,-1,,,,0,0,-1,,,,2025-08-03 04:40:32
13086,725938,21382,home,0,4-1-4-1,1,0,20,334028,Freddy Winsth,Substitute,0,0,0,-1,,,,0,0,-1,,,,2025-08-03 04:40:32
13086,725938,21382,home,0,4-1-4-1,1,0,32,353250,Kenan Bilalovic,Substitute,0,1,345479,10,345479.0,4500.0,75',0,0,-1,,,,2025-08-03 04:40:32
13086,725938,21382,home,0,4-1-4-1,1,0,8,366595,Otso Liimatta,Substitute,0,1,312873,25,312873.0,4140.0,69',0,0,-1,,,,2025-08-03 04:40:32
13086,725938,21382,home,0,4-1-4-1,1,0,16,386317,Antonio Kujundzic,Substitute,0,1,193351,7,193351.0,4140.0,69',0,0,-1,,,,2025-08-03 04:40:32
13086,725938,21382,home,0,4-1-4-1,1,0,19,407158,Erik Freij,Substitute,0,0,0,-1,,,,0,0,-1,,,,2025-08-03 04:40:32
13086,725938,8222,away,0,4-3-3,1,1,1,312877,Mergim Krasniqi,Goalkeeper,1,0,0,-1,,,,0,0,-1,,,,2025-08-03 04:40:32
13086,725938,8222,away,0,4-3-3,1,1,6,378806,August Wängberg,Right Back,2,0,0,-1,,,,0,0,-1,,,,2025-08-03 04:40:32
13086,725938,8222,away,0,4-3-3,1,1,2,400217,Matteo de Brienne,Left Back,3,0,0,-1,,,,0,0,-1,,,,2025-08-03 04:40:32
13086,725938,8222,away,0,4-3-3,1,1,18,313931,Kevin Holmén,Center Midfielder,4,0,0,-1,,,,0,0,-1,,,,2025-08-03 04:40:32
13086,725938,8222,away,0,4-3-3,1,1,4,333728,Oskar Ågren,Center Right Defender,5,0,0,-1,,,,1,356377,12,356377.0,4500.0,75',2025-08-03 04:40:32
13086,725938,8222,away,0,4-3-3,1,1,24,378826,Filip Beckman,Center Left Defender,6,0,0,-1,,,,0,0,-1,,,,2025-08-03 04:40:32
13086,725938,8222,away,0,4-3-3,1,1,32,359795,Harun Ibrahim,Right Midfielder,7,0,0,-1,,,,1,334033,11,334033.0,4080.0,68',2025-08-03 04:40:32
13086,725938,8222,away,0,4-3-3,1,1,10,347031,Amin Boudri,Left Midfielder,8,0,0,-1,,,,1,364732,17,364732.0,5340.0,89',2025-08-03 04:40:32
13086,725938,8222,away,0,4-3-3,1,1,19,308726,Ibrahim Diabate,Forward,9,0,0,-1,,,,0,0,-1,,,,2025-09-01 05:08:47
13086,725938,8222,away,0,4-3-3,1,1,9,378816,Gustav Lundgren,Right Forward,10,0,0,-1,,,,0,0,-1,,,,2025-08-03 04:40:32
13086,725938,8222,away,0,4-3-3,1,1,16,400221,Rasmus Niklasson Petrovic,Left Forward,11,0,0,-1,,,,1,149765,25,149765.0,4500.0,75',2025-08-03 04:40:32
13086,725938,8222,away,0,4-3-3,1,0,25,149765,Jonas Lindberg,Substitute,0,1,400221,16,400221.0,4500.0,75',0,0,-1,,,,2025-08-03 04:40:32
13086,725938,8222,away,0,4-3-3,1,0,14,379955,Filip Gustafsson,Substitute,0,0,0,-1,,,,0,0,-1,,,,2025-08-03 04:40:32
13086,725938,8222,away,0,4-3-3,1,0,31,378823,Simon Sjöholm,Substitute,0,0,0,-1,,,,0,0,-1,,,,2025-08-03 04:40:32
13086,725938,8222,away,0,4-3-3,1,0,17,364732,Frosti Thorkelsson,Substitute,0,1,347031,10,347031.0,5340.0,89',0,0,-1,,,,2025-08-03 04:40:32
13086,725938,8222,away,0,4-3-3,1,0,13,360878,Kees Sims,Substitute,0,0,0,-1,,,,0,0,-1,,,,2025-08-03 04:40:32
13086,725938,8222,away,0,4-3-3,1,0,12,356377,Robin Frej,Substitute,0,1,333728,4,333728.0,4500.0,75',0,0,-1,,,,2025-08-03 04:40:32
13086,725938,8222,away,0,4-3-3,1,0,11,334033,Edvin Becirovic,Substitute,0,1,359795,32,359795.0,4080.0,68',0,0,-1,,,,2025-08-03 04:40:32
13086,725938,8222,away,0,4-3-3,1,0,28,235766,Lucas Hedlund,Substitute,0,0,0,-1,,,,0,0,-1,,,,2025-08-03 04:40:32
13086,725938,8222,away,0,4-3-3,1,0,29,400220,Daniel Bengtsson,Substitute,0,0,0,-1,,,,0,0,-1,,,,2025-08-03 04:40:32
13086,725939,2339,home,0,4-2-3-1,1,1,45,219533,Filip Manojlovic,Goalkeeper,1,0,0,-1,,,,0,0,-1,,,,2025-08-04 04:45:49
13086,725939,2339,home,0,4-2-3-1,1,1,12,357136,Theo Bergvall,Right Back,2,0,0,-1,,,,1,269457,18,269457.0,3780.0,63',2025-08-04 04:45:49
13086,725939,2339,home,0,4-2-3-1,1,1,27,371596,Keita Kosugi,Left Back,3,0,0,-1,,,,0,0,-1,,,,2025-08-04 04:45:49
13086,725939,2339,home,0,4-2-3-1,1,1,20,364226,Matias Siltanen,Left Midfielder,4,0,0,-1,,,,1,120652,8,120652.0,4560.0,76',2025-08-04 04:45:49
13086,725939,2339,home,0,4-2-3-1,1,1,5,289721,Miro Tenho,Center Right Defender,5,0,0,-1,,,,0,0,-1,,,,2025-08-04 04:45:49
13086,725939,2339,home,0,4-2-3-1,1,1,3,172855,Marcus Danielson,Center Left Defender,6,0,0,-1,,,,0,0,-1,,,,2025-08-04 04:45:49
13086,725939,2339,home,0,4-2-3-1,1,1,17,250697,Mikkel Anderson,Attacking Midfielder Right,7,0,0,-1,,,,0,0,-1,,,,2025-08-04 04:45:49
13086,725939,2339,home,0,4-2-3-1,1,1,6,136911,Rasmus Schüller,Right Midfielder,8,0,0,-1,,,,1,312383,15,312383.0,3780.0,63',2025-08-04 04:45:49
13086,725939,2339,home,0,4-2-3-1,1,1,9,330460,August Priske,Forward,9,0,0,-1,,,,1,372767,11,372767.0,4560.0,76',2025-08-04 04:45:49
13086,725939,2339,home,0,4-2-3-1,1,1,7,295863,Tobias Gulliksen,Attacking Midfielder,10,0,0,-1,,,,1,378837,22,378837.0,5040.0,84',2025-08-04 04:45:49
13086,725939,2339,home,0,4-2-3-1,1,1,10,164556,Tokmac Nguen,Attacking Midfielder Left,11,0,0,-1,,,,0,0,-1,,,,2025-08-04 04:45:49
13086,725939,2339,home,0,4-2-3-1,1,0,11,372767,Zakaria Sawo,Substitute,0,1,330460,9,330460.0,4560.0,76',0,0,-1,,,,2025-08-04 04:45:49
13086,725939,2339,home,0,4-2-3-1,1,0,35,203266,Jacob Rinne,Substitute,0,0,0,-1,,,,0,0,-1,,,,2025-08-04 04:45:49
13086,725939,2339,home,0,4-2-3-1,1,0,22,378837,Patric Åslund,Substitute,0,1,295863,7,295863.0,5040.0,84',0,0,-1,,,,2025-08-04 04:45:49
13086,725939,2339,home,0,4-2-3-1,1,0,14,272148,Hampus Finndell,Substitute,0,0,0,-1,,,,0,0,-1,,,,2025-08-04 04:45:49
13086,725939,2339,home,0,4-2-3-1,1,0,18,269457,Adam Stahl,Substitute,0,1,357136,12,357136.0,3780.0,63',0,0,-1,,,,2025-08-04 04:45:49
13086,725939,2339,home,0,4-2-3-1,1,0,4,237053,Jacob Une,Substitute,0,0,0,-1,,,,0,0,-1,,,,2025-08-04 04:45:49
13086,725939,2339,home,0,4-2-3-1,1,0,2,205729,Piotr Johansson,Substitute,0,0,0,-1,,,,0,0,-1,,,,2025-08-04 04:45:49
13086,725939,2339,home,0,4-2-3-1,1,0,8,120652,Albin Ekdal,Substitute,0,1,364226,20,364226.0,4560.0,76',0,0,-1,,,,2025-08-04 04:45:49
13086,725939,2339,home,0,4-2-3-1,1,0,15,312383,Oskar Fallenius,Substitute,0,1,136911,6,136911.0,3780.0,63',0,0,-1,,,,2025-08-04 04:45:49
13086,725939,3017,away,0,3-4-2-1,1,1,12,195094,Tim Erlandsson,Goalkeeper,1,0,0,-1,,,,0,0,-1,,,,2025-08-04 04:45:49
13086,725939,3017,away,0,3-4-2-1,1,1,17,303666,André Boman,Right Midfielder,2,0,0,-1,,,,0,0,-1,,,,2025-08-04 04:45:49
13086,725939,3017,away,0,3-4-2-1,1,1,24,240486,Rami Kaib,Left Midfielder,3,0,0,-1,,,,0,0,-1,,,,2025-08-04 04:45:49
13086,725939,3017,away,0,3-4-2-1,1,1,2,381647,Bleon Kurtulus,Center Left Defender,4,0,0,-1,,,,0,0,-1,,,,2025-08-04 04:45:49
13086,725939,3017,away,0,3-4-2-1,1,1,5,178687,Pascal Gregor,Center Defender,5,0,0,-1,,,,0,0,-1,,,,2025-08-04 04:45:49
13086,725939,3017,away,0,3-4-2-1,1,1,3,357142,Gabriel Wallentin,Center Right Defender,6,0,0,-1,,,,0,0,-1,,,,2025-08-04 04:45:49
13086,725939,3017,away,0,3-4-2-1,1,1,6,147211,Joel Allansson,Center Right Midfielder,7,0,0,-1,,,,0,0,-1,,,,2025-08-04 04:45:49
13086,725939,3017,away,0,3-4-2-1,1,1,8,289719,Niilo Mäenpää,Center Left Midfielder,8,0,0,-1,,,,0,0,-1,,,,2025-08-04 04:45:49
13086,725939,3017,away,0,3-4-2-1,1,1,9,329971,Yannick Agnero,Forward,9,0,0,-1,,,,1,334002,28,334002.0,5400.0,90'+5',2025-08-04 04:45:49
13086,725939,3017,away,0,3-4-2-1,1,1,11,357140,Villiam Granath,Center Right Forward,10,0,0,-1,,,,1,289329,4,289329.0,5040.0,84',2025-08-04 04:45:49
13086,725939,3017,away,0,3-4-2-1,1,1,13,237843,Gíisli Eyjólfsson,Center Left Forward,11,0,0,-1,,,,1,399508,29,399508.0,4020.0,67',2025-08-04 04:45:49
13086,725939,3017,away,0,3-4-2-1,1,0,29,399508,Erik Arvidsson,Substitute,0,1,237843,13,237843.0,4020.0,67',0,0,-1,,,,2025-08-04 04:45:49
13086,725939,3017,away,0,3-4-2-1,1,0,28,334002,Malte Persson,Substitute,0,1,329971,9,329971.0,5400.0,90'+5',0,0,-1,,,,2025-08-04 04:45:49
13086,725939,3017,away,0,3-4-2-1,1,0,26,359293,Mans Andersson,Substitute,0,0,0,-1,,,,0,0,-1,,,,2025-08-04 04:45:49
13086,725939,3017,away,0,3-4-2-1,1,0,19,401274,Marvin Illary,Substitute,0,0,0,-1,,,,0,0,-1,,,,2025-08-04 04:45:49
13086,725939,3017,away,0,3-4-2-1,1,0,4,289329,Filip Schyberg,Substitute,0,1,357140,11,357140.0,5040.0,84',0,0,-1,,,,2025-08-04 04:45:49
13086,725939,3017,away,0,3-4-2-1,1,0,1,264481,Tim Rönning,Substitute,0,0,0,-1,,,,0,0,-1,,,,2025-08-04 04:45:49
13086,725939,3017,away,0,3-4-2-1,1,0,14,159454,Blair Turgott,Substitute,0,0,0,-1,,,,0,0,-1,,,,2025-08-04 04:45:49
13086,725939,3017,away,0,3-4-2-1,1,0,21,121282,Marcus Olsson,Substitute,0,0,0,-1,,,,0,0,-1,,,,2025-08-04 04:45:49
13086,725940,8221,home,1,4-2-3-1,1,1,40,390019,Leo Cavallius,Goalkeeper,1,0,0,-1,,,,0,0,-1,,,,2025-08-03 04:40:32
13086,725940,8221,home,1,4-2-3-1,1,1,21,302691,Alex Timossi Andersson,Right Back,2,0,0,-1,,,,0,0,-1,,,,2025-08-03 04:40:32
13086,725940,8221,home,1,4-2-3-1,1,1,6,313932,Oliver Zandén,Left Back,3,0,0,-1,,,,0,0,-1,,,,2025-08-03 04:40:32
13086,725940,8221,home,1,4-2-3-1,1,1,27,347458,Kaare Barslund,Left Midfielder,4,0,0,-1,,,,1,356378,10,356378.0,3960.0,66',2025-08-03 04:40:32
13086,725940,8221,home,1,4-2-3-1,1,1,3,162464,Even Hovland,Center Right Defender,5,0,0,-1,,,,0,0,-1,,,,2025-08-03 04:40:32
13086,725940,8221,home,1,4-2-3-1,1,1,4,208616,Eric Bjorkander,Center Left Defender,6,0,0,-1,,,,0,0,-1,,,,2025-08-03 04:40:32
13086,725940,8221,home,1,4-2-3-1,1,1,31,399423,Love Arrhov,Attacking Midfielder Right,7,0,0,-1,,,,1,336115,11,336115.0,3120.0,52',2025-08-03 04:40:32
13086,725940,8221,home,1,4-2-3-1,1,1,24,257624,Kevin Ackermann,Right Midfielder,8,0,0,-1,,,,0,0,-1,,,,2025-08-03 04:40:32
13086,725940,8221,home,1,4-2-3-1,1,1,23,399426,Ezekiel Alladoh,Forward,9,0,0,-1,,,,1,380680,12,380680.0,2700.0,45',2025-08-03 04:40:32
13086,725940,8221,home,1,4-2-3-1,1,1,16,274984,Adam Jakobsen,Attacking Midfielder,10,0,0,-1,,,,0,0,-1,,,,2025-08-03 04:40:32
13086,725940,8221,home,1,4-2-3-1,1,1,7,320883,Victor Lind,Attacking Midfielder Left,11,0,0,-1,,,,1,195090,28,195090.0,5400.0,90'+3',2025-08-03 04:40:32
13086,725940,8221,home,1,4-2-3-1,1,0,2,306206,Hlynur Freyr Karlsson,Substitute,0,0,0,-1,,,,0,0,-1,,,,2025-08-03 04:40:32
13086,725940,8221,home,1,4-2-3-1,1,0,11,336115,Rasmus Örqvist,Substitute,0,1,399423,31,399423.0,3120.0,52',0,0,-1,,,,2025-08-03 04:40:32
13086,725940,8221,home,1,4-2-3-1,1,0,32,399427,Oskar Cotton,Substitute,0,0,0,-1,,,,0,0,-1,,,,2025-08-03 04:40:32
13086,725940,8221,home,1,4-2-3-1,1,0,39,134643,Nabil Bahoui,Substitute,0,0,0,-1,,,,0,0,-1,,,,2025-08-03 04:40:32
13086,725940,8221,home,1,4-2-3-1,1,0,25,146116,Davor Blazevic,Substitute,0,0,0,-1,,,,0,0,-1,,,,2025-08-03 04:40:32
13086,725940,8221,home,1,4-2-3-1,1,0,12,380680,Charlie Nildén,Substitute,0,1,399426,23,399426.0,2700.0,45',0,0,-1,,,,2025-08-03 04:40:32
13086,725940,8221,home,1,4-2-3-1,1,0,28,195090,Isak Ssewankambo,Substitute,0,1,320883,7,320883.0,5400.0,90'+3',0,0,-1,,,,2025-08-03 04:40:32
13086,725940,8221,home,1,4-2-3-1,1,0,10,356378,Wilmer Odefalk,Substitute,0,1,347458,27,347458.0,3960.0,66',0,0,-1,,,,2025-08-03 04:40:32
13086,725940,8221,home,1,4-2-3-1,1,0,17,357143,Anton Kurochkin,Substitute,0,0,0,-1,,,,0,0,-1,,,,2025-08-03 04:40:32
13086,725940,8544,away,0,4-2-3-1,1,1,40,19242,David Andersson,Goalkeeper,1,0,0,-1,,,,0,0,-1,,,,2025-08-03 04:40:32
13086,725940,8544,away,0,4-2-3-1,1,1,37,345975,Moutaz Neffati,Right Back,2,0,0,-1,,,,0,0,-1,,,,2025-08-03 04:40:32
13086,725940,8544,away,0,4-2-3-1,1,1,25,364988,Kevin Höög Jansson,Left Back,3,0,0,-1,,,,1,400219,18,400219.0,5220.0,87',2025-08-03 04:40:32
13086,725940,8544,away,0,4-2-3-1,1,1,7,232279,Alexander Fransson,Left Midfielder,4,0,0,-1,,,,0,0,-1,,,,2025-08-03 04:40:32
13086,725940,8544,away,0,4-2-3-1,1,1,24,334015,Anton Eriksson,Center Right Defender,5,0,0,-1,,,,0,0,-1,,,,2025-08-03 04:40:32
13086,725940,8544,away,0,4-2-3-1,1,1,19,238431,Max Watson,Center Left Defender,6,0,0,-1,,,,0,0,-1,,,,2025-08-03 04:40:32
13086,725940,8544,away,0,4-2-3-1,1,1,10,188022,David Moberg-Karlsson,Attacking Midfielder Right,7,0,0,-1,,,,1,287215,22,287215.0,3900.0,65',2025-08-03 04:40:32
13086,725940,8544,away,0,4-2-3-1,1,1,11,286930,Ismet Lushaku,Right Midfielder,8,0,0,-1,,,,0,0,-1,,,,2025-08-03 04:40:32
13086,725940,8544,away,0,4-2-3-1,1,1,5,158978,Christoffer Nyman,Forward,9,0,0,-1,,,,0,0,-1,,,,2025-08-03 04:40:32
13086,725940,8544,away,0,4-2-3-1,1,1,9,230353,Arnór Traustason,Attacking Midfielder,10,0,0,-1,,,,0,0,-1,,,,2025-08-03 04:40:32
13086,725940,8544,away,0,4-2-3-1,1,1,8,321404,Ísak Andri Sigurgeirsson,Attacking Midfielder Left,11,0,0,-1,,,,0,0,-1,,,,2025-08-03 04:40:32
13086,725940,8544,away,0,4-2-3-1,1,0,33,408343,Filip Werner,Substitute,0,0,0,-1,,,,0,0,-1,,,,2025-08-03 04:40:32
13086,725940,8544,away,0,4-2-3-1,1,0,36,402438,Manaf Rawufu,Substitute,0,0,0,-1,,,,0,0,-1,,,,2025-08-03 04:40:32
13086,725940,8544,away,0,4-2-3-1,1,0,20,400367,Axel Brönner,Substitute,0,0,0,-1,,,,0,0,-1,,,,2025-08-03 04:40:32
13086,725940,8544,away,0,4-2-3-1,1,0,18,400219,Jónatan Gudni Arnarsson,Substitute,0,1,364988,25,364988.0,5220.0,87',0,0,-1,,,,2025-08-03 04:40:32
13086,725940,8544,away,0,4-2-3-1,1,0,30,380189,Theo Krantz,Substitute,0,0,0,-1,,,,0,0,-1,,,,2025-08-03 04:40:32
13086,725940,8544,away,0,4-2-3-1,1,0,3,359167,Marcus Baggesen,Substitute,0,0,0,-1,,,,0,0,-1,,,,2025-08-03 04:40:32
13086,725940,8544,away,0,4-2-3-1,1,0,31,329668,Jesper Lindvall,Substitute,0,0,0,-1,,,,0,0,-1,,,,2025-08-03 04:40:32
13086,725940,8544,away,0,4-2-3-1,1,0,22,287215,Tim Prica,Substitute,0,1,188022,10,188022.0,3900.0,65',0,0,-1,,,,2025-08-03 04:40:32
13086,725940,8544,away,0,4-2-3-1,1,0,28,389749,Åke Andersson,Substitute,0,0,0,-1,,,,0,0,-1,,,,2025-08-03 04:40:32
13086,725941,7834,home,0,4-2-3-1,1,1,99,125312,Etrit Berisha,Goalkeeper,1,0,0,-1,,,,0,0,-1,,,,2025-08-04 04:45:49
13086,725941,7834,home,0,4-2-3-1,1,1,11,378812,Julius Lindberg,Right Back,2,0,0,-1,,,,0,0,-1,,,,2025-08-04 04:45:49
13086,725941,7834,home,0,4-2-3-1,1,1,13,361537,Sigge Jansson,Left Back,3,0,0,-1,,,,1,394448,28,394448.0,4980.0,83',2025-08-04 04:45:49
13086,725941,7834,home,0,4-2-3-1,1,1,31,407096,Lasse Madsen,Left Midfielder,4,0,0,-1,,,,1,194293,21,194293.0,4200.0,70',2025-08-04 04:45:49
13086,725941,7834,home,0,4-2-3-1,1,1,44,393324,Harry Hilvenius,Center Right Defender,5,0,0,-1,,,,0,0,-1,,,,2025-08-04 04:45:49
13086,725941,7834,home,0,4-2-3-1,1,1,23,336672,Olle Samuelsson,Center Left Defender,6,0,0,-1,,,,0,0,-1,,,,2025-08-04 04:45:49
13086,725941,7834,home,0,4-2-3-1,1,1,20,407050,Adrian Svanbäck,Attacking Midfielder Right,7,0,0,-1,,,,0,0,-1,,,,2025-08-04 04:45:49
13086,725941,7834,home,0,4-2-3-1,1,1,10,239184,Mikkel Rygaard,Right Midfielder,8,0,0,-1,,,,1,355408,8,355408.0,3660.0,61',2025-08-04 04:45:49
13086,725941,7834,home,0,4-2-3-1,1,1,19,366143,John Paul Dembe,Forward,9,0,0,-1,,,,0,0,-1,,,,2025-08-08 04:46:27
13086,725941,7834,home,0,4-2-3-1,1,1,39,364749,Isak Brusberg,Attacking Midfielder,10,0,0,-1,,,,1,271087,24,271087.0,3600.0,60',2025-08-08 04:46:27
13086,725941,7834,home,0,4-2-3-1,1,1,29,366829,Severin Nioule,Attacking Midfielder Left,11,0,0,-1,,,,0,0,-1,,,,2025-08-04 04:45:49
13086,725941,7834,home,0,4-2-3-1,1,0,21,194293,Adam Lundkvist,Substitute,0,1,407096,31,407096.0,4200.0,70',0,0,-1,,,,2025-08-04 04:45:49
13086,725941,7834,home,0,4-2-3-1,1,0,1,177546,Andreas Linde,Substitute,0,0,0,-1,,,,0,0,-1,,,,2025-08-04 04:45:49
13086,725941,7834,home,0,4-2-3-1,1,0,24,271087,Amor Layouni,Substitute,0,1,364749,39,364749.0,3600.0,60',0,0,-1,,,,2025-08-04 04:45:49
13086,725941,7834,home,0,4-2-3-1,1,0,17,330551,Ben Engdahl,Substitute,0,0,0,-1,,,,0,0,-1,,,,2025-08-04 04:45:49
13086,725941,7834,home,0,4-2-3-1,1,0,7,343960,Sanders Ngabo,Substitute,0,0,0,-1,,,,0,0,-1,,,,2025-08-04 04:45:49
13086,725941,7834,home,0,4-2-3-1,1,0,8,355408,Silas Andersen,Substitute,0,1,239184,10,239184.0,3660.0,61',0,0,-1,,,,2025-08-04 04:45:49
13086,725941,7834,home,0,4-2-3-1,1,0,22,380234,Nikola Zecevic,Substitute,0,0,0,-1,,,,0,0,-1,,,,2025-08-04 04:45:49
13086,725941,7834,home,0,4-2-3-1,1,0,28,394448,Filip Öhman,Substitute,0,1,361537,13,361537.0,4980.0,83',0,0,-1,,,,2025-08-04 04:45:49
13086,725941,7834,home,0,4-2-3-1,1,0,25,398176,Sabri Kondo,Substitute,0,0,0,-1,,,,0,0,-1,,,,2025-08-04 04:45:49
13086,725941,529,away,1,3-4-2-1,1,1,1,400222,Simon Eriksson,Goalkeeper,1,0,0,-1,,,,0,0,-1,,,,2025-08-04 04:45:49
13086,725941,529,away,1,3-4-2-1,1,1,13,146012,Johan Larsson,Right Midfielder,2,0,0,-1,,,,1,134644,23,134644.0,4740.0,79',2025-08-04 04:45:49
13086,725941,529,away,1,3-4-2-1,1,1,13,146012,Johan Larsson,Right Midfielder,2,0,0,-1,,,,1,134644,23,134644.0,3540.0,59',2025-08-04 04:45:49
13086,725941,529,away,1,3-4-2-1,1,1,15,173040,Simon Hedlund,Left Midfielder,3,0,0,-1,,,,0,0,-1,,,,2025-08-04 04:45:49
13086,725941,529,away,1,3-4-2-1,1,1,2,380023,Terry Yegbe,Center Left Defender,4,0,0,-1,,,,0,0,-1,,,,2025-08-04 04:45:49
13086,725941,529,away,1,3-4-2-1,1,1,29,341452,Ibrahim Buhari,Center Defender,5,0,0,-1,,,,0,0,-1,,,,2025-08-04 04:45:49
13086,725941,529,away,1,3-4-2-1,1,1,6,286729,Rasmus Wikstrom,Center Right Defender,6,0,0,-1,,,,0,0,-1,,,,2025-08-04 04:45:49
13086,725941,529,away,1,3-4-2-1,1,1,27,334024,Besfort Zeneli,Center Right Midfielder,7,0,0,-1,,,,0,0,-1,,,,2025-08-04 04:45:49
13086,725941,529,away,1,3-4-2-1,1,1,5,303480,Wenderson,Center Left Midfielder,8,0,0,-1,,,,0,0,-1,,,,2025-08-04 04:45:49
13086,725941,529,away,1,3-4-2-1,1,1,24,304180,Frederik Ihler,Forward,9,0,0,-1,,,,1,174501,17,174501.0,4320.0,72',2025-08-04 04:45:49
13086,725941,529,away,1,3-4-2-1,1,1,21,388173,Leo Östman,Center Right Forward,10,0,0,-1,,,,1,202705,9,202705.0,3540.0,59',2025-08-04 04:45:49
13086,725941,529,away,1,3-4-2-1,1,1,11,303614,Taylor Silverholt,Center Left Forward,11,0,0,-1,,,,1,342093,25,342093.0,4380.0,73',2025-08-04 04:45:49
13086,725941,529,away,1,3-4-2-1,1,0,30,176191,Lucas Hägg Johansson,Substitute,0,0,0,-1,,,,0,0,-1,,,,2025-08-04 04:45:49
13086,725941,529,away,1,3-4-2-1,1,0,16,402326,Altti Hellemaa,Substitute,0,0,0,-1,,,,0,0,-1,,,,2025-08-04 04:45:49
13086,725941,529,away,1,3-4-2-1,1,0,23,134644,Niklas Hult,Substitute,0,1,146012,13,146012.0,3540.0,59',1,389426,28,389426.0,4740.0,79',2025-08-04 04:45:49
13086,725941,529,away,1,3-4-2-1,1,0,17,174501,Per Frick,Substitute,0,1,304180,24,304180.0,4320.0,72',0,0,-1,,,,2025-08-04 04:45:49
13086,725941,529,away,1,3-4-2-1,1,0,8,194092,Sebastian Holmén,Substitute,0,0,0,-1,,,,0,0,-1,,,,2025-08-04 04:45:49
13086,725941,529,away,1,3-4-2-1,1,0,9,202705,Arbër Zeneli,Substitute,0,1,388173,21,388173.0,3540.0,59',0,0,-1,,,,2025-08-04 04:45:49
13086,725941,529,away,1,3-4-2-1,1,0,18,305401,Júlíus Magnússon,Substitute,0,0,0,-1,,,,0,0,-1,,,,2025-08-04 04:45:49
13086,725941,529,away,1,3-4-2-1,1,0,25,342093,Ari Sigurpálsson,Substitute,0,1,303614,11,303614.0,4380.0,73',0,0,-1,,,,2025-08-04 04:45:49
13086,725941,529,away,1,3-4-2-1,1,0,28,389426,Frode Aronsson,Substitute,0,1,134644,23,134644.0,3540.0,59',0,0,-1,,,,2025-08-04 04:45:49
13086,725941,529,away,1,3-4-2-1,1,0,28,389426,Frode Aronsson,Substitute,0,1,134644,23,134644.0,4740.0,79',0,0,-1,,,,2025-08-04 04:45:49
13086,725942,2556,home,1,4-3-3,1,1,25,359784,Elis Bishesari,Goalkeeper,1,0,0,-1,,,,0,0,-1,,,,2025-08-05 04:47:49
13086,725942,2556,home,1,4-3-3,1,1,29,343958,Thomas Santos,Right Back,2,0,0,-1,,,,1,297985,8,297985.0,4380.0,73',2025-08-05 04:47:49
13086,725942,2556,home,1,4-3-3,1,1,22,383948,Noah Tolf,Left Back,3,0,0,-1,,,,0,0,-1,,,,2025-08-05 04:47:49
13086,725942,2556,home,1,4-3-3,1,1,15,307947,David Kruse,Center Midfielder,4,0,0,-1,,,,0,0,-1,,,,2025-08-05 04:47:49
13086,725942,2556,home,1,4-3-3,1,1,5,220974,Jonas Bager,Center Right Defender,5,0,0,-1,,,,1,366598,4,366598.0,3720.0,62',2025-08-05 04:47:49
13086,725942,2556,home,1,4-3-3,1,1,3,241163,August Erlingmark,Center Left Defender,6,0,0,-1,,,,1,83736,13,83736.0,1680.0,28',2025-08-05 04:47:49
13086,725942,2556,home,1,4-3-3,1,1,23,289882,Kolbeinn Thordarson,Right Midfielder,7,0,0,-1,,,,0,0,-1,,,,2025-08-05 04:47:49
13086,725942,2556,home,1,4-3-3,1,1,14,219163,Tobias Heintz,Left Midfielder,8,0,0,-1,,,,0,0,-1,,,,2025-08-05 04:47:49
13086,725942,2556,home,1,4-3-3,1,1,9,303768,Max Fenger,Forward,9,0,0,-1,,,,1,343826,16,343826.0,4380.0,73',2025-08-05 04:47:49
13086,725942,2556,home,1,4-3-3,1,1,11,297099,Saidou Alioum Moubarak,Right Forward,10,0,0,-1,,,,1,380238,26,380238.0,4380.0,73',2025-08-05 04:47:49
13086,725942,2556,home,1,4-3-3,1,1,7,390390,Sebastian Clemmensen,Left Forward,11,0,0,-1,,,,0,0,-1,,,,2025-08-05 04:47:49
13086,725942,2556,home,1,4-3-3,1,0,8,297985,Imam Jagne,Substitute,0,1,343958,29,343958.0,4380.0,73',0,0,-1,,,,2025-08-05 04:47:49
13086,725942,2556,home,1,4-3-3,1,0,1,235504,Pontus Dahlberg,Substitute,0,0,0,-1,,,,0,0,-1,,,,2025-08-05 04:47:49
13086,725942,2556,home,1,4-3-3,1,0,10,336395,Hussein Carneil,Substitute,0,0,0,-1,,,,0,0,-1,,,,2025-08-05 04:47:49
13086,725942,2556,home,1,4-3-3,1,0,16,343826,Linus Carlstrand,Substitute,0,1,303768,9,303768.0,4380.0,73',0,0,-1,,,,2025-08-05 04:47:49
13086,725942,2556,home,1,4-3-3,1,0,30,222784,Ramon Pascal Lundqvist,Substitute,0,0,0,-1,,,,0,0,-1,,,,2025-08-05 04:47:49
13086,725942,2556,home,1,4-3-3,1,0,4,366598,Rockson Yeboah,Substitute,0,1,220974,5,220974.0,3720.0,62',0,0,-1,,,,2025-08-05 04:47:49
13086,725942,2556,home,1,4-3-3,1,0,26,380238,Benjamin Brantlind,Substitute,0,1,297099,11,297099.0,4380.0,73',0,0,-1,,,,2025-08-05 04:47:49
13086,725942,2556,home,1,4-3-3,1,0,31,381084,David Mikhail,Substitute,0,0,0,-1,,,,0,0,-1,,,,2025-08-05 04:47:49
13086,725942,2556,home,1,4-3-3,1,0,13,83736,Gustav Svensson,Substitute,0,1,241163,3,241163.0,1680.0,28',0,0,-1,,,,2025-08-05 04:47:49
13086,725942,20856,away,0,4-4-2,1,1,26,194803,Matvei Igonen,Goalkeeper,1,0,0,-1,,,,0,0,-1,,,,2025-08-05 04:47:49
13086,725942,20856,away,0,4-4-2,1,1,6,235489,Daniel Sundgren,Right Back,2,0,0,-1,,,,0,0,-1,,,,2025-08-05 04:47:49
13086,725942,20856,away,0,4-4-2,1,1,2,256567,Mamadouba Diaby,Left Back,3,0,0,-1,,,,0,0,-1,,,,2025-08-05 04:47:49
13086,725942,20856,away,0,4-4-2,1,1,11,218520,Christos Gravius,Center Right Midfielder,4,0,0,-1,,,,0,0,-1,,,,2025-08-05 04:47:49
13086,725942,20856,away,0,4-4-2,1,1,4,301367,Leon Hien,Center Right Defender,5,0,0,-1,,,,0,0,-1,,,,2025-08-05 04:47:49
13086,725942,20856,away,0,4-4-2,1,1,5,385769,Juhani Pikkarainen,Center Left Defender,6,0,0,-1,,,,1,324395,15,324395.0,3780.0,63',2025-08-05 04:47:49
13086,725942,20856,away,0,4-4-2,1,1,16,205158,Sebastian Ohlsson,Right Midfielder,7,0,0,-1,,,,0,0,-1,,,,2025-08-05 04:47:49
13086,725942,20856,away,0,4-4-2,1,1,8,301374,Nahom Netabay,Center Left Midfielder,8,0,0,-1,,,,1,236415,12,236415.0,3720.0,62',2025-08-05 04:47:49
13086,725942,20856,away,0,4-4-2,1,1,19,316173,Richie Omorowa,Center Left Forward,9,0,0,-1,,,,1,398190,9,398190.0,3780.0,63',2025-08-05 04:47:49
13086,725942,20856,away,0,4-4-2,1,1,10,364830,Marcus Rafferty,Center Right Forward,10,0,0,-1,,,,1,357137,23,357137.0,1020.0,17',2025-08-05 04:47:49
13086,725942,20856,away,0,4-4-2,1,1,20,400141,Elias Barsoum,Left Midfielder,11,0,0,-1,,,,1,400375,27,400375.0,4680.0,78',2025-08-05 04:47:49
13086,725942,20856,away,0,4-4-2,1,0,9,398190,Adi Fisic,Substitute,0,1,316173,19,316173.0,3780.0,63',0,0,-1,,,,2025-08-05 04:47:49
13086,725942,20856,away,0,4-4-2,1,0,28,408131,Vincent Tigerholm,Substitute,0,0,0,-1,,,,0,0,-1,,,,2025-08-05 04:47:49
13086,725942,20856,away,0,4-4-2,1,0,24,402327,Hjalmar Smedberg,Substitute,0,0,0,-1,,,,0,0,-1,,,,2025-08-05 04:47:49
13086,725942,20856,away,0,4-4-2,1,0,27,400375,Ziyad Salifu,Substitute,0,1,400141,20,400141.0,4680.0,78',0,0,-1,,,,2025-08-05 04:47:49
13086,725942,20856,away,0,4-4-2,1,0,23,357137,Alexander Hedén Lindskog,Substitute,0,1,364830,10,364830.0,1020.0,17',0,0,-1,,,,2025-08-05 04:47:49
13086,725942,20856,away,0,4-4-2,1,0,15,324395,Nasiru Moro,Substitute,0,1,385769,5,385769.0,3780.0,63',0,0,-1,,,,2025-08-05 04:47:49
13086,725942,20856,away,0,4-4-2,1,0,1,286770,Willie Jakobsson,Substitute,0,0,0,-1,,,,0,0,-1,,,,2025-08-05 04:47:49
13086,725942,20856,away,0,4-4-2,1,0,12,236415,Erik Lindell,Substitute,0,1,301374,8,301374.0,3720.0,62',0,0,-1,,,,2025-08-05 04:47:49
13086,725943,2720,home,0,4-1-2-1-2,1,1,33,307800,Melker Ellborg,Goalkeeper,1,0,0,-1,,,,0,0,-1,,,,2025-05-24 04:56:17
13086,725943,2720,home,0,4-1-2-1-2,1,1,17,193186,Jens Stryger Larsen,Right Back,2,0,0,-1,,,,0,0,-1,,,,2025-05-24 04:56:17
13086,725943,2720,home,0,4-1-2-1-2,1,1,25,301219,Busanello,Left Back,3,0,0,-1,,,,0,0,-1,,,,2025-05-24 04:56:17
13086,725943,2720,home,0,4-1-2-1-2,1,1,23,286434,Lasse Berg Johnsen,Defensive Midfielder,4,0,0,-1,,,,0,0,-1,,,,2025-06-02 04:53:23
13086,725943,2720,home,0,4-1-2-1-2,1,1,19,279135,Colin Rösler,Center Right Defender,5,0,0,-1,,,,0,0,-1,,,,2025-05-24 04:56:17
13086,725943,2720,home,0,4-1-2-1-2,1,1,18,135579,Pontus Jansson,Center Left Defender,6,0,0,-1,,,,1,380679,35,380679.0,3840.0,64',2025-05-24 04:56:17
13086,725943,2720,home,0,4-1-2-1-2,1,1,7,315679,Otto Rosengren,Right Midfielder,7,0,0,-1,,,,0,0,-1,,,,2025-05-24 04:56:17
13086,725943,2720,home,0,4-1-2-1-2,1,1,10,149538,Anders Christiansen,Attacking Midfielder,8,0,0,-1,,,,1,218450,29,218450.0,4500.0,75',2025-05-24 04:56:17
13086,725943,2720,home,0,4-1-2-1-2,1,1,22,314164,Taha Ali,Center Left Forward,9,0,0,-1,,,,1,255228,8,255228.0,4500.0,75',2025-06-02 04:53:23
13086,725943,2720,home,0,4-1-2-1-2,1,1,9,166657,Isaac Kiese Thelin,Center Right Forward,10,0,0,-1,,,,1,360023,32,360023.0,4500.0,75',2025-05-24 04:56:17
13086,725943,2720,home,0,4-1-2-1-2,1,1,38,330239,Hugo Bolin,Left Midfielder,11,0,0,-1,,,,0,0,-1,,,,2025-05-24 04:56:17
13086,725943,2720,home,0,4-1-2-1-2,1,0,40,381395,Kenan Busuladzic,Substitute,0,0,0,-1,,,,0,0,-1,,,,2025-05-24 04:56:17
13086,725943,2720,home,0,4-1-2-1-2,1,0,35,380679,Nils Zätterström,Substitute,0,1,135579,18,135579.0,3840.0,64',0,0,-1,,,,2025-05-24 04:56:17
13086,725943,2720,home,0,4-1-2-1-2,1,0,32,360023,Daniel Gudjohnsen,Substitute,0,1,166657,9,166657.0,4500.0,75',0,0,-1,,,,2025-05-24 04:56:17
13086,725943,2720,home,0,4-1-2-1-2,1,0,11,308880,Emmanuel Ekong,Substitute,0,0,0,-1,,,,0,0,-1,,,,2025-05-24 04:56:17
13086,725943,2720,home,0,4-1-2-1-2,1,0,8,255228,Arnór Sigurdsson,Substitute,0,1,314164,22,314164.0,4500.0,75',0,0,-1,,,,2025-05-24 04:56:17
13086,725943,2720,home,0,4-1-2-1-2,1,0,29,218450,Sead Haksabanovic,Substitute,0,1,149538,10,149538.0,4500.0,75',0,0,-1,,,,2025-05-24 04:56:17
13086,725943,2720,home,0,4-1-2-1-2,1,0,1,198227,Ricardo Friedrich,Substitute,0,0,0,-1,,,,0,0,-1,,,,2025-06-02 04:53:23
13086,725943,2720,home,0,4-1-2-1-2,1,0,2,9101,Johan Karlsson,Substitute,0,0,0,-1,,,,0,0,-1,,,,2025-05-24 04:56:17
13086,725943,2720,home,0,4-1-2-1-2,1,0,16,138055,Oliver Berg,Substitute,0,0,0,-1,,,,0,0,-1,,,,2025-05-24 04:56:17
13086,725943,994,away,0,4-2-3-1,1,1,15,133993,Kristoffer Nordfeldt,Goalkeeper,1,0,0,-1,,,,0,0,-1,,,,2025-05-24 04:56:17
13086,725943,994,away,0,4-2-3-1,1,1,17,229692,Mads Thychosen,Right Back,2,0,0,-1,,,,0,0,-1,,,,2025-05-24 04:56:17
13086,725943,994,away,0,4-2-3-1,1,1,3,258904,Thomas Isherwood,Left Back,3,0,0,-1,,,,0,0,-1,,,,2025-06-02 04:53:23
13086,725943,994,away,0,4-2-3-1,1,1,7,193105,Anton Saletros,Left Midfielder,4,0,0,-1,,,,0,0,-1,,,,2025-05-24 04:56:17
13086,725943,994,away,0,4-2-3-1,1,1,32,222606,Filip Benkovic,Center Right Defender,5,0,0,-1,,,,0,0,-1,,,,2025-05-24 04:56:17
13086,725943,994,away,0,4-2-3-1,1,1,4,223140,Sotiris Papagiannopoulos,Center Left Defender,6,0,0,-1,,,,0,0,-1,,,,2025-05-24 04:56:17
13086,725943,994,away,0,4-2-3-1,1,1,43,334029,Victor Andersson,Attacking Midfielder Right,7,0,0,-1,,,,1,325409,5,325409.0,2700.0,45',2025-05-24 04:56:17
13086,725943,994,away,0,4-2-3-1,1,1,33,322466,Áron Csongvai,Right Midfielder,8,0,0,-1,,,,0,0,-1,,,,2025-06-02 04:53:23
13086,725943,994,away,0,4-2-3-1,1,1,11,146893,John Guidetti,Forward,9,0,0,-1,,,,1,305500,9,305500.0,5220.0,87',2025-05-24 04:56:17
13086,725943,994,away,0,4-2-3-1,1,1,10,215152,Bersant Celina,Attacking Midfielder,10,0,0,-1,,,,1,236162,8,236162.0,5220.0,87',2025-05-24 04:56:17
13086,725943,994,away,0,4-2-3-1,1,1,22,172923,Jere Uronen,Attacking Midfielder Left,11,0,0,-1,,,,0,0,-1,,,,2025-05-24 04:56:17
13086,725943,994,away,0,4-2-3-1,1,0,26,400799,Elvis Laan,Substitute,0,0,0,-1,,,,0,0,-1,,,,2025-05-24 04:56:17
13086,725943,994,away,0,4-2-3-1,1,0,8,236162,Johan Hove,Substitute,0,1,215152,10,215152.0,5220.0,87',0,0,-1,,,,2025-05-24 04:56:17
13086,725943,994,away,0,4-2-3-1,1,0,16,261614,Benjamin Tiedemann Hansen,Substitute,0,0,0,-1,,,,0,0,-1,,,,2025-06-02 04:53:23
13086,725943,994,away,0,4-2-3-1,1,0,9,305500,Andronikos Kakoulis,Substitute,0,1,146893,11,146893.0,5220.0,87',0,0,-1,,,,2025-05-24 04:56:17
13086,725943,994,away,0,4-2-3-1,1,0,47,346655,Alexander Fesshaie,Substitute,0,0,0,-1,,,,0,0,-1,,,,2025-06-02 04:53:23
13086,725943,994,away,0,4-2-3-1,1,0,45,347636,Taha Ayari,Substitute,0,0,0,-1,,,,0,0,-1,,,,2025-05-24 04:56:17
13086,725943,994,away,0,4-2-3-1,1,0,30,218410,Kalle Joelsson,Substitute,0,0,0,-1,,,,0,0,-1,,,,2025-05-24 04:56:17
13086,725943,994,away,0,4-2-3-1,1,0,21,369996,Stanley Wilson,Substitute,0,0,0,-1,,,,0,0,-1,,,,2025-05-24 04:56:17
13086,725943,994,away,0,4-2-3-1,1,0,5,325409,Kazper Karlsson,Substitute,0,1,334029,43,334029.0,2700.0,45',0,0,-1,,,,2025-05-24 04:56:17
13086,725944,8547,home,0,4-4-2,1,1,34,325348,David Celic,Goalkeeper,1,0,0,-1,,,,0,0,-1,,,,2025-08-04 04:45:49
13086,725944,8547,home,0,4-4-2,1,1,2,235919,Henrik Castegren,Right Back,2,0,0,-1,,,,0,0,-1,,,,2025-08-04 04:45:49
13086,725944,8547,home,0,4-4-2,1,1,22,243517,Oscar Krusnell,Left Back,3,0,0,-1,,,,1,235518,21,235518.0,4740.0,79',2025-08-04 04:45:49
13086,725944,8547,home,0,4-4-2,1,1,10,358564,Melker Heier,Center Right Midfielder,4,0,0,-1,,,,0,0,-1,,,,2025-08-04 04:45:49
13086,725944,8547,home,0,4-4-2,1,1,15,186504,Simon Sandberg,Center Right Defender,5,0,0,-1,,,,1,382138,20,382138.0,5040.0,84',2025-08-04 04:45:49
13086,725944,8547,home,0,4-4-2,1,1,4,366597,Tobias Anker,Center Left Defender,6,0,0,-1,,,,0,0,-1,,,,2025-08-04 04:45:49
13086,725944,8547,home,0,4-4-2,1,1,24,401059,Victor Svensson,Right Midfielder,7,0,0,-1,,,,1,344867,29,344867.0,4740.0,79',2025-08-04 04:45:49
13086,725944,8547,home,0,4-4-2,1,1,17,15527,Marcus Lindberg,Center Left Midfielder,8,0,0,-1,,,,0,0,-1,,,,2025-08-04 04:45:49
13086,725944,8547,home,0,4-4-2,1,1,9,322993,Robbie Ure,Center Left Forward,9,0,0,-1,,,,0,0,-1,,,,2025-08-04 04:45:49
13086,725944,8547,home,0,4-4-2,1,1,7,22706,Joakim Persson,Center Right Forward,10,0,0,-1,,,,1,322919,16,322919.0,5340.0,89',2025-08-04 04:45:49
13086,725944,8547,home,0,4-4-2,1,1,14,323176,Leo Walta,Left Midfielder,11,0,0,-1,,,,0,0,-1,,,,2025-08-04 04:45:49
13086,725944,8547,home,0,4-4-2,1,0,21,235518,Dennis Widgren,Substitute,0,1,243517,22,243517.0,4740.0,79',0,0,-1,,,,2025-08-04 04:45:49
13086,725944,8547,home,0,4-4-2,1,0,3,299250,Bogdan Milovanov,Substitute,0,0,0,-1,,,,0,0,-1,,,,2025-08-04 04:45:49
13086,725944,8547,home,0,4-4-2,1,0,19,309271,Noel Milleskog,Substitute,0,0,0,-1,,,,0,0,-1,,,,2025-08-04 04:45:49
13086,725944,8547,home,0,4-4-2,1,0,1,313973,Ismael Diawara,Substitute,0,0,0,-1,,,,0,0,-1,,,,2025-08-04 04:45:49
13086,725944,8547,home,0,4-4-2,1,0,18,315677,Adam Wikman,Substitute,0,0,0,-1,,,,0,0,-1,,,,2025-08-04 04:45:49
13086,725944,8547,home,0,4-4-2,1,0,16,322919,Herman Sjögrell,Substitute,0,1,22706,7,22706.0,5340.0,89',0,0,-1,,,,2025-08-04 04:45:49
13086,725944,8547,home,0,4-4-2,1,0,29,344867,Isak Bjerkebo,Substitute,0,1,401059,24,401059.0,4740.0,79',0,0,-1,,,,2025-08-04 04:45:49
13086,725944,8547,home,0,4-4-2,1,0,36,359495,August Ljungberg,Substitute,0,0,0,-1,,,,0,0,-1,,,,2025-08-04 04:45:49
13086,725944,8547,home,0,4-4-2,1,0,20,382138,Victor Ekström,Substitute,0,1,186504,15,186504.0,5040.0,84',0,0,-1,,,,2025-08-04 04:45:49
13086,725944,2936,away,0,4-3-3,1,1,13,400366,Robin Wallinder,Goalkeeper,1,0,0,-1,,,,0,0,-1,,,,2025-08-04 04:45:49
13086,725944,2936,away,0,4-3-3,1,1,33,354345,Tatu Varmanen,Right Back,2,0,0,-1,,,,0,0,-1,,,,2025-08-04 04:45:49
13086,725944,2936,away,0,4-3-3,1,1,21,400371,Lars Bergquist,Left Back,3,0,0,-1,,,,0,0,-1,,,,2025-08-04 04:45:49
13086,725944,2936,away,0,4-3-3,1,1,26,238868,Magnus Christensen,Center Midfielder,4,0,0,-1,,,,1,385181,8,385181.0,2700.0,45',2025-08-04 04:45:49
13086,725944,2936,away,0,4-3-3,1,1,5,354352,Mattis Adolfsson,Center Right Defender,5,0,0,-1,,,,0,0,-1,,,,2025-08-04 04:45:49
13086,725944,2936,away,0,4-3-3,1,1,15,316395,Ivan Kricak,Center Left Defender,6,0,0,-1,,,,0,0,-1,,,,2025-08-04 04:45:49
13086,725944,2936,away,0,4-3-3,1,1,18,311161,Daniel Ljung,Right Midfielder,7,0,0,-1,,,,1,307747,6,307747.0,4980.0,83',2025-08-04 04:45:49
13086,725944,2936,away,0,4-3-3,1,1,7,275993,Anssi Suhonen,Left Midfielder,8,0,0,-1,,,,0,0,-1,,,,2025-08-04 04:45:49
13086,725944,2936,away,0,4-3-3,1,1,20,217300,Alibek Aliev,Forward,9,0,0,-1,,,,1,332413,34,332413.0,4080.0,68',2025-08-04 04:45:49
13086,725944,2936,away,0,4-3-3,1,1,24,312874,Patriot Sejdiu,Right Forward,10,0,0,-1,,,,1,380190,3,380190.0,5400.0,90'+3',2025-08-04 04:45:49
13086,725944,2936,away,0,4-3-3,1,1,10,334005,Oscar Uddenas,Left Forward,11,0,0,-1,,,,1,222639,23,222639.0,4080.0,68',2025-08-04 04:45:49
13086,725944,2936,away,0,4-3-3,1,0,9,398188,Niklas Soderberg,Substitute,0,0,0,-1,,,,0,0,-1,,,,2025-08-04 04:45:49
13086,725944,2936,away,0,4-3-3,1,0,23,222639,Vladimir Rodic,Substitute,0,1,334005,10,334005.0,4080.0,68',0,0,-1,,,,2025-08-04 04:45:49
13086,725944,2936,away,0,4-3-3,1,0,4,238435,Sebastian Starke Hedlund,Substitute,0,0,0,-1,,,,0,0,-1,,,,2025-08-04 04:45:49
13086,725944,2936,away,0,4-3-3,1,0,19,289844,Matias Tamminen,Substitute,0,0,0,-1,,,,0,0,-1,,,,2025-08-04 04:45:49
13086,725944,2936,away,0,4-3-3,1,0,6,307747,Noah Soderberg,Substitute,0,1,311161,18,311161.0,4980.0,83',0,0,-1,,,,2025-08-04 04:45:49
13086,725944,2936,away,0,4-3-3,1,0,34,332413,Joel Voelkerling Persson,Substitute,0,1,217300,20,217300.0,4080.0,68',0,0,-1,,,,2025-08-04 04:45:49
13086,725944,2936,away,0,4-3-3,1,0,3,380190,Kingsley Gyamfi,Substitute,0,1,312874,24,312874.0,5400.0,90'+3',0,0,-1,,,,2025-08-04 04:45:49
13086,725944,2936,away,0,4-3-3,1,0,8,385181,Daniel Ask,Substitute,0,1,238868,26,238868.0,2700.0,45',0,0,-1,,,,2025-08-04 04:45:49
13086,725944,2936,away,0,4-3-3,1,0,32,400368,Carl Lundahl Persson,Substitute,0,0,0,-1,,,,0,0,-1,,,,2025-08-04 04:45:49
13086,725945,2495,home,0,4-3-3,1,1,1,170727,Warner Hahn,Goalkeeper,1,0,0,-1,,,,0,0,-1,,,,2025-05-23 04:55:04
13086,725945,2495,home,0,4-3-3,1,1,2,382504,Hampus Skoglund,Right Back,2,0,0,-1,,,,0,0,-1,,,,2025-06-02 04:53:23
13086,725945,2495,home,0,4-3-3,1,1,19,251758,Shaquille Pinas,Left Back,3,0,0,-1,,,,0,0,-1,,,,2025-05-23 04:55:04
13086,725945,2495,home,0,4-3-3,1,1,5,218436,Tesfaldet Tekie,Center Midfielder,4,0,0,-1,,,,1,210020,22,,,,2025-05-23 04:55:04
13086,725945,2495,home,0,4-3-3,1,1,6,249160,Pavle Vagic,Center Right Defender,5,0,0,-1,,,,1,313464,17,,,,2025-05-23 04:55:04
13086,725945,2495,home,0,4-3-3,1,1,4,334038,Victor Eriksson,Center Left Defender,6,0,0,-1,,,,0,0,-1,,,,2025-05-23 04:55:04
13086,725945,2495,home,0,4-3-3,1,1,8,22967,Markus Karlsson,Right Midfielder,7,0,0,-1,,,,0,0,-1,,,,2025-05-23 04:55:04
13086,725945,2495,home,0,4-3-3,1,1,20,143585,Nahir Besara,Left Midfielder,8,0,0,-1,,,,0,0,-1,,,,2025-05-23 04:55:04
13086,725945,2495,home,0,4-3-3,1,1,7,303670,Paulos Abraham,Forward,9,0,0,-1,,,,1,313974,23,313974.0,3660.0,61',2025-05-23 04:55:04
13086,725945,2495,home,0,4-3-3,1,1,26,312880,Montader Madjed,Right Forward,10,0,0,-1,,,,1,380970,15,380970.0,5100.0,85',2025-05-23 04:55:04
13086,725945,2495,home,0,4-3-3,1,1,18,303702,Sebastian Tounekti,Left Forward,11,0,0,-1,,,,1,359099,29,359099.0,4620.0,77',2025-05-23 04:55:04
13086,725945,2495,home,0,4-3-3,1,0,27,301372,Felix Jakobsson,Substitute,0,0,0,-1,,,,0,0,-1,,,,2025-05-23 04:55:04
13086,725945,2495,home,0,4-3-3,1,0,17,313464,Ibrahima Fofana,Substitute,0,1,249160,6,249160.0,5100.0,85',0,0,-1,,,,2025-05-26 04:52:38
13086,725945,2495,home,0,4-3-3,1,0,23,313974,Abdelrahman Boudah Saidi,Substitute,0,1,303670,7,303670.0,3660.0,61',0,0,-1,,,,2025-06-02 04:53:23
13086,725945,2495,home,0,4-3-3,1,0,21,269195,Simon Strand,Substitute,0,0,0,-1,,,,0,0,-1,,,,2025-05-23 04:55:04
13086,725945,2495,home,0,4-3-3,1,0,29,359099,Elohim Kaboré,Substitute,0,1,303702,18,303702.0,4620.0,77',0,0,-1,,,,2025-06-02 04:53:23
13086,725945,2495,home,0,4-3-3,1,0,15,380970,Adrian Lahdo,Substitute,0,1,312880,26,312880.0,5100.0,85',0,0,-1,,,,2025-05-23 04:55:04
13086,725945,2495,home,0,4-3-3,1,0,22,210020,Jacob Ouro Ortmark,Substitute,0,1,218436,5,218436.0,5100.0,85',0,0,-1,,,,2025-06-02 04:53:23
13086,725945,2495,home,0,4-3-3,1,0,13,399509,Jonathan Karlsson,Substitute,0,0,0,-1,,,,0,0,-1,,,,2025-05-23 04:55:04
13086,725945,2495,home,0,4-3-3,1,0,3,272714,Frederik Winther,Substitute,0,0,0,-1,,,,0,0,-1,,,,2025-05-23 04:55:04
13086,725945,20301,away,1,3-4-3,1,1,1,301377,Noel Törnqvist,Goalkeeper,1,0,0,-1,,,,0,0,-1,,,,2025-06-02 04:53:23
13086,725945,20301,away,1,3-4-3,1,1,26,357118,Uba Charles,Right Midfielder,2,0,0,-1,,,,1,312876,14,312876.0,3600.0,60',2025-05-23 04:55:04
13086,725945,20301,away,1,3-4-3,1,1,11,269109,Timo Stavitski,Left Midfielder,3,0,0,-1,,,,1,357145,17,357145.0,2700.0,45',2025-05-23 04:55:04
13086,725945,20301,away,1,3-4-3,1,1,24,172917,Tom Pettersson,Center Left Defender,4,0,0,-1,,,,0,0,-1,,,,2025-05-23 04:55:04
13086,725945,20301,away,1,3-4-3,1,1,5,356281,Abdullah Iqbal,Center Defender,5,0,0,-1,,,,0,0,-1,,,,2025-05-23 04:55:04
13086,725945,20301,away,1,3-4-3,1,1,4,306289,Axel Norén,Center Right Defender,6,0,0,-1,,,,0,0,-1,,,,2025-05-23 04:55:04
13086,725945,20301,away,1,3-4-3,1,1,39,389637,Romeo Leandersson,Center Right Midfielder,7,0,0,-1,,,,1,303651,7,303651.0,3600.0,60',2025-05-23 04:55:04
13086,725945,20301,away,1,3-4-3,1,1,10,249171,Nicklas Rojkjaer,Center Left Midfielder,8,0,0,-1,,,,0,0,-1,,,,2025-05-23 04:55:04
13086,725945,20301,away,1,3-4-3,1,1,16,301382,Alexander Johansson,Forward,9,0,0,-1,,,,0,0,-1,,,,2025-05-23 04:55:04
13086,725945,20301,away,1,3-4-3,1,1,6,356408,Ludwig Malachowski,Center Right Forward,10,0,0,-1,,,,1,361860,15,361860.0,4200.0,70',2025-06-02 04:53:23
13086,725945,20301,away,1,3-4-3,1,1,19,380320,Abdoulie Manneh,Center Left Forward,11,0,0,-1,,,,1,293925,18,293925.0,4740.0,79',2025-05-23 04:55:04
13086,725945,20301,away,1,3-4-3,1,0,15,361860,Bork Bang-Kittilsen,Substitute,0,1,356408,6,356408.0,4200.0,70',0,0,-1,,,,2025-05-23 04:55:04
13086,725945,20301,away,1,3-4-3,1,0,17,357145,Elliot Stroud,Substitute,0,1,269109,11,269109.0,2700.0,45',0,0,-1,,,,2025-05-23 04:55:04
13086,725945,20301,away,1,3-4-3,1,0,25,346502,Argjend Miftari,Substitute,0,0,0,-1,,,,0,0,-1,,,,2025-05-23 04:55:04
13086,725945,20301,away,1,3-4-3,1,0,27,346501,Ludvig Tidstrand,Substitute,0,0,0,-1,,,,0,0,-1,,,,2025-05-23 04:55:04
13086,725945,20301,away,1,3-4-3,1,0,14,312876,Herman Johansson,Substitute,0,1,357118,26,357118.0,3600.0,60',0,0,-1,,,,2025-05-23 04:55:04
13086,725945,20301,away,1,3-4-3,1,0,7,303651,Viktor Gustafson,Substitute,0,1,389637,39,389637.0,3600.0,60',0,0,-1,,,,2025-05-23 04:55:04
13086,725945,20301,away,1,3-4-3,1,0,18,293925,Jacob Bergstrom,Substitute,0,1,380320,19,380320.0,4740.0,79',0,0,-1,,,,2025-05-23 04:55:04
13086,725945,20301,away,1,3-4-3,1,0,35,151931,Alexander Lundin,Substitute,0,0,0,-1,,,,0,0,-1,,,,2025-05-23 04:55:04
13086,725946,994,home,0,3-4-2-1,1,1,15,133993,Kristoffer Nordfeldt,Goalkeeper,1,0,0,-1,,,,0,0,-1,,,,2025-08-11 04:41:30
13086,725946,994,home,0,3-4-2-1,1,1,17,229692,Mads Thychosen,Right Midfielder,2,0,0,-1,,,,0,0,-1,,,,2025-08-11 04:41:30
13086,725946,994,home,0,3-4-2-1,1,1,19,237759,Dino Besirovic,Left Midfielder,3,0,0,-1,,,,0,0,-1,,,,2025-08-11 04:41:30
13086,725946,994,home,0,3-4-2-1,1,1,3,258904,Thomas Isherwood,Center Left Defender,4,0,0,-1,,,,1,261614,16,261614.0,5040.0,84',2025-08-11 04:41:30
13086,725946,994,home,0,3-4-2-1,1,1,4,223140,Sotiris Papagiannopoulos,Center Defender,5,0,0,-1,,,,0,0,-1,,,,2025-08-11 04:41:30
13086,725946,994,home,0,3-4-2-1,1,1,32,222606,Filip Benkovic,Center Right Defender,6,0,0,-1,,,,0,0,-1,,,,2025-08-11 04:41:30
13086,725946,994,home,0,3-4-2-1,1,1,7,193105,Anton Saletros,Center Right Midfielder,7,0,0,-1,,,,0,0,-1,,,,2025-08-11 04:41:30
13086,725946,994,home,0,3-4-2-1,1,1,33,322466,Áron Csongvai,Center Left Midfielder,8,0,0,-1,,,,0,0,-1,,,,2025-08-11 04:41:30
13086,725946,994,home,0,3-4-2-1,1,1,11,146893,John Guidetti,Forward,9,0,0,-1,,,,1,364726,20,364726.0,4380.0,73',2025-08-11 04:41:30
13086,725946,994,home,0,3-4-2-1,1,1,8,236162,Johan Hove,Center Right Forward,10,0,0,-1,,,,1,347636,45,347636.0,4380.0,73',2025-08-11 04:41:30
13086,725946,994,home,0,3-4-2-1,1,1,10,215152,Bersant Celina,Center Left Forward,11,0,0,-1,,,,1,357135,18,357135.0,5100.0,85',2025-08-11 04:41:30
13086,725946,994,home,0,3-4-2-1,1,0,5,325409,Kazper Karlsson,Substitute,0,0,0,-1,,,,0,0,-1,,,,2025-08-11 04:41:30
13086,725946,994,home,0,3-4-2-1,1,0,46,406317,Yannick Geiger,Substitute,0,0,0,-1,,,,0,0,-1,,,,2025-08-11 04:41:30
13086,725946,994,home,0,3-4-2-1,1,0,20,364726,Erik Flataker,Substitute,0,1,146893,11,146893.0,4380.0,73',0,0,-1,,,,2025-08-11 04:41:30
13086,725946,994,home,0,3-4-2-1,1,0,18,357135,Abdihakim Ali,Substitute,0,1,215152,10,215152.0,5100.0,85',0,0,-1,,,,2025-08-11 04:41:30
13086,725946,994,home,0,3-4-2-1,1,0,45,347636,Taha Ayari,Substitute,0,1,236162,8,236162.0,4380.0,73',0,0,-1,,,,2025-08-11 04:41:30
13086,725946,994,home,0,3-4-2-1,1,0,2,312931,Eskil Edh,Substitute,0,0,0,-1,,,,0,0,-1,,,,2025-08-11 04:41:30
13086,725946,994,home,0,3-4-2-1,1,0,43,334029,Victor Andersson,Substitute,0,0,0,-1,,,,0,0,-1,,,,2025-08-11 04:41:30
13086,725946,994,home,0,3-4-2-1,1,0,30,218410,Kalle Joelsson,Substitute,0,0,0,-1,,,,0,0,-1,,,,2025-08-11 04:41:30
13086,725946,994,home,0,3-4-2-1,1,0,16,261614,Benjamin Hansen,Substitute,0,1,258904,3,258904.0,5040.0,84',0,0,-1,,,,2025-08-11 04:41:30
13086,725946,2339,away,0,4-2-3-1,1,1,35,203266,Jacob Rinne,Goalkeeper,1,0,0,-1,,,,0,0,-1,,,,2025-08-11 04:41:30
13086,725946,2339,away,0,4-2-3-1,1,1,12,357136,Theo Bergvall,Right Back,2,0,0,-1,,,,1,378837,22,378837.0,4920.0,82',2025-08-11 04:41:30
13086,725946,2339,away,0,4-2-3-1,1,1,27,371596,Keita Kosugi,Left Back,3,0,0,-1,,,,0,0,-1,,,,2025-08-11 04:41:30
13086,725946,2339,away,0,4-2-3-1,1,1,17,250697,Mikkel Anderson,Left Midfielder,4,0,0,-1,,,,0,0,-1,,,,2025-08-11 04:41:30
13086,725946,2339,away,0,4-2-3-1,1,1,5,289721,Miro Tenho,Center Right Defender,5,0,0,-1,,,,1,237053,4,237053.0,5100.0,85',2025-08-11 04:41:30
13086,725946,2339,away,0,4-2-3-1,1,1,3,172855,Marcus Danielson,Center Left Defender,6,0,0,-1,,,,0,0,-1,,,,2025-08-11 04:41:30
13086,725946,2339,away,0,4-2-3-1,1,1,18,269457,Adam Stahl,Attacking Midfielder Right,7,0,0,-1,,,,0,0,-1,,,,2025-08-11 04:41:30
13086,725946,2339,away,0,4-2-3-1,1,1,6,136911,Rasmus Schüller,Right Midfielder,8,0,0,-1,,,,1,364226,20,364226.0,4440.0,74',2025-08-11 04:41:30
13086,725946,2339,away,0,4-2-3-1,1,1,9,330460,August Priske,Forward,9,0,0,-1,,,,1,372767,11,372767.0,4920.0,82',2025-08-11 04:41:30
13086,725946,2339,away,0,4-2-3-1,1,1,7,295863,Tobias Gulliksen,Attacking Midfielder,10,0,0,-1,,,,0,0,-1,,,,2025-08-11 04:41:30
13086,725946,2339,away,0,4-2-3-1,1,1,10,164556,Tokmac Nguen,Attacking Midfielder Left,11,0,0,-1,,,,1,312383,15,312383.0,4380.0,73',2025-08-11 04:41:30
13086,725946,2339,away,0,4-2-3-1,1,0,22,378837,Patric Åslund,Substitute,0,1,357136,12,357136.0,4920.0,82',0,0,-1,,,,2025-08-11 04:41:30
13086,725946,2339,away,0,4-2-3-1,1,0,11,372767,Zakaria Sawo,Substitute,0,1,330460,9,330460.0,4920.0,82',0,0,-1,,,,2025-08-11 04:41:30
13086,725946,2339,away,0,4-2-3-1,1,0,20,364226,Matias Siltanen,Substitute,0,1,136911,6,136911.0,4440.0,74',0,0,-1,,,,2025-08-11 04:41:30
13086,725946,2339,away,0,4-2-3-1,1,0,14,272148,Hampus Finndell,Substitute,0,0,0,-1,,,,0,0,-1,,,,2025-08-11 04:41:30
13086,725946,2339,away,0,4-2-3-1,1,0,4,237053,Jacob Une,Substitute,0,1,289721,5,289721.0,5100.0,85',0,0,-1,,,,2025-08-11 04:41:30
13086,725946,2339,away,0,4-2-3-1,1,0,45,219533,Filip Manojlovic,Substitute,0,0,0,-1,,,,0,0,-1,,,,2025-08-11 04:41:30
13086,725946,2339,away,0,4-2-3-1,1,0,2,205729,Piotr Johansson,Substitute,0,0,0,-1,,,,0,0,-1,,,,2025-08-11 04:41:30
13086,725946,2339,away,0,4-2-3-1,1,0,8,120652,Albin Ekdal,Substitute,0,0,0,-1,,,,0,0,-1,,,,2025-08-11 04:41:30
13086,725946,2339,away,0,4-2-3-1,1,0,15,312383,Oskar Fallenius,Substitute,0,1,164556,10,164556.0,4380.0,73',0,0,-1,,,,2025-08-11 04:41:30
13086,725947,20856,home,0,5-4-1,1,1,26,194803,Matvei Igonen,Goalkeeper,1,0,0,-1,,,,0,0,-1,,,,2025-08-16 04:52:22
13086,725947,20856,home,0,5-4-1,1,1,6,235489,Daniel Sundgren,Left Back,3,0,0,-1,,,,0,0,-1,,,,2025-08-16 04:52:22
13086,725947,20856,home,0,5-4-1,1,1,5,385769,Juhani Pikkarainen,Center Left Defender,4,0,0,-1,,,,0,0,-1,,,,2025-08-16 04:52:22
13086,725947,20856,home,0,5-4-1,1,1,15,324395,Nasiru Moro,Center Defender,5,0,0,-1,,,,0,0,-1,,,,2025-08-16 04:52:22
13086,725947,20856,home,0,5-4-1,1,1,4,301367,Leon Hien,Center Right Defender,6,0,0,-1,,,,0,0,-1,,,,2025-08-16 04:52:22
13086,725947,20856,home,0,5-4-1,1,1,10,364830,Marcus Rafferty,Right Midfielder,7,0,0,-1,,,,0,0,-1,,,,2025-08-16 04:52:22
13086,725947,20856,home,0,5-4-1,1,1,11,218520,Christos Gravius,Center Right Midfielder,8,0,0,-1,,,,0,0,-1,,,,2025-08-16 04:52:22
13086,725947,20856,home,0,5-4-1,1,1,19,316173,Richie Omorowa,Forward,9,0,0,-1,,,,1,398190,9,398190.0,3120.0,52',2025-08-16 04:52:22
13086,725947,20856,home,0,5-4-1,1,1,8,301374,Nahom Netabay,Center Left Midfielder,10,0,0,-1,,,,0,0,-1,,,,2025-08-16 04:52:22
13086,725947,20856,home,0,5-4-1,1,1,20,400141,Elias Barsoum,Left Midfielder,11,0,0,-1,,,,1,402327,24,402327.0,5340.0,89',2025-08-16 04:52:22
13086,725947,20856,home,0,5-4-1,1,0,28,408131,Vincent Tigerholm,Substitute,0,0,0,-1,,,,0,0,-1,,,,2025-08-16 04:52:22
13086,725947,20856,home,0,5-4-1,1,0,1,286770,Willie Jakobsson,Substitute,0,0,0,-1,,,,0,0,-1,,,,2025-08-16 04:52:22
13086,725947,20856,home,0,5-4-1,1,0,9,398190,Adi Fisic,Substitute,0,1,316173,19,316173.0,3120.0,52',0,0,-1,,,,2025-08-16 04:52:22
13086,725947,20856,home,0,5-4-1,1,0,22,400142,Maill Lundgren,Substitute,0,0,0,-1,,,,0,0,-1,,,,2025-08-16 04:52:22
13086,725947,20856,home,0,5-4-1,1,0,27,400375,Ziyad Salifu,Substitute,0,0,0,-1,,,,0,0,-1,,,,2025-08-16 04:52:22
13086,725947,20856,home,0,5-4-1,1,0,24,402327,Hjalmar Smedberg,Substitute,0,1,400141,20,400141.0,5340.0,89',0,0,-1,,,,2025-08-16 04:52:22
13086,725947,20856,home,0,5-4-1,1,0,21,408835,Cyril Laomadi,Substitute,0,0,0,-1,,,,0,0,-1,,,,2025-08-16 04:52:22
13086,725947,20856,home,0,5-4-1,1,0,7,205158,Sebastian Ohlsson,Substitute,2,0,0,-1,,,,0,0,-1,,,,2025-08-16 04:52:22
13086,725947,7834,away,0,4-3-3,1,1,99,125312,Etrit Berisha,Goalkeeper,1,0,0,-1,,,,0,0,-1,,,,2025-08-16 04:52:22
13086,725947,7834,away,0,4-3-3,1,1,13,361537,Sigge Jansson,Right Back,2,0,0,-1,,,,1,378812,11,378812.0,4080.0,68',2025-08-16 04:52:22
13086,725947,7834,away,0,4-3-3,1,1,21,194293,Adam Lundkvist,Left Back,3,0,0,-1,,,,0,0,-1,,,,2025-08-16 04:52:22
13086,725947,7834,away,0,4-3-3,1,1,15,356369,Samuel Leach Holm,Center Midfielder,4,0,0,-1,,,,0,0,-1,,,,2025-08-16 04:52:22
13086,725947,7834,away,0,4-3-3,1,1,44,393324,Harry Hilvenius,Center Right Defender,5,0,0,-1,,,,1,357139,16,357139.0,4800.0,80',2025-08-16 04:52:22
13086,725947,7834,away,0,4-3-3,1,1,4,271086,Marius Lode,Center Left Defender,6,0,0,-1,,,,0,0,-1,,,,2025-08-16 04:52:22
13086,725947,7834,away,0,4-3-3,1,1,10,239184,Mikkel Rygaard,Right Midfielder,7,0,0,-1,,,,1,364749,39,364749.0,4080.0,68',2025-08-16 04:52:22
13086,725947,7834,away,0,4-3-3,1,1,8,355408,Silas Andersen,Left Midfielder,8,0,0,-1,,,,0,0,-1,,,,2025-08-16 04:52:22
13086,725947,7834,away,0,4-3-3,1,1,20,407050,Adrian Svanbäck,Forward,9,0,0,-1,,,,0,0,-1,,,,2025-08-16 04:52:22
13086,725947,7834,away,0,4-3-3,1,1,24,271087,Amor Layouni,Right Forward,10,0,0,-1,,,,1,357023,18,357023.0,4800.0,80',2025-08-16 04:52:22
13086,725947,7834,away,0,4-3-3,1,1,29,366829,Severin Nioule,Left Forward,11,0,0,-1,,,,1,343960,7,343960.0,2700.0,45',2025-08-16 04:52:22
13086,725947,7834,away,0,4-3-3,1,0,31,407096,Lasse Madsen,Substitute,0,0,0,-1,,,,0,0,-1,,,,2025-08-16 04:52:22
13086,725947,7834,away,0,4-3-3,1,0,1,177546,Andreas Linde,Substitute,0,0,0,-1,,,,0,0,-1,,,,2025-08-16 04:52:22
13086,725947,7834,away,0,4-3-3,1,0,7,343960,Sanders Ngabo,Substitute,0,1,366829,29,366829.0,2700.0,45',0,0,-1,,,,2025-08-16 04:52:22
13086,725947,7834,away,0,4-3-3,1,0,16,357139,Pontus Dahbo,Substitute,0,1,393324,44,393324.0,4800.0,80',0,0,-1,,,,2025-08-16 04:52:22
13086,725947,7834,away,0,4-3-3,1,0,18,357023,Danilo Al-Saed,Substitute,0,1,271087,24,271087.0,4800.0,80',0,0,-1,,,,2025-08-16 04:52:22
13086,725947,7834,away,0,4-3-3,1,0,22,380234,Nikola Zecevic,Substitute,0,0,0,-1,,,,0,0,-1,,,,2025-08-16 04:52:22
13086,725947,7834,away,0,4-3-3,1,0,11,378812,Julius Lindberg,Substitute,0,1,361537,13,361537.0,4080.0,68',0,0,-1,,,,2025-08-16 04:52:22
13086,725947,7834,away,0,4-3-3,1,0,39,364749,Isak Brusberg,Substitute,0,1,239184,10,239184.0,4080.0,68',0,0,-1,,,,2025-08-16 04:52:22
13086,725947,7834,away,0,4-3-3,1,0,19,366143,John Paul Dembe,Substitute,0,0,0,-1,,,,0,0,-1,,,,2025-08-16 04:52:22
13086,725948,529,home,0,3-4-2-1,1,1,1,400222,Simon Eriksson,Goalkeeper,1,0,0,-1,,,,0,0,-1,,,,2025-08-12 04:46:58
13086,725948,529,home,0,3-4-2-1,1,1,13,146012,Johan Larsson,Right Midfielder,2,0,0,-1,,,,0,0,-1,,,,2025-08-12 04:46:58
13086,725948,529,home,0,3-4-2-1,1,1,15,173040,Simon Hedlund,Left Midfielder,3,0,0,-1,,,,0,0,-1,,,,2025-08-12 04:46:58
13086,725948,529,home,0,3-4-2-1,1,1,2,380023,Terry Yegbe,Center Left Defender,4,0,0,-1,,,,0,0,-1,,,,2025-08-12 04:46:58
13086,725948,529,home,0,3-4-2-1,1,1,29,341452,Ibrahim Buhari,Center Defender,5,0,0,-1,,,,0,0,-1,,,,2025-08-12 04:46:58
13086,725948,529,home,0,3-4-2-1,1,1,8,194092,Sebastian Holmén,Center Right Defender,6,0,0,-1,,,,0,0,-1,,,,2025-08-12 04:46:58
13086,725948,529,home,0,3-4-2-1,1,1,27,334024,Besfort Zeneli,Center Right Midfielder,7,0,0,-1,,,,0,0,-1,,,,2025-08-12 04:46:58
13086,725948,529,home,0,3-4-2-1,1,1,5,303480,Wenderson,Center Left Midfielder,8,0,0,-1,,,,1,305401,18,305401.0,5280.0,88',2025-08-12 04:46:58
13086,725948,529,home,0,3-4-2-1,1,1,11,303614,Taylor Silverholt,Forward,9,0,0,-1,,,,1,304180,24,304180.0,3900.0,65',2025-08-12 04:46:58
13086,725948,529,home,0,3-4-2-1,1,1,21,388173,Leo Östman,Center Right Forward,10,0,0,-1,,,,1,174501,17,174501.0,3900.0,65',2025-08-12 04:46:58
13086,725948,529,home,0,3-4-2-1,1,1,9,202705,Arbër Zeneli,Center Left Forward,11,0,0,-1,,,,1,342093,25,342093.0,2940.0,49',2025-08-12 04:46:58
13086,725948,529,home,0,3-4-2-1,1,0,19,401407,Victor Ozor Okeke,Substitute,0,0,0,-1,,,,0,0,-1,,,,2025-08-12 04:46:58
13086,725948,529,home,0,3-4-2-1,1,0,16,402326,Altti Hellemaa,Substitute,0,0,0,-1,,,,0,0,-1,,,,2025-08-12 04:46:58
13086,725948,529,home,0,3-4-2-1,1,0,28,389426,Frode Aronsson,Substitute,0,0,0,-1,,,,0,0,-1,,,,2025-08-12 04:46:58
13086,725948,529,home,0,3-4-2-1,1,0,18,305401,Júlíus Magnússon,Substitute,0,1,303480,5,303480.0,5280.0,88',0,0,-1,,,,2025-08-12 04:46:58
13086,725948,529,home,0,3-4-2-1,1,0,20,362584,Gottfrid Rapp,Substitute,0,0,0,-1,,,,0,0,-1,,,,2025-08-12 04:46:58
13086,725948,529,home,0,3-4-2-1,1,0,25,342093,Ari Sigurpálsson,Substitute,0,1,202705,9,202705.0,2940.0,49',0,0,-1,,,,2025-08-12 04:46:58
13086,725948,529,home,0,3-4-2-1,1,0,24,304180,Frederik Ihler,Substitute,0,1,303614,11,303614.0,3900.0,65',0,0,-1,,,,2025-08-12 04:46:58
13086,725948,529,home,0,3-4-2-1,1,0,30,176191,Lucas Hägg Johansson,Substitute,0,0,0,-1,,,,0,0,-1,,,,2025-08-12 04:46:58
13086,725948,529,home,0,3-4-2-1,1,0,17,174501,Per Frick,Substitute,0,1,388173,21,388173.0,3900.0,65',0,0,-1,,,,2025-08-12 04:46:58
13086,725948,21382,away,0,4-1-4-1,1,1,1,277177,Hugo Keto,Goalkeeper,1,0,0,-1,,,,0,0,-1,,,,2025-08-12 04:46:58
13086,725948,21382,away,0,4-1-4-1,1,1,2,380552,Johan Rapp,Right Back,2,0,0,-1,,,,1,334035,5,334035.0,4860.0,81',2025-08-12 04:46:58
13086,725948,21382,away,0,4-1-4-1,1,1,3,272272,Axel Björnström,Left Back,3,0,0,-1,,,,0,0,-1,,,,2025-08-12 04:46:58
13086,725948,21382,away,0,4-1-4-1,1,1,22,158993,Simon Thern,Defensive Midfielder,4,0,0,-1,,,,1,386317,16,386317.0,1500.0,25',2025-08-12 04:46:58
13086,725948,21382,away,0,4-1-4-1,1,1,4,383897,Rufai Mohammed,Center Right Defender,5,0,0,-1,,,,0,0,-1,,,,2025-08-12 04:46:58
13086,725948,21382,away,0,4-1-4-1,1,1,24,357202,Emin Grozdanic,Center Left Defender,6,0,0,-1,,,,0,0,-1,,,,2025-08-12 04:46:58
13086,725948,21382,away,0,4-1-4-1,1,1,18,381397,Mohammad Alsalkhadi,Right Midfielder,7,0,0,-1,,,,1,345479,10,345479.0,2700.0,45',2025-08-12 04:46:58
13086,725948,21382,away,0,4-1-4-1,1,1,7,193351,Carl Johansson,Center Right Midfielder,8,0,0,-1,,,,0,0,-1,,,,2025-08-12 04:46:58
13086,725948,21382,away,0,4-1-4-1,1,1,9,341437,Kai Meriluoto,Forward,9,0,0,-1,,,,0,0,-1,,,,2025-08-12 04:46:58
13086,725948,21382,away,0,4-1-4-1,1,1,8,366595,Otso Liimatta,Center Left Midfielder,10,0,0,-1,,,,1,267616,6,267616.0,4920.0,82',2025-08-12 04:46:58
13086,725948,21382,away,0,4-1-4-1,1,1,25,312873,Noah Shamoun,Left Midfielder,11,0,0,-1,,,,1,185955,15,185955.0,4680.0,78',2025-08-12 04:46:58
13086,725948,21382,away,0,4-1-4-1,1,0,27,159526,Souleymane Coulibaly,Substitute,0,0,0,-1,,,,0,0,-1,,,,2025-08-12 04:46:58
13086,725948,21382,away,0,4-1-4-1,1,0,14,153631,Marcus Antonsson,Substitute,0,0,0,-1,,,,0,0,-1,,,,2025-08-12 04:46:58
13086,725948,21382,away,0,4-1-4-1,1,0,16,386317,Antonio Kujundzic,Substitute,0,1,158993,22,158993.0,1500.0,25',0,0,-1,,,,2025-08-12 04:46:58
13086,725948,21382,away,0,4-1-4-1,1,0,10,345479,Ajdin Zeljkovic,Substitute,0,1,381397,18,381397.0,2700.0,45',0,0,-1,,,,2025-08-12 04:46:58
13086,725948,21382,away,0,4-1-4-1,1,0,39,341335,Viktor Andersson,Substitute,0,0,0,-1,,,,0,0,-1,,,,2025-08-12 04:46:58
13086,725948,21382,away,0,4-1-4-1,1,0,5,334035,Victor Larsson,Substitute,0,1,380552,2,380552.0,4860.0,81',0,0,-1,,,,2025-08-12 04:46:58
13086,725948,21382,away,0,4-1-4-1,1,0,20,334028,Freddy Winsth,Substitute,0,0,0,-1,,,,0,0,-1,,,,2025-08-12 04:46:58
13086,725948,21382,away,0,4-1-4-1,1,0,6,267616,Hugo Andersson,Substitute,0,1,366595,8,366595.0,4920.0,82',0,0,-1,,,,2025-08-12 04:46:58
13086,725948,21382,away,0,4-1-4-1,1,0,15,185955,Pawel Cibicki,Substitute,0,1,312873,25,312873.0,4680.0,78',0,0,-1,,,,2025-08-12 04:46:58
13086,725949,8222,home,0,4-3-3,1,1,1,312877,Mergim Krasniqi,Goalkeeper,1,0,0,-1,,,,0,0,-1,,,,2025-08-13 04:46:09
13086,725949,8222,home,0,4-3-3,1,1,6,378806,August Wängberg,Right Back,2,0,0,-1,,,,0,0,-1,,,,2025-08-13 04:46:09
13086,725949,8222,home,0,4-3-3,1,1,2,400217,Matteo de Brienne,Left Back,3,0,0,-1,,,,1,359795,32,359795.0,3720.0,62',2025-08-13 04:46:09
13086,725949,8222,home,0,4-3-3,1,1,18,313931,Kevin Holmén,Center Midfielder,4,0,0,-1,,,,1,235766,28,235766.0,4920.0,82',2025-08-13 04:46:09
13086,725949,8222,home,0,4-3-3,1,1,12,356377,Robin Frej,Center Right Defender,5,0,0,-1,,,,0,0,-1,,,,2025-08-13 04:46:09
13086,725949,8222,home,0,4-3-3,1,1,4,333728,Oskar Ågren,Center Left Defender,6,0,0,-1,,,,1,378826,24,378826.0,4440.0,74',2025-08-13 04:46:09
13086,725949,8222,home,0,4-3-3,1,1,9,378816,Gustav Lundgren,Right Midfielder,7,0,0,-1,,,,0,0,-1,,,,2025-08-13 04:46:09
13086,725949,8222,home,0,4-3-3,1,1,10,347031,Amin Boudri,Left Midfielder,8,0,0,-1,,,,0,0,-1,,,,2025-08-13 04:46:09
13086,725949,8222,home,0,4-3-3,1,1,19,308726,Ibrahim Diabate,Forward,9,0,0,-1,,,,0,0,-1,,,,2025-09-10 05:10:23
13086,725949,8222,home,0,4-3-3,1,1,16,400221,Rasmus Niklasson Petrovic,Right Forward,10,0,0,-1,,,,1,379958,5,379958.0,4440.0,74',2025-08-13 04:46:09
13086,725949,8222,home,0,4-3-3,1,1,11,334033,Edvin Becirovic,Left Forward,11,0,0,-1,,,,1,149765,25,149765.0,3720.0,62',2025-08-13 04:46:09
13086,725949,8222,home,0,4-3-3,1,0,32,359795,Harun Ibrahim,Substitute,0,1,400217,2,400217.0,3720.0,62',0,0,-1,,,,2025-08-13 04:46:09
13086,725949,8222,home,0,4-3-3,1,0,13,360878,Kees Sims,Substitute,0,0,0,-1,,,,0,0,-1,,,,2025-08-13 04:46:09
13086,725949,8222,home,0,4-3-3,1,0,17,364732,Frosti Thorkelsson,Substitute,0,0,0,-1,,,,0,0,-1,,,,2025-08-13 04:46:09
13086,725949,8222,home,0,4-3-3,1,0,7,378811,Joackim Åberg,Substitute,0,0,0,-1,,,,0,0,-1,,,,2025-08-13 04:46:09
13086,725949,8222,home,0,4-3-3,1,0,24,378826,Filip Beckman,Substitute,0,1,333728,4,333728.0,4440.0,74',0,0,-1,,,,2025-08-13 04:46:09
13086,725949,8222,home,0,4-3-3,1,0,14,379955,Filip Gustafsson,Substitute,0,0,0,-1,,,,0,0,-1,,,,2025-08-13 04:46:09
13086,725949,8222,home,0,4-3-3,1,0,5,379958,Robin Wendin Thomasson,Substitute,0,1,400221,16,400221.0,4440.0,74',0,0,-1,,,,2025-08-13 04:46:09
13086,725949,8222,home,0,4-3-3,1,0,28,235766,Lucas Hedlund,Substitute,0,1,313931,18,313931.0,4920.0,82',0,0,-1,,,,2025-08-13 04:46:09
13086,725949,8222,home,0,4-3-3,1,0,25,149765,Jonas Lindberg,Substitute,0,1,334033,11,334033.0,3720.0,62',0,0,-1,,,,2025-08-13 04:46:09
13086,725949,2556,away,1,4-3-3,1,1,25,359784,Elis Bishesari,Goalkeeper,1,0,0,-1,,,,0,0,-1,,,,2025-08-13 04:46:09
13086,725949,2556,away,1,4-3-3,1,1,29,343958,Thomas Santos,Right Back,2,0,0,-1,,,,1,366598,4,366598.0,5220.0,87',2025-08-13 04:46:09
13086,725949,2556,away,1,4-3-3,1,1,22,383948,Noah Tolf,Left Back,3,0,0,-1,,,,1,179771,6,179771.0,3720.0,62',2025-08-13 04:46:09
13086,725949,2556,away,1,4-3-3,1,1,13,83736,Gustav Svensson,Center Midfielder,4,0,0,-1,,,,0,0,-1,,,,2025-08-13 04:46:09
13086,725949,2556,away,1,4-3-3,1,1,5,220974,Jonas Bager,Center Right Defender,5,0,0,-1,,,,0,0,-1,,,,2025-08-13 04:46:09
13086,725949,2556,away,1,4-3-3,1,1,3,241163,August Erlingmark,Center Left Defender,6,0,0,-1,,,,0,0,-1,,,,2025-08-13 04:46:09
13086,725949,2556,away,1,4-3-3,1,1,23,289882,Kolbeinn Thordarson,Right Midfielder,7,0,0,-1,,,,1,297985,8,297985.0,3720.0,62',2025-08-13 04:46:09
13086,725949,2556,away,1,4-3-3,1,1,14,219163,Tobias Heintz,Left Midfielder,8,0,0,-1,,,,0,0,-1,,,,2025-08-13 04:46:09
13086,725949,2556,away,1,4-3-3,1,1,9,303768,Max Fenger,Forward,9,0,0,-1,,,,0,0,-1,,,,2025-08-13 04:46:09
13086,725949,2556,away,1,4-3-3,1,1,11,297099,Saidou Alioum Moubarak,Right Forward,10,0,0,-1,,,,0,0,-1,,,,2025-08-13 04:46:09
13086,725949,2556,away,1,4-3-3,1,1,7,390390,Sebastian Clemmensen,Left Forward,11,0,0,-1,,,,1,222784,30,222784.0,3720.0,62',2025-08-13 04:46:09
13086,725949,2556,away,1,4-3-3,1,0,10,336395,Hussein Carneil,Substitute,0,0,0,-1,,,,0,0,-1,,,,2025-08-13 04:46:09
13086,725949,2556,away,1,4-3-3,1,0,27,401205,Alfons Borén,Substitute,0,0,0,-1,,,,0,0,-1,,,,2025-08-13 04:46:09
13086,725949,2556,away,1,4-3-3,1,0,8,297985,Imam Jagne,Substitute,0,1,289882,23,289882.0,3720.0,62',0,0,-1,,,,2025-08-13 04:46:09
13086,725949,2556,away,1,4-3-3,1,0,6,179771,Anders Trondsen,Substitute,0,1,383948,22,383948.0,3720.0,62',0,0,-1,,,,2025-08-13 04:46:09
13086,725949,2556,away,1,4-3-3,1,0,33,367361,Vilmer Tyren,Substitute,0,0,0,-1,,,,0,0,-1,,,,2025-08-13 04:46:09
13086,725949,2556,away,1,4-3-3,1,0,4,366598,Rockson Yeboah,Substitute,0,1,343958,29,343958.0,5220.0,87',0,0,-1,,,,2025-08-13 04:46:09
13086,725949,2556,away,1,4-3-3,1,0,30,222784,Ramon Pascal Lundqvist,Substitute,0,1,390390,7,390390.0,3720.0,62',0,0,-1,,,,2025-08-13 04:46:09
13086,725949,2556,away,1,4-3-3,1,0,1,235504,Pontus Dahlberg,Substitute,0,0,0,-1,,,,0,0,-1,,,,2025-08-13 04:46:09
13086,725949,2556,away,1,4-3-3,1,0,16,343826,Linus Carlstrand,Substitute,0,0,0,-1,,,,0,0,-1,,,,2025-08-13 04:46:09
13086,725950,3017,home,0,3-4-2-1,1,1,12,195094,Tim Erlandsson,Goalkeeper,1,0,0,-1,,,,0,0,-1,,,,2025-08-10 04:44:46
13086,725950,3017,home,0,3-4-2-1,1,1,17,303666,André Boman,Right Midfielder,2,0,0,-1,,,,0,0,-1,,,,2025-08-10 04:44:46
13086,725950,3017,home,0,3-4-2-1,1,1,11,357140,Villiam Granath,Left Midfielder,3,0,0,-1,,,,0,0,-1,,,,2025-08-10 04:44:46
13086,725950,3017,home,0,3-4-2-1,1,1,2,381647,Bleon Kurtulus,Center Left Defender,4,0,0,-1,,,,0,0,-1,,,,2025-08-10 04:44:46
13086,725950,3017,home,0,3-4-2-1,1,1,5,178687,Pascal Gregor,Center Defender,5,0,0,-1,,,,1,289329,4,289329.0,5400.0,90',2025-08-10 04:44:46
13086,725950,3017,home,0,3-4-2-1,1,1,3,357142,Gabriel Wallentin,Center Right Defender,6,0,0,-1,,,,0,0,-1,,,,2025-08-10 04:44:46
13086,725950,3017,home,0,3-4-2-1,1,1,6,147211,Joel Allansson,Center Right Midfielder,7,0,0,-1,,,,0,0,-1,,,,2025-08-10 04:44:46
13086,725950,3017,home,0,3-4-2-1,1,1,8,289719,Niilo Mäenpää,Center Left Midfielder,8,0,0,-1,,,,1,317094,20,317094.0,4620.0,77',2025-08-10 04:44:46
13086,725950,3017,home,0,3-4-2-1,1,1,18,357130,Naeem Mohammed,Forward,9,0,0,-1,,,,0,0,-1,,,,2025-08-10 04:44:46
13086,725950,3017,home,0,3-4-2-1,1,1,29,399508,Erik Arvidsson,Center Right Forward,10,0,0,-1,,,,1,313722,27,313722.0,2700.0,45',2025-08-10 04:44:46
13086,725950,3017,home,0,3-4-2-1,1,1,13,237843,Gíisli Eyjólfsson,Center Left Forward,11,0,0,-1,,,,1,344475,99,344475.0,4620.0,77',2025-08-10 04:44:46
13086,725950,3017,home,0,3-4-2-1,1,0,19,401274,Marvin Illary,Substitute,0,0,0,-1,,,,0,0,-1,,,,2025-08-10 04:44:46
13086,725950,3017,home,0,3-4-2-1,1,0,4,289329,Filip Schyberg,Substitute,0,1,178687,5,178687.0,5400.0,90',0,0,-1,,,,2025-08-10 04:44:46
13086,725950,3017,home,0,3-4-2-1,1,0,28,334002,Malte Persson,Substitute,0,0,0,-1,,,,0,0,-1,,,,2025-08-10 04:44:46
13086,725950,3017,home,0,3-4-2-1,1,0,20,317094,Pawel Chrupalla,Substitute,0,1,289719,8,289719.0,4620.0,77',0,0,-1,,,,2025-08-10 04:44:46
13086,725950,3017,home,0,3-4-2-1,1,0,27,313722,Rocco Ascone,Substitute,0,1,399508,29,399508.0,2700.0,45',0,0,-1,,,,2025-08-10 04:44:46
13086,725950,3017,home,0,3-4-2-1,1,0,99,344475,Emmanuel Damoah Yeboah,Substitute,0,1,237843,13,237843.0,4620.0,77',0,0,-1,,,,2025-08-10 04:44:46
13086,725950,3017,home,0,3-4-2-1,1,0,1,264481,Tim Rönning,Substitute,0,0,0,-1,,,,0,0,-1,,,,2025-08-10 04:44:46
13086,725950,3017,home,0,3-4-2-1,1,0,14,159454,Blair Turgott,Substitute,0,0,0,-1,,,,0,0,-1,,,,2025-08-10 04:44:46
13086,725950,3017,home,0,3-4-2-1,1,0,21,121282,Marcus Olsson,Substitute,0,0,0,-1,,,,0,0,-1,,,,2025-08-10 04:44:46
13086,725950,8547,away,1,4-2-3-1,1,1,34,325348,David Celic,Goalkeeper,1,0,0,-1,,,,0,0,-1,,,,2025-08-10 04:44:46
13086,725950,8547,away,1,4-2-3-1,1,1,2,235919,Henrik Castegren,Right Back,2,0,0,-1,,,,0,0,-1,,,,2025-08-10 04:44:46
13086,725950,8547,away,1,4-2-3-1,1,1,22,243517,Oscar Krusnell,Left Back,3,0,0,-1,,,,0,0,-1,,,,2025-08-10 04:44:46
13086,725950,8547,away,1,4-2-3-1,1,1,17,15527,Marcus Lindberg,Left Midfielder,4,0,0,-1,,,,1,322993,9,322993.0,4320.0,72',2025-08-10 04:44:46
13086,725950,8547,away,1,4-2-3-1,1,1,15,186504,Simon Sandberg,Center Right Defender,5,0,0,-1,,,,1,299250,3,299250.0,3720.0,62',2025-08-10 04:44:46
13086,725950,8547,away,1,4-2-3-1,1,1,4,366597,Tobias Anker,Center Left Defender,6,0,0,-1,,,,0,0,-1,,,,2025-08-10 04:44:46
13086,725950,8547,away,1,4-2-3-1,1,1,29,344867,Isak Bjerkebo,Attacking Midfielder Right,7,0,0,-1,,,,1,309271,19,309271.0,3720.0,62',2025-08-10 04:44:46
13086,725950,8547,away,1,4-2-3-1,1,1,10,358564,Melker Heier,Right Midfielder,8,0,0,-1,,,,0,0,-1,,,,2025-08-10 04:44:46
13086,725950,8547,away,1,4-2-3-1,1,1,7,22706,Joakim Persson,Forward,9,0,0,-1,,,,0,0,-1,,,,2025-08-10 04:44:46
13086,725950,8547,away,1,4-2-3-1,1,1,24,401059,Victor Svensson,Attacking Midfielder,10,0,0,-1,,,,0,0,-1,,,,2025-08-10 04:44:46
13086,725950,8547,away,1,4-2-3-1,1,1,14,323176,Leo Walta,Attacking Midfielder Left,11,0,0,-1,,,,0,0,-1,,,,2025-08-10 04:44:46
13086,725950,8547,away,1,4-2-3-1,1,0,20,382138,Victor Ekström,Substitute,0,0,0,-1,,,,0,0,-1,,,,2025-08-10 04:44:46
13086,725950,8547,away,1,4-2-3-1,1,0,36,359495,August Ljungberg,Substitute,0,0,0,-1,,,,0,0,-1,,,,2025-08-10 04:44:46
13086,725950,8547,away,1,4-2-3-1,1,0,16,322919,Herman Sjögrell,Substitute,0,0,0,-1,,,,0,0,-1,,,,2025-08-10 04:44:46
13086,725950,8547,away,1,4-2-3-1,1,0,18,315677,Adam Wikman,Substitute,0,0,0,-1,,,,0,0,-1,,,,2025-08-10 04:44:46
13086,725950,8547,away,1,4-2-3-1,1,0,1,313973,Ismael Diawara,Substitute,0,0,0,-1,,,,0,0,-1,,,,2025-08-10 04:44:46
13086,725950,8547,away,1,4-2-3-1,1,0,19,309271,Noel Milleskog,Substitute,0,1,344867,29,344867.0,3720.0,62',0,0,-1,,,,2025-08-10 04:44:46
13086,725950,8547,away,1,4-2-3-1,1,0,3,299250,Bogdan Milovanov,Substitute,0,1,186504,15,186504.0,3720.0,62',0,0,-1,,,,2025-08-10 04:44:46
13086,725950,8547,away,1,4-2-3-1,1,0,21,235518,Dennis Widgren,Substitute,0,0,0,-1,,,,0,0,-1,,,,2025-08-10 04:44:46
13086,725950,8547,away,1,4-2-3-1,1,0,9,322993,Robbie Ure,Substitute,0,1,15527,17,15527.0,4320.0,72',0,0,-1,,,,2025-08-10 04:44:46
13086,725951,2720,home,0,3-4-2-1,1,1,30,178176,Robin Olsen,Goalkeeper,1,0,0,-1,,,,0,0,-1,,,,2025-08-10 04:44:46
13086,725951,2720,home,0,3-4-2-1,1,1,17,193186,Jens Stryger Larsen,Right Midfielder,2,0,0,-1,,,,1,364698,37,364698.0,3540.0,59',2025-08-10 04:44:46
13086,725951,2720,home,0,3-4-2-1,1,1,25,301219,Busanello,Left Midfielder,3,0,0,-1,,,,0,0,-1,,,,2025-08-10 04:44:46
13086,725951,2720,home,0,3-4-2-1,1,1,5,312108,Andrej Duric,Center Left Defender,4,0,0,-1,,,,1,194453,21,194453.0,4860.0,81',2025-08-10 04:44:46
13086,725951,2720,home,0,3-4-2-1,1,1,18,135579,Pontus Jansson,Center Defender,5,0,0,-1,,,,0,0,-1,,,,2025-08-10 04:44:46
13086,725951,2720,home,0,3-4-2-1,1,1,19,279135,Colin Rösler,Center Right Defender,6,0,0,-1,,,,0,0,-1,,,,2025-08-10 04:44:46
13086,725951,2720,home,0,3-4-2-1,1,1,7,315679,Otto Rosengren,Center Right Midfielder,7,0,0,-1,,,,1,9101,2,9101.0,3900.0,65',2025-08-11 04:41:30
13086,725951,2720,home,0,3-4-2-1,1,1,23,286434,Lasse Berg Johnsen,Center Left Midfielder,8,0,0,-1,,,,1,381395,40,381395.0,3900.0,65',2025-08-11 04:41:30
13086,725951,2720,home,0,3-4-2-1,1,1,22,314164,Taha Ali,Forward,9,0,0,-1,,,,0,0,-1,,,,2025-08-10 04:44:46
13086,725951,2720,home,0,3-4-2-1,1,1,8,255228,Arnór Sigurdsson,Center Right Forward,10,0,0,-1,,,,1,360023,32,360023.0,3540.0,59',2025-08-10 04:44:46
13086,725951,2720,home,0,3-4-2-1,1,1,29,218450,Sead Haksabanovic,Center Left Forward,11,0,0,-1,,,,0,0,-1,,,,2025-08-10 04:44:46
13086,725951,2720,home,0,3-4-2-1,1,0,35,380679,Nils Zätterström,Substitute,0,0,0,-1,,,,0,0,-1,,,,2025-08-10 04:44:46
13086,725951,2720,home,0,3-4-2-1,1,0,37,364698,Adrian Skogmar,Substitute,0,1,193186,17,193186.0,3540.0,59',0,0,-1,,,,2025-08-10 04:44:46
13086,725951,2720,home,0,3-4-2-1,1,0,40,381395,Kenan Busuladzic,Substitute,0,1,286434,23,286434.0,3900.0,65',0,0,-1,,,,2025-08-11 04:41:30
13086,725951,2720,home,0,3-4-2-1,1,0,32,360023,Daniel Gudjohnsen,Substitute,0,1,255228,8,255228.0,3540.0,59',0,0,-1,,,,2025-08-10 04:44:46
13086,725951,2720,home,0,3-4-2-1,1,0,33,307800,Melker Ellborg,Substitute,0,0,0,-1,,,,0,0,-1,,,,2025-08-10 04:44:46
13086,725951,2720,home,0,3-4-2-1,1,0,21,194453,Stefano Vecchia,Substitute,0,1,312108,5,312108.0,4860.0,81',0,0,-1,,,,2025-08-10 04:44:46
13086,725951,2720,home,0,3-4-2-1,1,0,16,138055,Oliver Berg,Substitute,0,0,0,-1,,,,0,0,-1,,,,2025-08-10 04:44:46
13086,725951,2720,home,0,3-4-2-1,1,0,2,9101,Johan Karlsson,Substitute,0,1,315679,7,315679.0,3900.0,65',0,0,-1,,,,2025-08-11 04:41:30
13086,725951,2720,home,0,3-4-2-1,1,0,11,308880,Emmanuel Ekong,Substitute,0,0,0,-1,,,,0,0,-1,,,,2025-08-10 04:44:46
13086,725951,20301,away,1,3-1-4-2,1,1,1,301377,Noel Törnqvist,Goalkeeper,1,0,0,-1,,,,0,0,-1,,,,2025-08-10 04:44:46
13086,725951,20301,away,1,3-1-4-2,1,1,14,312876,Herman Johansson,Right Midfielder,2,0,0,-1,,,,1,269109,11,269109.0,3780.0,63',2025-08-10 04:44:46
13086,725951,20301,away,1,3-1-4-2,1,1,17,357145,Elliot Stroud,Left Midfielder,3,0,0,-1,,,,0,0,-1,,,,2025-08-10 04:44:46
13086,725951,20301,away,1,3-1-4-2,1,1,4,306289,Axel Norén,Center Defender,4,0,0,-1,,,,0,0,-1,,,,2025-08-10 04:44:46
13086,725951,20301,away,1,3-1-4-2,1,1,5,356281,Abdullah Iqbal,Center Right Defender,5,0,0,-1,,,,0,0,-1,,,,2025-08-10 04:44:46
13086,725951,20301,away,1,3-1-4-2,1,1,24,172917,Tom Pettersson,Center Left Defender,6,0,0,-1,,,,1,382147,3,382147.0,4740.0,79',2025-08-10 04:44:46
13086,725951,20301,away,1,3-1-4-2,1,1,7,303651,Viktor Gustafson,Center Right Midfielder,7,0,0,-1,,,,0,0,-1,,,,2025-08-10 04:44:46
13086,725951,20301,away,1,3-1-4-2,1,1,22,192793,Jesper Gustavsson,Sweeper,8,0,0,-1,,,,0,0,-1,,,,2025-08-10 04:44:46
13086,725951,20301,away,1,3-1-4-2,1,1,18,293925,Jacob Bergstrom,Center Right Forward,9,0,0,-1,,,,1,301382,16,301382.0,4800.0,80',2025-08-10 04:44:46
13086,725951,20301,away,1,3-1-4-2,1,1,19,380320,Abdoulie Manneh,Center Left Forward,10,0,0,-1,,,,1,357118,26,357118.0,4440.0,74',2025-08-10 04:44:46
13086,725951,20301,away,1,3-1-4-2,1,1,6,356408,Ludwig Malachowski,Center Left Midfielder,11,0,0,-1,,,,1,305758,10,305758.0,4440.0,74',2025-08-10 04:44:46
13086,725951,20301,away,1,3-1-4-2,1,0,3,382147,Christian Tchouante,,0,1,172917,24,172917.0,4740.0,79',0,0,-1,,,,2025-08-10 04:44:46
13086,725951,20301,away,1,3-1-4-2,1,0,21,303653,Adam Petersson,,0,0,0,-1,,,,0,0,-1,,,,2025-08-10 04:44:46
13086,725951,20301,away,1,3-1-4-2,1,0,39,389637,Romeo Leandersson,,0,0,0,-1,,,,0,0,-1,,,,2025-08-10 04:44:46
13086,725951,20301,away,1,3-1-4-2,1,0,26,357118,Uba Charles,,0,1,380320,19,380320.0,4440.0,74',0,0,-1,,,,2025-08-10 04:44:46
13086,725951,20301,away,1,3-1-4-2,1,0,27,346501,Ludvig Tidstrand,,0,0,0,-1,,,,0,0,-1,,,,2025-08-10 04:44:46
13086,725951,20301,away,1,3-1-4-2,1,0,10,305758,Jeppe Kjaer Jensen,,0,1,356408,6,356408.0,4440.0,74',0,0,-1,,,,2025-08-10 04:44:46
13086,725951,20301,away,1,3-1-4-2,1,0,16,301382,Alexander Johansson,,0,1,293925,18,293925.0,4800.0,80',0,0,-1,,,,2025-08-10 04:44:46
13086,725951,20301,away,1,3-1-4-2,1,0,11,269109,Timo Stavitski,,0,1,312876,14,312876.0,3780.0,63',0,0,-1,,,,2025-08-10 04:44:46
13086,725951,20301,away,1,3-1-4-2,1,0,35,151931,Alexander Lundin,,0,0,0,-1,,,,0,0,-1,,,,2025-08-10 04:44:46
13086,725952,8544,home,0,4-4-2,1,1,40,19242,David Andersson,Goalkeeper,1,0,0,-1,,,,0,0,-1,,,,2025-08-11 04:41:30
13086,725952,8544,home,0,4-4-2,1,1,37,345975,Moutaz Neffati,Right Back,2,0,0,-1,,,,1,232279,7,232279.0,5040.0,84',2025-08-11 04:41:30
13086,725952,8544,home,0,4-4-2,1,1,3,359167,Marcus Baggesen,Left Back,3,0,0,-1,,,,0,0,-1,,,,2025-08-11 04:41:30
13086,725952,8544,home,0,4-4-2,1,1,25,364988,Kevin Höög Jansson,Center Right Midfielder,4,0,0,-1,,,,0,0,-1,,,,2025-08-11 04:41:30
13086,725952,8544,home,0,4-4-2,1,1,4,356374,Amadeus Sögaard,Center Right Defender,5,0,0,-1,,,,0,0,-1,,,,2025-08-11 04:41:30
13086,725952,8544,home,0,4-4-2,1,1,19,238431,Max Watson,Center Left Defender,6,0,0,-1,,,,0,0,-1,,,,2025-08-11 04:41:30
13086,725952,8544,home,0,4-4-2,1,1,28,389749,Åke Andersson,Right Midfielder,7,0,0,-1,,,,1,400219,18,400219.0,3900.0,65',2025-08-11 04:41:30
13086,725952,8544,home,0,4-4-2,1,1,9,230353,Arnór Traustason,Center Left Midfielder,8,0,0,-1,,,,0,0,-1,,,,2025-08-11 04:41:30
13086,725952,8544,home,0,4-4-2,1,1,5,158978,Christoffer Nyman,Center Left Forward,9,0,0,-1,,,,0,0,-1,,,,2025-08-11 04:41:30
13086,725952,8544,home,0,4-4-2,1,1,10,188022,David Moberg-Karlsson,Center Right Forward,10,0,0,-1,,,,1,286930,11,286930.0,3900.0,65',2025-08-11 04:41:30
13086,725952,8544,home,0,4-4-2,1,1,8,321404,Ísak Andri Sigurgeirsson,Left Midfielder,11,0,0,-1,,,,0,0,-1,,,,2025-08-11 04:41:30
13086,725952,8544,home,0,4-4-2,1,0,18,400219,Jónatan Gudni Arnarsson,Substitute,0,1,389749,28,389749.0,3900.0,65',0,0,-1,,,,2025-08-11 04:41:30
13086,725952,8544,home,0,4-4-2,1,0,30,380189,Theo Krantz,Substitute,0,0,0,-1,,,,0,0,-1,,,,2025-08-11 04:41:30
13086,725952,8544,home,0,4-4-2,1,0,20,400367,Axel Brönner,Substitute,0,0,0,-1,,,,0,0,-1,,,,2025-08-11 04:41:30
13086,725952,8544,home,0,4-4-2,1,0,7,232279,Alexander Fransson,Substitute,0,1,345975,37,345975.0,5040.0,84',0,0,-1,,,,2025-08-11 04:41:30
13086,725952,8544,home,0,4-4-2,1,0,11,286930,Ismet Lushaku,Substitute,0,1,188022,10,188022.0,3900.0,65',0,0,-1,,,,2025-08-11 04:41:30
13086,725952,8544,home,0,4-4-2,1,0,14,306290,Yahya Kalley,Substitute,0,0,0,-1,,,,0,0,-1,,,,2025-08-11 04:41:30
13086,725952,8544,home,0,4-4-2,1,0,36,402438,Manaf Rawufu,Substitute,0,0,0,-1,,,,0,0,-1,,,,2025-08-11 04:41:30
13086,725952,8544,home,0,4-4-2,1,0,24,334015,Anton Eriksson,Substitute,0,0,0,-1,,,,0,0,-1,,,,2025-08-11 04:41:30
13086,725952,8544,home,0,4-4-2,1,0,31,329668,Jesper Lindvall,Substitute,0,0,0,-1,,,,0,0,-1,,,,2025-08-11 04:41:30
13086,725952,2495,away,1,4-4-2,1,1,1,170727,Warner Hahn,Goalkeeper,1,0,0,-1,,,,0,0,-1,,,,2025-08-11 04:41:30
13086,725952,2495,away,1,4-4-2,1,1,17,313464,Ibrahim Fofana,Right Back,2,0,0,-1,,,,0,0,-1,,,,2025-09-09 05:10:44
13086,725952,2495,away,1,4-4-2,1,1,19,251758,Shaquille Pinas,Left Back,3,0,0,-1,,,,0,0,-1,,,,2025-08-11 04:41:30
13086,725952,2495,away,1,4-4-2,1,1,8,22967,Markus Karlsson,Center Right Midfielder,4,0,0,-1,,,,0,0,-1,,,,2025-08-11 04:41:30
13086,725952,2495,away,1,4-4-2,1,1,4,334038,Victor Eriksson,Center Right Defender,5,0,0,-1,,,,0,0,-1,,,,2025-08-11 04:41:30
13086,725952,2495,away,1,4-4-2,1,1,6,249160,Pavle Vagic,Center Left Defender,6,0,0,-1,,,,0,0,-1,,,,2025-08-11 04:41:30
13086,725952,2495,away,1,4-4-2,1,1,26,312880,Montader Madjed,Right Midfielder,7,0,0,-1,,,,1,399509,13,399509.0,5160.0,86',2025-08-11 04:41:30
13086,725952,2495,away,1,4-4-2,1,1,5,218436,Tesfaldet Tekie,Center Left Midfielder,8,0,0,-1,,,,1,380970,15,380970.0,5400.0,90'+3',2025-08-11 04:41:30
13086,725952,2495,away,1,4-4-2,1,1,20,143585,Nahir Besara,Center Left Forward,9,0,0,-1,,,,1,210020,22,210020.0,5160.0,86',2025-08-11 04:41:30
13086,725952,2495,away,1,4-4-2,1,1,7,303670,Paulos Abraham,Center Right Forward,10,0,0,-1,,,,1,315675,9,315675.0,5160.0,86',2025-08-11 04:41:30
13086,725952,2495,away,1,4-4-2,1,1,18,303702,Sebastian Tounekti,Left Midfielder,11,0,0,-1,,,,1,269195,21,269195.0,4800.0,80',2025-08-11 04:41:30
13086,725952,2495,away,1,4-4-2,1,0,2,382504,Hampus Skoglund,Substitute,0,0,0,-1,,,,0,0,-1,,,,2025-08-11 04:41:30
13086,725952,2495,away,1,4-4-2,1,0,15,380970,Adrian Lahdo,Substitute,0,1,218436,5,218436.0,5400.0,90'+3',0,0,-1,,,,2025-08-11 04:41:30
13086,725952,2495,away,1,4-4-2,1,0,28,344869,Frank Junior Adjei,Substitute,0,0,0,-1,,,,0,0,-1,,,,2025-08-11 04:41:30
13086,725952,2495,away,1,4-4-2,1,0,9,315675,Jusef Erabi,Substitute,0,1,303670,7,303670.0,5160.0,86',0,0,-1,,,,2025-08-11 04:41:30
13086,725952,2495,away,1,4-4-2,1,0,27,301372,Felix Jakobsson,Substitute,0,0,0,-1,,,,0,0,-1,,,,2025-08-11 04:41:30
13086,725952,2495,away,1,4-4-2,1,0,3,272714,Frederik Winther,Substitute,0,0,0,-1,,,,0,0,-1,,,,2025-08-11 04:41:30
13086,725952,2495,away,1,4-4-2,1,0,21,269195,Simon Strand,Substitute,0,1,303702,18,303702.0,4800.0,80',0,0,-1,,,,2025-08-11 04:41:30
13086,725952,2495,away,1,4-4-2,1,0,22,210020,Jacob Ortmark,Substitute,0,1,143585,20,143585.0,5160.0,86',0,0,-1,,,,2025-08-11 04:41:30
13086,725952,2495,away,1,4-4-2,1,0,13,399509,Jonathan Karlsson,Substitute,0,1,312880,26,312880.0,5160.0,86',0,0,-1,,,,2025-08-11 04:41:30
13086,725953,2936,home,0,4-3-3,1,1,13,400366,Robin Wallinder,Goalkeeper,1,0,0,-1,,,,0,0,-1,,,,2025-08-11 04:41:30
13086,725953,2936,home,0,4-3-3,1,1,33,354345,Tatu Varmanen,Right Back,2,0,0,-1,,,,0,0,-1,,,,2025-08-11 04:41:30
13086,725953,2936,home,0,4-3-3,1,1,21,400371,Lars Bergquist,Left Back,3,0,0,-1,,,,1,173508,14,173508.0,4920.0,82',2025-08-11 04:41:30
13086,725953,2936,home,0,4-3-3,1,1,7,275993,Anssi Suhonen,Center Midfielder,4,0,0,-1,,,,0,0,-1,,,,2025-08-11 04:41:30
13086,725953,2936,home,0,4-3-3,1,1,5,354352,Mattis Adolfsson,Center Right Defender,5,0,0,-1,,,,0,0,-1,,,,2025-08-11 04:41:30
13086,725953,2936,home,0,4-3-3,1,1,15,316395,Ivan Kricak,Center Left Defender,6,0,0,-1,,,,0,0,-1,,,,2025-08-11 04:41:30
13086,725953,2936,home,0,4-3-3,1,1,8,385181,Daniel Ask,Right Midfielder,7,0,0,-1,,,,1,238868,26,238868.0,3480.0,58',2025-08-11 04:41:30
13086,725953,2936,home,0,4-3-3,1,1,23,222639,Vladimir Rodic,Left Midfielder,8,0,0,-1,,,,1,289844,19,289844.0,3660.0,61',2025-08-11 04:41:30
13086,725953,2936,home,0,4-3-3,1,1,18,311161,Daniel Ljung,Forward,9,0,0,-1,,,,1,307747,6,307747.0,4200.0,70',2025-08-11 04:41:30
13086,725953,2936,home,0,4-3-3,1,1,24,312874,Patriot Sejdiu,Right Forward,10,0,0,-1,,,,1,334005,10,334005.0,3660.0,61',2025-08-11 04:41:30
13086,725953,2936,home,0,4-3-3,1,1,20,217300,Alibek Aliev,Left Forward,11,0,0,-1,,,,1,332413,34,332413.0,4200.0,70',2025-08-11 04:41:30
13086,725953,2936,home,0,4-3-3,1,0,32,400368,Carl Lundahl Persson,Substitute,0,0,0,-1,,,,0,0,-1,,,,2025-08-11 04:41:30
13086,725953,2936,home,0,4-3-3,1,0,3,380190,Kingsley Gyamfi,Substitute,0,0,0,-1,,,,0,0,-1,,,,2025-08-11 04:41:30
13086,725953,2936,home,0,4-3-3,1,0,10,334005,Oscar Uddenas,Substitute,0,1,312874,24,312874.0,3660.0,61',0,0,-1,,,,2025-08-11 04:41:30
13086,725953,2936,home,0,4-3-3,1,0,34,332413,Joel Voelkerling Persson,Substitute,0,1,217300,20,217300.0,4200.0,70',0,0,-1,,,,2025-08-11 04:41:30
13086,725953,2936,home,0,4-3-3,1,0,6,307747,Noah Soderberg,Substitute,0,1,311161,18,311161.0,4200.0,70',0,0,-1,,,,2025-08-11 04:41:30
13086,725953,2936,home,0,4-3-3,1,0,19,289844,Matias Tamminen,Substitute,0,1,222639,23,222639.0,3660.0,61',0,0,-1,,,,2025-08-11 04:41:30
13086,725953,2936,home,0,4-3-3,1,0,26,238868,Magnus Christensen,Substitute,0,1,385181,8,385181.0,3480.0,58',0,0,-1,,,,2025-08-11 04:41:30
13086,725953,2936,home,0,4-3-3,1,0,4,238435,Sebastian Starke Hedlund,Substitute,0,0,0,-1,,,,0,0,-1,,,,2025-08-11 04:41:30
13086,725953,2936,home,0,4-3-3,1,0,14,173508,Dennis Olsson,Substitute,0,1,400371,21,400371.0,4920.0,82',0,0,-1,,,,2025-08-11 04:41:30
13086,725953,8221,away,0,4-4-2,1,1,40,390019,Leo Cavallius,Goalkeeper,1,0,0,-1,,,,0,0,-1,,,,2025-08-11 04:41:30
13086,725953,8221,away,0,4-4-2,1,1,21,302691,Alex Timossi Andersson,Right Back,2,0,0,-1,,,,0,0,-1,,,,2025-08-11 04:41:30
13086,725953,8221,away,0,4-4-2,1,1,32,399427,Oskar Cotton,Left Back,3,0,0,-1,,,,0,0,-1,,,,2025-08-11 04:41:30
13086,725953,8221,away,0,4-4-2,1,1,24,257624,Kevin Ackermann,Center Right Midfielder,4,0,0,-1,,,,0,0,-1,,,,2025-08-11 04:41:30
13086,725953,8221,away,0,4-4-2,1,1,3,162464,Even Hovland,Center Right Defender,5,0,0,-1,,,,0,0,-1,,,,2025-08-11 04:41:30
13086,725953,8221,away,0,4-4-2,1,1,4,208616,Eric Bjorkander,Center Left Defender,6,0,0,-1,,,,0,0,-1,,,,2025-08-11 04:41:30
13086,725953,8221,away,0,4-4-2,1,1,17,357143,Anton Kurochkin,Right Midfielder,7,0,0,-1,,,,1,399426,23,399426.0,2700.0,45',2025-08-11 04:41:30
13086,725953,8221,away,0,4-4-2,1,1,27,347458,Kaare Barslund,Center Left Midfielder,8,0,0,-1,,,,1,232670,20,232670.0,4500.0,75',2025-08-11 04:41:30
13086,725953,8221,away,0,4-4-2,1,1,10,356378,Wilmer Odefalk,Center Left Forward,9,0,0,-1,,,,1,336115,11,336115.0,5160.0,86',2025-08-11 04:41:30
13086,725953,8221,away,0,4-4-2,1,1,16,274984,Adam Jakobsen,Center Right Forward,10,0,0,-1,,,,0,0,-1,,,,2025-08-11 04:41:30
13086,725953,8221,away,0,4-4-2,1,1,7,320883,Victor Lind,Left Midfielder,11,0,0,-1,,,,0,0,-1,,,,2025-08-11 04:41:30
13086,725953,8221,away,0,4-4-2,1,0,2,306206,Hlynur Freyr Karlsson,Substitute,0,0,0,-1,,,,0,0,-1,,,,2025-08-11 04:41:30
13086,725953,8221,away,0,4-4-2,1,0,23,399426,Ezekiel Alladoh,Substitute,0,1,357143,17,357143.0,2700.0,45',0,0,-1,,,,2025-08-11 04:41:30
13086,725953,8221,away,0,4-4-2,1,0,34,402477,David Isso,Substitute,0,0,0,-1,,,,0,0,-1,,,,2025-08-11 04:41:30
13086,725953,8221,away,0,4-4-2,1,0,12,380680,Charlie Nildén,Substitute,0,0,0,-1,,,,0,0,-1,,,,2025-08-11 04:41:30
13086,725953,8221,away,0,4-4-2,1,0,20,232670,Issiaga Camara,Substitute,0,1,347458,27,347458.0,4500.0,75',0,0,-1,,,,2025-08-11 04:41:30
13086,725953,8221,away,0,4-4-2,1,0,28,195090,Isak Ssewankambo,Substitute,0,0,0,-1,,,,0,0,-1,,,,2025-08-11 04:41:30
13086,725953,8221,away,0,4-4-2,1,0,25,146116,Davor Blazevic,Substitute,0,0,0,-1,,,,0,0,-1,,,,2025-08-11 04:41:30
13086,725953,8221,away,0,4-4-2,1,0,39,134643,Nabil Bahoui,Substitute,0,0,0,-1,,,,0,0,-1,,,,2025-08-11 04:41:30
13086,725953,8221,away,0,4-4-2,1,0,11,336115,Rasmus Örqvist,Substitute,0,1,356378,10,356378.0,5160.0,86',0,0,-1,,,,2025-08-11 04:41:30
13086,725954,8221,home,0,4-2-3-1,1,1,40,390019,Leo Cavallius,Goalkeeper,1,0,0,-1,,,,0,0,-1,,,,2025-08-18 04:53:06
13086,725954,8221,home,0,4-2-3-1,1,1,21,302691,Alex Timossi Andersson,Right Back,2,0,0,-1,,,,0,0,-1,,,,2025-08-18 04:53:06
13086,725954,8221,home,0,4-2-3-1,1,1,6,313932,Oliver Zandén,Left Back,3,0,0,-1,,,,0,0,-1,,,,2025-08-18 04:53:06
13086,725954,8221,home,0,4-2-3-1,1,1,27,347458,Kaare Barslund,Left Midfielder,4,0,0,-1,,,,1,134643,39,134643.0,4740.0,79',2025-08-18 04:53:06
13086,725954,8221,home,0,4-2-3-1,1,1,3,162464,Even Hovland,Center Right Defender,5,0,0,-1,,,,0,0,-1,,,,2025-08-18 04:53:06
13086,725954,8221,home,0,4-2-3-1,1,1,4,208616,Eric Bjorkander,Center Left Defender,6,0,0,-1,,,,0,0,-1,,,,2025-08-18 04:53:06
13086,725954,8221,home,0,4-2-3-1,1,1,11,336115,Rasmus Örqvist,Attacking Midfielder Right,7,0,0,-1,,,,1,356378,10,356378.0,4200.0,70',2025-08-18 04:53:06
13086,725954,8221,home,0,4-2-3-1,1,1,20,232670,Issiaga Camara,Right Midfielder,8,0,0,-1,,,,1,380680,12,380680.0,5040.0,84',2025-08-18 04:53:06
13086,725954,8221,home,0,4-2-3-1,1,1,16,274984,Adam Jakobsen,Forward,9,0,0,-1,,,,0,0,-1,,,,2025-08-18 04:53:06
13086,725954,8221,home,0,4-2-3-1,1,1,31,399423,Love Arrhov,Attacking Midfielder,10,0,0,-1,,,,0,0,-1,,,,2025-08-18 04:53:06
13086,725954,8221,home,0,4-2-3-1,1,1,7,320883,Victor Lind,Attacking Midfielder Left,11,0,0,-1,,,,1,399426,23,399426.0,2700.0,45',2025-08-18 04:53:06
13086,725954,8221,home,0,4-2-3-1,1,0,32,399427,Oskar Cotton,Substitute,0,0,0,-1,,,,0,0,-1,,,,2025-08-18 04:53:06
13086,725954,8221,home,0,4-2-3-1,1,0,23,399426,Ezekiel Alladoh,Substitute,0,1,320883,7,320883.0,2700.0,45',0,0,-1,,,,2025-08-18 04:53:06
13086,725954,8221,home,0,4-2-3-1,1,0,8,407097,Adam Stroud,Substitute,0,0,0,-1,,,,0,0,-1,,,,2025-08-18 04:53:06
13086,725954,8221,home,0,4-2-3-1,1,0,10,356378,Wilmer Odefalk,Substitute,0,1,336115,11,336115.0,4200.0,70',0,0,-1,,,,2025-08-18 04:53:06
13086,725954,8221,home,0,4-2-3-1,1,0,12,380680,Charlie Nildén,Substitute,0,1,232670,20,232670.0,5040.0,84',0,0,-1,,,,2025-08-18 04:53:06
13086,725954,8221,home,0,4-2-3-1,1,0,17,357143,Anton Kurochkin,Substitute,0,0,0,-1,,,,0,0,-1,,,,2025-08-18 04:53:06
13086,725954,8221,home,0,4-2-3-1,1,0,2,306206,Hlynur Freyr Karlsson,Substitute,0,0,0,-1,,,,0,0,-1,,,,2025-08-18 04:53:06
13086,725954,8221,home,0,4-2-3-1,1,0,25,146116,Davor Blazevic,Substitute,0,0,0,-1,,,,0,0,-1,,,,2025-08-18 04:53:06
13086,725954,8221,home,0,4-2-3-1,1,0,39,134643,Nabil Bahoui,Substitute,0,1,347458,27,347458.0,4740.0,79',0,0,-1,,,,2025-08-18 04:53:06
13086,725954,8547,away,1,4-2-3-1,1,1,34,325348,David Celic,Goalkeeper,1,0,0,-1,,,,0,0,-1,,,,2025-08-18 04:53:06
13086,725954,8547,away,1,4-2-3-1,1,1,2,235919,Henrik Castegren,Right Back,2,0,0,-1,,,,0,0,-1,,,,2025-08-18 04:53:06
13086,725954,8547,away,1,4-2-3-1,1,1,22,243517,Oscar Krusnell,Left Back,3,0,0,-1,,,,0,0,-1,,,,2025-08-18 04:53:06
13086,725954,8547,away,1,4-2-3-1,1,1,10,358564,Melker Heier,Left Midfielder,4,0,0,-1,,,,0,0,-1,,,,2025-08-18 04:53:06
13086,725954,8547,away,1,4-2-3-1,1,1,15,186504,Simon Sandberg,Center Right Defender,5,0,0,-1,,,,0,0,-1,,,,2025-08-18 04:53:06
13086,725954,8547,away,1,4-2-3-1,1,1,4,366597,Tobias Anker,Center Left Defender,6,0,0,-1,,,,0,0,-1,,,,2025-08-18 04:53:06
13086,725954,8547,away,1,4-2-3-1,1,1,7,22706,Joakim Persson,Attacking Midfielder Right,7,0,0,-1,,,,0,0,-1,,,,2025-08-18 04:53:06
13086,725954,8547,away,1,4-2-3-1,1,1,24,401059,Victor Svensson,Right Midfielder,8,0,0,-1,,,,1,315677,18,315677.0,2700.0,45',2025-08-18 04:53:06
13086,725954,8547,away,1,4-2-3-1,1,1,9,322993,Robbie Ure,Forward,9,0,0,-1,,,,0,0,-1,,,,2025-08-18 04:53:06
13086,725954,8547,away,1,4-2-3-1,1,1,14,323176,Leo Walta,Attacking Midfielder,10,0,0,-1,,,,1,299250,3,299250.0,5400.0,90'+3',2025-08-18 04:53:06
13086,725954,8547,away,1,4-2-3-1,1,1,29,344867,Isak Bjerkebo,Attacking Midfielder Left,11,0,0,-1,,,,1,309271,19,309271.0,4140.0,69',2025-08-18 04:53:06
13086,725954,8547,away,1,4-2-3-1,1,0,18,315677,Adam Wikman,Substitute,0,1,401059,24,401059.0,2700.0,45',0,0,-1,,,,2025-08-18 04:53:06
13086,725954,8547,away,1,4-2-3-1,1,0,16,322919,Herman Sjögrell,Substitute,0,0,0,-1,,,,0,0,-1,,,,2025-08-18 04:53:06
13086,725954,8547,away,1,4-2-3-1,1,0,27,409472,Neo Jönsson,Substitute,0,0,0,-1,,,,0,0,-1,,,,2025-08-18 04:53:06
13086,725954,8547,away,1,4-2-3-1,1,0,21,235518,Dennis Widgren,Substitute,0,0,0,-1,,,,0,0,-1,,,,2025-08-18 04:53:06
13086,725954,8547,away,1,4-2-3-1,1,0,20,382138,Victor Ekström,Substitute,0,0,0,-1,,,,0,0,-1,,,,2025-08-18 04:53:06
13086,725954,8547,away,1,4-2-3-1,1,0,36,359495,August Ljungberg,Substitute,0,0,0,-1,,,,0,0,-1,,,,2025-08-18 04:53:06
13086,725954,8547,away,1,4-2-3-1,1,0,19,309271,Noel Milleskog,Substitute,0,1,344867,29,344867.0,4140.0,69',0,0,-1,,,,2025-08-18 04:53:06
13086,725954,8547,away,1,4-2-3-1,1,0,1,313973,Ismael Diawara,Substitute,0,0,0,-1,,,,0,0,-1,,,,2025-08-18 04:53:06
13086,725954,8547,away,1,4-2-3-1,1,0,3,299250,Bogdan Milovanov,Substitute,0,1,323176,14,323176.0,5400.0,90'+3',0,0,-1,,,,2025-08-18 04:53:06
13086,725955,3017,home,0,3-4-2-1,1,1,12,195094,Tim Erlandsson,Goalkeeper,1,0,0,-1,,,,0,0,-1,,,,2025-08-17 04:56:32
13086,725955,3017,home,0,3-4-2-1,1,1,17,303666,André Boman,Right Midfielder,2,0,0,-1,,,,0,0,-1,,,,2025-08-17 04:56:32
13086,725955,3017,home,0,3-4-2-1,1,1,24,240486,Rami Kaib,Left Midfielder,3,0,0,-1,,,,0,0,-1,,,,2025-08-17 04:56:32
13086,725955,3017,home,0,3-4-2-1,1,1,21,121282,Marcus Olsson,Center Left Defender,4,0,0,-1,,,,0,0,-1,,,,2025-08-17 04:56:32
13086,725955,3017,home,0,3-4-2-1,1,1,5,178687,Pascal Gregor,Center Defender,5,0,0,-1,,,,0,0,-1,,,,2025-08-17 04:56:32
13086,725955,3017,home,0,3-4-2-1,1,1,2,381647,Bleon Kurtulus,Center Right Defender,6,0,0,-1,,,,0,0,-1,,,,2025-08-17 04:56:32
13086,725955,3017,home,0,3-4-2-1,1,1,6,147211,Joel Allansson,Center Right Midfielder,7,0,0,-1,,,,0,0,-1,,,,2025-08-17 04:56:32
13086,725955,3017,home,0,3-4-2-1,1,1,27,313722,Rocco Ascone,Center Left Midfielder,8,0,0,-1,,,,1,289719,8,289719.0,3360.0,56',2025-08-17 04:56:32
13086,725955,3017,home,0,3-4-2-1,1,1,9,329971,Yannick Agnero,Forward,9,0,0,-1,,,,1,344475,99,344475.0,3360.0,56',2025-08-17 04:56:32
13086,725955,3017,home,0,3-4-2-1,1,1,11,357140,Villiam Granath,Center Right Forward,10,0,0,-1,,,,1,399508,29,399508.0,5160.0,86',2025-08-17 04:56:32
13086,725955,3017,home,0,3-4-2-1,1,1,18,357130,Naeem Mohammed,Center Left Forward,11,0,0,-1,,,,1,401274,19,401274.0,4560.0,76',2025-08-17 04:56:32
13086,725955,3017,home,0,3-4-2-1,1,0,28,334002,Malte Persson,Substitute,0,0,0,-1,,,,0,0,-1,,,,2025-08-17 04:56:32
13086,725955,3017,home,0,3-4-2-1,1,0,13,237843,Gíisli Eyjólfsson,Substitute,0,0,0,-1,,,,0,0,-1,,,,2025-08-17 04:56:32
13086,725955,3017,home,0,3-4-2-1,1,0,1,264481,Tim Rönning,Substitute,0,0,0,-1,,,,0,0,-1,,,,2025-08-17 04:56:32
13086,725955,3017,home,0,3-4-2-1,1,0,8,289719,Niilo Mäenpää,Substitute,0,1,313722,27,313722.0,3360.0,56',0,0,-1,,,,2025-08-17 04:56:32
13086,725955,3017,home,0,3-4-2-1,1,0,20,317094,Pawel Chrupalla,Substitute,0,0,0,-1,,,,0,0,-1,,,,2025-08-17 04:56:32
13086,725955,3017,home,0,3-4-2-1,1,0,99,344475,Emmanuel Damoah Yeboah,Substitute,0,1,329971,9,329971.0,3360.0,56',0,0,-1,,,,2025-08-17 04:56:32
13086,725955,3017,home,0,3-4-2-1,1,0,29,399508,Erik Arvidsson,Substitute,0,1,357140,11,357140.0,5160.0,86',0,0,-1,,,,2025-08-17 04:56:32
13086,725955,3017,home,0,3-4-2-1,1,0,19,401274,Marvin Illary,Substitute,0,1,357130,18,357130.0,4560.0,76',0,0,-1,,,,2025-08-17 04:56:32
13086,725955,2720,away,1,4-2-3-1,1,1,30,178176,Robin Olsen,Goalkeeper,1,0,0,-1,,,,0,0,-1,,,,2025-08-17 04:56:32
13086,725955,2720,away,1,4-2-3-1,1,1,17,193186,Jens Stryger Larsen,Right Back,2,0,0,-1,,,,1,75987,13,75987.0,4320.0,72',2025-08-17 04:56:32
13086,725955,2720,away,1,4-2-3-1,1,1,2,9101,Johan Karlsson,Left Back,3,0,0,-1,,,,0,0,-1,,,,2025-08-17 04:56:32
13086,725955,2720,away,1,4-2-3-1,1,1,7,315679,Otto Rosengren,Left Midfielder,4,0,0,-1,,,,1,381395,40,381395.0,4860.0,81',2025-08-17 04:56:32
13086,725955,2720,away,1,4-2-3-1,1,1,19,279135,Colin Rösler,Center Right Defender,5,0,0,-1,,,,0,0,-1,,,,2025-08-17 04:56:32
13086,725955,2720,away,1,4-2-3-1,1,1,5,312108,Andrej Duric,Center Left Defender,6,0,0,-1,,,,0,0,-1,,,,2025-08-17 04:56:32
13086,725955,2720,away,1,4-2-3-1,1,1,38,330239,Hugo Bolin,Attacking Midfielder Right,7,0,0,-1,,,,1,149538,10,149538.0,4320.0,72',2025-08-17 04:56:32
13086,725955,2720,away,1,4-2-3-1,1,1,37,364698,Adrian Skogmar,Right Midfielder,8,0,0,-1,,,,0,0,-1,,,,2025-08-17 04:56:32
13086,725955,2720,away,1,4-2-3-1,1,1,32,360023,Daniel Gudjohnsen,Forward,9,0,0,-1,,,,1,308880,11,308880.0,4320.0,72',2025-08-17 04:56:32
13086,725955,2720,away,1,4-2-3-1,1,1,29,218450,Sead Haksabanovic,Attacking Midfielder,10,0,0,-1,,,,1,346284,15,346284.0,4020.0,67',2025-08-17 04:56:32
13086,725955,2720,away,1,4-2-3-1,1,1,22,314164,Taha Ali,Attacking Midfielder Left,11,0,0,-1,,,,0,0,-1,,,,2025-08-17 04:56:32
13086,725955,2720,away,1,4-2-3-1,1,0,40,381395,Kenan Busuladzic,Substitute,0,1,315679,7,315679.0,4860.0,81',0,0,-1,,,,2025-08-17 04:56:32
13086,725955,2720,away,1,4-2-3-1,1,0,8,255228,Arnór Sigurdsson,Substitute,0,0,0,-1,,,,0,0,-1,,,,2025-08-17 04:56:32
13086,725955,2720,away,1,4-2-3-1,1,0,33,307800,Melker Ellborg,Substitute,0,0,0,-1,,,,0,0,-1,,,,2025-08-17 04:56:32
13086,725955,2720,away,1,4-2-3-1,1,0,11,308880,Emmanuel Ekong,Substitute,0,1,360023,32,360023.0,4320.0,72',0,0,-1,,,,2025-08-17 04:56:32
13086,725955,2720,away,1,4-2-3-1,1,0,15,346284,Salifou Soumah,Substitute,0,1,218450,29,218450.0,4020.0,67',0,0,-1,,,,2025-08-17 04:56:32
13086,725955,2720,away,1,4-2-3-1,1,0,13,75987,Martin Olsson,Substitute,0,1,193186,17,193186.0,4320.0,72',0,0,-1,,,,2025-08-17 04:56:32
13086,725955,2720,away,1,4-2-3-1,1,0,35,380679,Nils Zätterström,Substitute,0,0,0,-1,,,,0,0,-1,,,,2025-08-17 04:56:32
13086,725955,2720,away,1,4-2-3-1,1,0,16,138055,Oliver Berg,Substitute,0,0,0,-1,,,,0,0,-1,,,,2025-08-17 04:56:32
13086,725955,2720,away,1,4-2-3-1,1,0,10,149538,Anders Christiansen,Substitute,0,1,330239,38,330239.0,4320.0,72',0,0,-1,,,,2025-08-17 04:56:32
13086,725956,2495,home,0,4-4-2,1,1,1,170727,Warner Hahn,Goalkeeper,1,0,0,-1,,,,0,0,-1,,,,2025-08-18 04:53:06
13086,725956,2495,home,0,4-4-2,1,1,2,382504,Hampus Skoglund,Right Back,2,0,0,-1,,,,0,0,-1,,,,2025-08-18 04:53:06
13086,725956,2495,home,0,4-4-2,1,1,19,251758,Shaquille Pinas,Left Back,3,0,0,-1,,,,1,272714,3,272714.0,5160.0,86',2025-08-18 04:53:06
13086,725956,2495,home,0,4-4-2,1,1,11,205374,Oscar Johansson Schellhas,Center Right Midfielder,4,0,0,-1,,,,1,315675,9,315675.0,4320.0,72',2025-08-18 04:53:06
13086,725956,2495,home,0,4-4-2,1,1,4,334038,Victor Eriksson,Center Right Defender,5,0,0,-1,,,,0,0,-1,,,,2025-08-18 04:53:06
13086,725956,2495,home,0,4-4-2,1,1,6,249160,Pavle Vagic,Center Left Defender,6,0,0,-1,,,,0,0,-1,,,,2025-08-18 04:53:06
13086,725956,2495,home,0,4-4-2,1,1,28,344869,Frank Junior Adjei,Right Midfielder,7,0,0,-1,,,,1,218436,5,218436.0,4320.0,72',2025-08-18 04:53:06
13086,725956,2495,home,0,4-4-2,1,1,8,22967,Markus Karlsson,Center Left Midfielder,8,0,0,-1,,,,0,0,-1,,,,2025-08-18 04:53:06
13086,725956,2495,home,0,4-4-2,1,1,20,143585,Nahir Besara,Center Left Forward,9,0,0,-1,,,,0,0,-1,,,,2025-08-18 04:53:06
13086,725956,2495,home,0,4-4-2,1,1,7,303670,Paulos Abraham,Center Right Forward,10,0,0,-1,,,,1,380970,15,380970.0,5160.0,86',2025-08-18 04:53:06
13086,725956,2495,home,0,4-4-2,1,1,18,303702,Sebastian Tounekti,Left Midfielder,11,0,0,-1,,,,1,312880,26,312880.0,3660.0,61',2025-08-18 04:53:06
13086,725956,2495,home,0,4-4-2,1,0,21,269195,Simon Strand,Substitute,0,0,0,-1,,,,0,0,-1,,,,2025-08-18 04:53:06
13086,725956,2495,home,0,4-4-2,1,0,5,218436,Tesfaldet Tekie,Substitute,0,1,344869,28,344869.0,4320.0,72',0,0,-1,,,,2025-08-18 04:53:06
13086,725956,2495,home,0,4-4-2,1,0,15,380970,Adrian Lahdo,Substitute,0,1,303670,7,303670.0,5160.0,86',0,0,-1,,,,2025-08-18 04:53:06
13086,725956,2495,home,0,4-4-2,1,0,29,359099,Elohim Kaboré,Substitute,0,0,0,-1,,,,0,0,-1,,,,2025-08-18 04:53:06
13086,725956,2495,home,0,4-4-2,1,0,9,315675,Jusef Erabi,Substitute,0,1,205374,11,205374.0,4320.0,72',0,0,-1,,,,2025-08-18 04:53:06
13086,725956,2495,home,0,4-4-2,1,0,17,313464,Ibrahim Fofana,Substitute,0,0,0,-1,,,,0,0,-1,,,,2025-09-16 05:13:33
13086,725956,2495,home,0,4-4-2,1,0,26,312880,Montader Madjed,Substitute,0,1,303702,18,303702.0,3660.0,61',0,0,-1,,,,2025-08-18 04:53:06
13086,725956,2495,home,0,4-4-2,1,0,27,301372,Felix Jakobsson,Substitute,0,0,0,-1,,,,0,0,-1,,,,2025-08-18 04:53:06
13086,725956,2495,home,0,4-4-2,1,0,3,272714,Frederik Winther,Substitute,0,1,251758,19,251758.0,5160.0,86',0,0,-1,,,,2025-08-18 04:53:06
13086,725956,8222,away,1,4-3-1-2,1,1,1,312877,Mergim Krasniqi,Goalkeeper,1,0,0,-1,,,,0,0,-1,,,,2025-08-18 04:53:06
13086,725956,8222,away,1,4-3-1-2,1,1,6,378806,August Wängberg,Right Back,2,0,0,-1,,,,0,0,-1,,,,2025-08-18 04:53:06
13086,725956,8222,away,1,4-3-1-2,1,1,5,379958,Robin Wendin Thomasson,Left Back,3,0,0,-1,,,,1,379955,14,379955.0,4860.0,81',2025-08-18 04:53:06
13086,725956,8222,away,1,4-3-1-2,1,1,7,378811,Joackim Åberg,Center Midfielder,4,0,0,-1,,,,1,334033,11,334033.0,3900.0,65',2025-08-18 04:53:06
13086,725956,8222,away,1,4-3-1-2,1,1,12,356377,Robin Frej,Center Right Defender,5,0,0,-1,,,,0,0,-1,,,,2025-08-18 04:53:06
13086,725956,8222,away,1,4-3-1-2,1,1,24,378826,Filip Beckman,Center Left Defender,6,0,0,-1,,,,0,0,-1,,,,2025-08-18 04:53:06
13086,725956,8222,away,1,4-3-1-2,1,1,32,359795,Harun Ibrahim,Right Midfielder,7,0,0,-1,,,,1,149765,25,149765.0,5400.0,90'+2',2025-08-18 04:53:06
13086,725956,8222,away,1,4-3-1-2,1,1,19,308726,Ibrahim Diabate,Attacking Midfielder,8,0,0,-1,,,,1,235766,28,235766.0,4860.0,81',2025-09-14 05:25:12
13086,725956,8222,away,1,4-3-1-2,1,1,9,378816,Gustav Lundgren,Center Right Forward,9,0,0,-1,,,,0,0,-1,,,,2025-08-18 04:53:06
13086,725956,8222,away,1,4-3-1-2,1,1,16,400221,Rasmus Niklasson Petrovic,Midfielder,10,0,0,-1,,,,1,400217,2,400217.0,5400.0,90'+2',2025-08-18 04:53:06
13086,725956,8222,away,1,4-3-1-2,1,1,10,347031,Amin Boudri,Left Midfielder,11,0,0,-1,,,,0,0,-1,,,,2025-08-18 04:53:06
13086,725956,8222,away,1,4-3-1-2,1,0,17,364732,Frosti Thorkelsson,,0,0,0,-1,,,,0,0,-1,,,,2025-08-18 04:53:06
13086,725956,8222,away,1,4-3-1-2,1,0,13,360878,Kees Sims,,0,0,0,-1,,,,0,0,-1,,,,2025-08-18 04:53:06
13086,725956,8222,away,1,4-3-1-2,1,0,2,400217,Matteo de Brienne,,0,1,400221,16,400221.0,5400.0,90'+2',0,0,-1,,,,2025-08-18 04:53:06
13086,725956,8222,away,1,4-3-1-2,1,0,25,149765,Jonas Lindberg,,0,1,359795,32,359795.0,5400.0,90'+2',0,0,-1,,,,2025-08-18 04:53:06
13086,725956,8222,away,1,4-3-1-2,1,0,14,379955,Filip Gustafsson,,0,1,379958,5,379958.0,4860.0,81',0,0,-1,,,,2025-08-18 04:53:06
13086,725956,8222,away,1,4-3-1-2,1,0,28,235766,Lucas Hedlund,,0,1,308726,19,308726.0,4860.0,81',0,0,-1,,,,2025-08-18 04:53:06
13086,725956,8222,away,1,4-3-1-2,1,0,31,378823,Simon Sjöholm,,0,0,0,-1,,,,0,0,-1,,,,2025-08-18 04:53:06
13086,725956,8222,away,1,4-3-1-2,1,0,4,333728,Oskar Ågren,,0,0,0,-1,,,,0,0,-1,,,,2025-08-18 04:53:06
13086,725956,8222,away,1,4-3-1-2,1,0,11,334033,Edvin Becirovic,,0,1,378811,7,378811.0,3900.0,65',0,0,-1,,,,2025-08-18 04:53:06
13086,725957,7834,home,0,4-2-3-1,1,1,1,177546,Andreas Linde,Goalkeeper,1,0,0,-1,,,,0,0,-1,,,,2025-08-18 04:53:06
13086,725957,7834,home,0,4-2-3-1,1,1,11,378812,Julius Lindberg,Right Back,2,0,0,-1,,,,0,0,-1,,,,2025-08-18 04:53:06
13086,725957,7834,home,0,4-2-3-1,1,1,21,194293,Adam Lundkvist,Left Back,3,0,0,-1,,,,0,0,-1,,,,2025-08-18 04:53:06
13086,725957,7834,home,0,4-2-3-1,1,1,8,355408,Silas Andersen,Left Midfielder,4,0,0,-1,,,,0,0,-1,,,,2025-08-18 04:53:06
13086,725957,7834,home,0,4-2-3-1,1,1,4,271086,Marius Lode,Center Right Defender,5,0,0,-1,,,,0,0,-1,,,,2025-08-18 04:53:06
13086,725957,7834,home,0,4-2-3-1,1,1,23,336672,Olle Samuelsson,Center Left Defender,6,0,0,-1,,,,1,356369,15,356369.0,4800.0,80',2025-08-18 04:53:06
13086,725957,7834,home,0,4-2-3-1,1,1,24,271087,Amor Layouni,Attacking Midfielder Right,7,0,0,-1,,,,1,357023,18,357023.0,4020.0,67',2025-08-18 04:53:06
13086,725957,7834,home,0,4-2-3-1,1,1,10,239184,Mikkel Rygaard,Right Midfielder,8,0,0,-1,,,,1,357139,16,357139.0,4080.0,68',2025-08-18 04:53:06
13086,725957,7834,home,0,4-2-3-1,1,1,20,407050,Adrian Svanbäck,Forward,9,0,0,-1,,,,1,366143,19,366143.0,3420.0,57',2025-08-18 04:53:06
13086,725957,7834,home,0,4-2-3-1,1,1,14,185916,Simon Gustafson,Attacking Midfielder,10,0,0,-1,,,,0,0,-1,,,,2025-08-18 04:53:06
13086,725957,7834,home,0,4-2-3-1,1,1,7,343960,Sanders Ngabo,Attacking Midfielder Left,11,0,0,-1,,,,1,364749,39,364749.0,3420.0,57',2025-08-18 04:53:06
13086,725957,7834,home,0,4-2-3-1,1,0,32,121827,Oscar Jansson,Substitute,0,0,0,-1,,,,0,0,-1,,,,2025-08-18 04:53:06
13086,725957,7834,home,0,4-2-3-1,1,0,15,356369,Samuel Leach Holm,Substitute,0,1,336672,23,336672.0,4800.0,80',0,0,-1,,,,2025-08-18 04:53:06
13086,725957,7834,home,0,4-2-3-1,1,0,18,357023,Danilo Al-Saed,Substitute,0,1,271087,24,271087.0,4020.0,67',0,0,-1,,,,2025-08-18 04:53:06
13086,725957,7834,home,0,4-2-3-1,1,0,16,357139,Pontus Dahbo,Substitute,0,1,239184,10,239184.0,4080.0,68',0,0,-1,,,,2025-08-18 04:53:06
13086,725957,7834,home,0,4-2-3-1,1,0,13,361537,Sigge Jansson,Substitute,0,0,0,-1,,,,0,0,-1,,,,2025-08-18 04:53:06
13086,725957,7834,home,0,4-2-3-1,1,0,39,364749,Isak Brusberg,Substitute,0,1,343960,7,343960.0,3420.0,57',0,0,-1,,,,2025-08-18 04:53:06
13086,725957,7834,home,0,4-2-3-1,1,0,19,366143,John Paul Dembe,Substitute,0,1,407050,20,407050.0,3420.0,57',0,0,-1,,,,2025-08-18 04:53:06
13086,725957,7834,home,0,4-2-3-1,1,0,44,393324,Harry Hilvenius,Substitute,0,0,0,-1,,,,0,0,-1,,,,2025-08-18 04:53:06
13086,725957,7834,home,0,4-2-3-1,1,0,31,407096,Lasse Madsen,Substitute,0,0,0,-1,,,,0,0,-1,,,,2025-08-18 04:53:06
13086,725957,2936,away,1,4-3-3,1,1,13,400366,Robin Wallinder,Goalkeeper,1,0,0,-1,,,,0,0,-1,,,,2025-08-18 04:53:06
13086,725957,2936,away,1,4-3-3,1,1,33,354345,Tatu Varmanen,Right Back,2,0,0,-1,,,,0,0,-1,,,,2025-08-18 04:53:06
13086,725957,2936,away,1,4-3-3,1,1,21,400371,Lars Bergquist,Left Back,3,0,0,-1,,,,0,0,-1,,,,2025-08-18 04:53:06
13086,725957,2936,away,1,4-3-3,1,1,26,238868,Magnus Christensen,Center Midfielder,4,0,0,-1,,,,0,0,-1,,,,2025-08-18 04:53:06
13086,725957,2936,away,1,4-3-3,1,1,5,354352,Mattis Adolfsson,Center Right Defender,5,0,0,-1,,,,0,0,-1,,,,2025-08-18 04:53:06
13086,725957,2936,away,1,4-3-3,1,1,15,316395,Ivan Kricak,Center Left Defender,6,0,0,-1,,,,0,0,-1,,,,2025-08-18 04:53:06
13086,725957,2936,away,1,4-3-3,1,1,6,307747,Noah Soderberg,Right Midfielder,7,0,0,-1,,,,0,0,-1,,,,2025-08-18 04:53:06
13086,725957,2936,away,1,4-3-3,1,1,7,275993,Anssi Suhonen,Left Midfielder,8,0,0,-1,,,,0,0,-1,,,,2025-08-18 04:53:06
13086,725957,2936,away,1,4-3-3,1,1,20,217300,Alibek Aliev,Forward,9,0,0,-1,,,,1,380190,3,380190.0,5160.0,86',2025-08-18 04:53:06
13086,725957,2936,away,1,4-3-3,1,1,10,334005,Oscar Uddenas,Right Forward,10,0,0,-1,,,,1,238435,4,238435.0,4320.0,72',2025-08-18 04:53:06
13086,725957,2936,away,1,4-3-3,1,1,18,311161,Daniel Ljung,Left Forward,11,0,0,-1,,,,1,332413,34,332413.0,4320.0,72',2025-08-18 04:53:06
13086,725957,2936,away,1,4-3-3,1,0,32,400368,Carl Lundahl Persson,Substitute,0,0,0,-1,,,,0,0,-1,,,,2025-08-18 04:53:06
13086,725957,2936,away,1,4-3-3,1,0,29,162497,Chris Kouakou,Substitute,0,0,0,-1,,,,0,0,-1,,,,2025-09-16 05:13:33
13086,725957,2936,away,1,4-3-3,1,0,14,173508,Dennis Olsson,Substitute,0,0,0,-1,,,,0,0,-1,,,,2025-08-18 04:53:06
13086,725957,2936,away,1,4-3-3,1,0,23,222639,Vladimir Rodic,Substitute,0,0,0,-1,,,,0,0,-1,,,,2025-08-18 04:53:06
13086,725957,2936,away,1,4-3-3,1,0,4,238435,Sebastian Starke Hedlund,Substitute,0,1,334005,10,334005.0,4320.0,72',0,0,-1,,,,2025-08-18 04:53:06
13086,725957,2936,away,1,4-3-3,1,0,24,312874,Patriot Sejdiu,Substitute,0,0,0,-1,,,,0,0,-1,,,,2025-08-18 04:53:06
13086,725957,2936,away,1,4-3-3,1,0,34,332413,Joel Voelkerling Persson,Substitute,0,1,311161,18,311161.0,4320.0,72',0,0,-1,,,,2025-08-18 04:53:06
13086,725957,2936,away,1,4-3-3,1,0,3,380190,Kingsley Gyamfi,Substitute,0,1,217300,20,217300.0,5160.0,86',0,0,-1,,,,2025-08-18 04:53:06
13086,725957,2936,away,1,4-3-3,1,0,9,398188,Niklas Soderberg,Substitute,0,0,0,-1,,,,0,0,-1,,,,2025-08-18 04:53:06
13086,725958,2556,home,1,4-3-3,1,1,25,359784,Elis Bishesari,Goalkeeper,1,0,0,-1,,,,0,0,-1,,,,2025-08-18 04:53:06
13086,725958,2556,home,1,4-3-3,1,1,29,343958,Thomas Santos,Right Back,2,0,0,-1,,,,1,349811,18,349811.0,4740.0,79',2025-08-18 04:53:06
13086,725958,2556,home,1,4-3-3,1,1,22,383948,Noah Tolf,Left Back,3,0,0,-1,,,,0,0,-1,,,,2025-08-18 04:53:06
13086,725958,2556,home,1,4-3-3,1,1,23,289882,Kolbeinn Thordarson,Center Midfielder,4,0,0,-1,,,,1,83736,13,83736.0,4260.0,71',2025-08-18 04:53:06
13086,725958,2556,home,1,4-3-3,1,1,5,220974,Jonas Bager,Center Right Defender,5,0,0,-1,,,,0,0,-1,,,,2025-08-18 04:53:06
13086,725958,2556,home,1,4-3-3,1,1,3,241163,August Erlingmark,Center Left Defender,6,0,0,-1,,,,0,0,-1,,,,2025-08-18 04:53:06
13086,725958,2556,home,1,4-3-3,1,1,15,307947,David Kruse,Right Midfielder,7,0,0,-1,,,,0,0,-1,,,,2025-08-18 04:53:06
13086,725958,2556,home,1,4-3-3,1,1,14,219163,Tobias Heintz,Left Midfielder,8,0,0,-1,,,,1,343826,16,343826.0,4740.0,79',2025-08-18 04:53:06
13086,725958,2556,home,1,4-3-3,1,1,9,303768,Max Fenger,Forward,9,0,0,-1,,,,0,0,-1,,,,2025-08-18 04:53:06
13086,725958,2556,home,1,4-3-3,1,1,11,297099,Saidou Alioum Moubarak,Right Forward,10,0,0,-1,,,,1,366598,4,366598.0,5400.0,90',2025-08-18 04:53:06
13086,725958,2556,home,1,4-3-3,1,1,7,390390,Sebastian Clemmensen,Left Forward,11,0,0,-1,,,,1,297985,8,297985.0,4260.0,71',2025-08-18 04:53:06
13086,725958,2556,home,1,4-3-3,1,0,1,235504,Pontus Dahlberg,Substitute,0,0,0,-1,,,,0,0,-1,,,,2025-08-18 04:53:06
13086,725958,2556,home,1,4-3-3,1,0,13,83736,Gustav Svensson,Substitute,0,1,289882,23,289882.0,4260.0,71',0,0,-1,,,,2025-08-18 04:53:06
13086,725958,2556,home,1,4-3-3,1,0,8,297985,Imam Jagne,Substitute,0,1,390390,7,390390.0,4260.0,71',0,0,-1,,,,2025-08-18 04:53:06
13086,725958,2556,home,1,4-3-3,1,0,16,343826,Linus Carlstrand,Substitute,0,1,219163,14,219163.0,4740.0,79',0,0,-1,,,,2025-08-18 04:53:06
13086,725958,2556,home,1,4-3-3,1,0,18,349811,Felix Eriksson,Substitute,0,1,343958,29,343958.0,4740.0,79',0,0,-1,,,,2025-08-18 04:53:06
13086,725958,2556,home,1,4-3-3,1,0,4,366598,Rockson Yeboah,Substitute,0,1,297099,11,297099.0,5400.0,90',0,0,-1,,,,2025-08-18 04:53:06
13086,725958,2556,home,1,4-3-3,1,0,27,401205,Alfons Borén,Substitute,0,0,0,-1,,,,0,0,-1,,,,2025-08-18 04:53:06
13086,725958,994,away,0,5-4-1,1,1,15,133993,Kristoffer Nordfeldt,Goalkeeper,1,0,0,-1,,,,0,0,-1,,,,2025-08-18 04:53:06
13086,725958,994,away,0,5-4-1,1,1,46,406317,Yannick Geiger,Right Back,2,0,0,-1,,,,1,236162,8,236162.0,2460.0,41',2025-08-18 04:53:06
13086,725958,994,away,0,5-4-1,1,1,2,312931,Eskil Edh,Left Back,3,0,0,-1,,,,1,261614,16,261614.0,5340.0,89',2025-08-18 04:53:06
13086,725958,994,away,0,5-4-1,1,1,3,258904,Thomas Isherwood,Center Left Defender,4,0,0,-1,,,,1,407059,36,407059.0,5340.0,89',2025-08-18 04:53:06
13086,725958,994,away,0,5-4-1,1,1,4,223140,Sotiris Papagiannopoulos,Center Defender,5,0,0,-1,,,,0,0,-1,,,,2025-08-18 04:53:06
13086,725958,994,away,0,5-4-1,1,1,32,222606,Filip Benkovic,Center Right Defender,6,0,0,-1,,,,0,0,-1,,,,2025-08-18 04:53:06
13086,725958,994,away,0,5-4-1,1,1,19,237759,Dino Besirovic,Right Midfielder,7,0,0,-1,,,,1,347636,45,347636.0,2700.0,45',2025-08-18 04:53:06
13086,725958,994,away,0,5-4-1,1,1,7,193105,Anton Saletros,Center Right Midfielder,8,0,0,-1,,,,0,0,-1,,,,2025-08-18 04:53:06
13086,725958,994,away,0,5-4-1,1,1,20,364726,Erik Flataker,Forward,9,0,0,-1,,,,1,146893,11,146893.0,3780.0,63',2025-08-18 04:53:06
13086,725958,994,away,0,5-4-1,1,1,33,322466,Áron Csongvai,Center Left Midfielder,10,0,0,-1,,,,0,0,-1,,,,2025-08-18 04:53:06
13086,725958,994,away,0,5-4-1,1,1,10,215152,Bersant Celina,Left Midfielder,11,0,0,-1,,,,0,0,-1,,,,2025-08-18 04:53:06
13086,725958,994,away,0,5-4-1,1,0,47,346655,Alexander Fesshaie,Substitute,0,0,0,-1,,,,0,0,-1,,,,2025-08-18 04:53:06
13086,725958,994,away,0,5-4-1,1,0,5,325409,Kazper Karlsson,Substitute,0,0,0,-1,,,,0,0,-1,,,,2025-08-18 04:53:06
13086,725958,994,away,0,5-4-1,1,0,45,347636,Taha Ayari,Substitute,0,1,237759,19,237759.0,2700.0,45',0,0,-1,,,,2025-08-18 04:53:06
13086,725958,994,away,0,5-4-1,1,0,18,357135,Abdihakim Ali,Substitute,0,0,0,-1,,,,0,0,-1,,,,2025-08-18 04:53:06
13086,725958,994,away,0,5-4-1,1,0,16,261614,Benjamin Hansen,Substitute,0,1,312931,2,312931.0,5340.0,89',0,0,-1,,,,2025-08-18 04:53:06
13086,725958,994,away,0,5-4-1,1,0,11,146893,John Guidetti,Substitute,0,1,364726,20,364726.0,3780.0,63',0,0,-1,,,,2025-08-18 04:53:06
13086,725958,994,away,0,5-4-1,1,0,30,218410,Kalle Joelsson,Substitute,0,0,0,-1,,,,0,0,-1,,,,2025-08-18 04:53:06
13086,725958,994,away,0,5-4-1,1,0,8,236162,Johan Hove,Substitute,0,1,406317,46,406317.0,2460.0,41',0,0,-1,,,,2025-08-18 04:53:06
13086,725958,994,away,0,5-4-1,1,0,36,407059,Zadok Yohanna,Substitute,0,1,258904,3,258904.0,5340.0,89',0,0,-1,,,,2025-08-18 04:53:06
13086,725959,20301,home,0,3-1-4-2,1,1,1,301377,Noel Törnqvist,Goalkeeper,1,0,0,-1,,,,0,0,-1,,,,2025-08-18 04:53:06
13086,725959,20301,home,0,3-1-4-2,1,1,17,357145,Elliot Stroud,Right Midfielder,2,0,0,-1,,,,0,0,-1,,,,2025-08-18 04:53:06
13086,725959,20301,home,0,3-1-4-2,1,1,11,269109,Timo Stavitski,Left Midfielder,3,0,0,-1,,,,1,389637,39,389637.0,4980.0,83',2025-08-18 04:53:06
13086,725959,20301,home,0,3-1-4-2,1,1,4,306289,Axel Norén,Center Defender,4,0,0,-1,,,,0,0,-1,,,,2025-08-18 04:53:06
13086,725959,20301,home,0,3-1-4-2,1,1,14,312876,Herman Johansson,Center Right Defender,5,0,0,-1,,,,1,357118,26,357118.0,4260.0,71',2025-08-18 04:53:06
13086,725959,20301,home,0,3-1-4-2,1,1,5,356281,Abdullah Iqbal,Center Left Defender,6,0,0,-1,,,,0,0,-1,,,,2025-08-18 04:53:06
13086,725959,20301,home,0,3-1-4-2,1,1,7,303651,Viktor Gustafson,Center Right Midfielder,7,0,0,-1,,,,0,0,-1,,,,2025-08-18 04:53:06
13086,725959,20301,home,0,3-1-4-2,1,1,22,192793,Jesper Gustavsson,Sweeper,8,0,0,-1,,,,0,0,-1,,,,2025-08-18 04:53:06
13086,725959,20301,home,0,3-1-4-2,1,1,18,293925,Jacob Bergstrom,Center Right Forward,9,0,0,-1,,,,1,317238,2,317238.0,2700.0,45',2025-08-18 04:53:06
13086,725959,20301,home,0,3-1-4-2,1,1,19,380320,Abdoulie Manneh,Center Left Forward,10,0,0,-1,,,,1,301382,16,301382.0,4260.0,71',2025-08-18 04:53:06
13086,725959,20301,home,0,3-1-4-2,1,1,6,356408,Ludwig Malachowski,Center Left Midfielder,11,0,0,-1,,,,1,305758,10,305758.0,2700.0,45',2025-08-18 04:53:06
13086,725959,20301,home,0,3-1-4-2,1,0,16,301382,Alexander Johansson,,0,1,380320,19,380320.0,4260.0,71',0,0,-1,,,,2025-08-18 04:53:06
13086,725959,20301,home,0,3-1-4-2,1,0,39,389637,Romeo Leandersson,,0,1,269109,11,269109.0,4980.0,83',0,0,-1,,,,2025-08-18 04:53:06
13086,725959,20301,home,0,3-1-4-2,1,0,35,151931,Alexander Lundin,,0,0,0,-1,,,,0,0,-1,,,,2025-08-18 04:53:06
13086,725959,20301,home,0,3-1-4-2,1,0,21,303653,Adam Petersson,,0,0,0,-1,,,,0,0,-1,,,,2025-08-18 04:53:06
13086,725959,20301,home,0,3-1-4-2,1,0,10,305758,Jeppe Kjaer Jensen,,0,1,356408,6,356408.0,2700.0,45',0,0,-1,,,,2025-08-18 04:53:06
13086,725959,20301,home,0,3-1-4-2,1,0,2,317238,Ludvig Svanberg,,0,1,293925,18,293925.0,2700.0,45',0,0,-1,,,,2025-08-18 04:53:06
13086,725959,20301,home,0,3-1-4-2,1,0,33,342493,Tony Miettinen,,0,0,0,-1,,,,0,0,-1,,,,2025-08-18 04:53:06
13086,725959,20301,home,0,3-1-4-2,1,0,27,346501,Ludvig Tidstrand,,0,0,0,-1,,,,0,0,-1,,,,2025-08-18 04:53:06
13086,725959,20301,home,0,3-1-4-2,1,0,26,357118,Uba Charles,,0,1,312876,14,312876.0,4260.0,71',0,0,-1,,,,2025-08-18 04:53:06
13086,725959,2339,away,0,4-2-3-1,1,1,35,203266,Jacob Rinne,Goalkeeper,1,0,0,-1,,,,0,0,-1,,,,2025-08-18 04:53:06
13086,725959,2339,away,0,4-2-3-1,1,1,12,357136,Theo Bergvall,Right Back,2,0,0,-1,,,,1,205729,2,205729.0,4560.0,76',2025-08-18 04:53:06
13086,725959,2339,away,0,4-2-3-1,1,1,27,371596,Keita Kosugi,Left Back,3,0,0,-1,,,,0,0,-1,,,,2025-08-18 04:53:06
13086,725959,2339,away,0,4-2-3-1,1,1,6,136911,Rasmus Schüller,Left Midfielder,4,0,0,-1,,,,1,237053,4,237053.0,5400.0,90'+2',2025-08-18 04:53:06
13086,725959,2339,away,0,4-2-3-1,1,1,5,289721,Miro Tenho,Center Right Defender,5,0,0,-1,,,,0,0,-1,,,,2025-08-18 04:53:06
13086,725959,2339,away,0,4-2-3-1,1,1,3,172855,Marcus Danielson,Center Left Defender,6,0,0,-1,,,,0,0,-1,,,,2025-08-18 04:53:06
13086,725959,2339,away,0,4-2-3-1,1,1,18,269457,Adam Stahl,Attacking Midfielder Right,7,0,0,-1,,,,0,0,-1,,,,2025-08-18 04:53:06
13086,725959,2339,away,0,4-2-3-1,1,1,20,364226,Matias Siltanen,Right Midfielder,8,0,0,-1,,,,1,272148,14,272148.0,3720.0,62',2025-08-18 04:53:06
13086,725959,2339,away,0,4-2-3-1,1,1,9,330460,August Priske,Forward,9,0,0,-1,,,,1,372767,11,372767.0,4560.0,76',2025-08-18 04:53:06
13086,725959,2339,away,0,4-2-3-1,1,1,17,250697,Mikkel Anderson,Attacking Midfielder,10,0,0,-1,,,,0,0,-1,,,,2025-08-18 04:53:06
13086,725959,2339,away,0,4-2-3-1,1,1,10,164556,Tokmac Nguen,Attacking Midfielder Left,11,0,0,-1,,,,1,312383,15,312383.0,3720.0,62',2025-08-18 04:53:06
13086,725959,2339,away,0,4-2-3-1,1,0,11,372767,Zakaria Sawo,Substitute,0,1,330460,9,330460.0,4560.0,76',0,0,-1,,,,2025-08-18 04:53:06
13086,725959,2339,away,0,4-2-3-1,1,0,22,378837,Patric Åslund,Substitute,0,0,0,-1,,,,0,0,-1,,,,2025-08-18 04:53:06
13086,725959,2339,away,0,4-2-3-1,1,0,2,205729,Piotr Johansson,Substitute,0,1,357136,12,357136.0,4560.0,76',0,0,-1,,,,2025-08-18 04:53:06
13086,725959,2339,away,0,4-2-3-1,1,0,45,219533,Filip Manojlovic,Substitute,0,0,0,-1,,,,0,0,-1,,,,2025-08-18 04:53:06
13086,725959,2339,away,0,4-2-3-1,1,0,4,237053,Jacob Une,Substitute,0,1,136911,6,136911.0,5400.0,90'+2',0,0,-1,,,,2025-08-18 04:53:06
13086,725959,2339,away,0,4-2-3-1,1,0,14,272148,Hampus Finndell,Substitute,0,1,364226,20,364226.0,3720.0,62',0,0,-1,,,,2025-08-18 04:53:06
13086,725959,2339,away,0,4-2-3-1,1,0,7,295863,Tobias Gulliksen,Substitute,0,0,0,-1,,,,0,0,-1,,,,2025-08-18 04:53:06
13086,725959,2339,away,0,4-2-3-1,1,0,15,312383,Oskar Fallenius,Substitute,0,1,164556,10,164556.0,3720.0,62',0,0,-1,,,,2025-08-18 04:53:06
13086,725959,2339,away,0,4-2-3-1,1,0,32,350206,Isak Alemayehu,Substitute,0,0,0,-1,,,,0,0,-1,,,,2025-08-18 04:53:06
13086,725960,8544,home,1,5-4-1,1,1,40,19242,David Andersson,Goalkeeper,1,0,0,-1,,,,0,0,-1,,,,2025-08-17 04:56:32
13086,725960,8544,home,1,5-4-1,1,1,37,345975,Moutaz Neffati,Right Back,2,0,0,-1,,,,0,0,-1,,,,2025-08-17 04:56:32
13086,725960,8544,home,1,5-4-1,1,1,3,359167,Marcus Baggesen,Left Back,3,0,0,-1,,,,0,0,-1,,,,2025-08-17 04:56:32
13086,725960,8544,home,1,5-4-1,1,1,19,238431,Max Watson,Center Left Defender,4,0,0,-1,,,,0,0,-1,,,,2025-08-17 04:56:32
13086,725960,8544,home,1,5-4-1,1,1,25,364988,Kevin Höög Jansson,Center Defender,5,0,0,-1,,,,0,0,-1,,,,2025-08-17 04:56:32
13086,725960,8544,home,1,5-4-1,1,1,4,356374,Amadeus Sögaard,Center Right Defender,6,0,0,-1,,,,0,0,-1,,,,2025-08-17 04:56:32
13086,725960,8544,home,1,5-4-1,1,1,10,188022,David Moberg-Karlsson,Right Midfielder,7,0,0,-1,,,,1,389749,28,389749.0,4860.0,81',2025-08-17 04:56:32
13086,725960,8544,home,1,5-4-1,1,1,11,286930,Ismet Lushaku,Center Right Midfielder,8,0,0,-1,,,,1,232279,7,232279.0,4260.0,71',2025-08-17 04:56:32
13086,725960,8544,home,1,5-4-1,1,1,5,158978,Christoffer Nyman,Forward,9,0,0,-1,,,,0,0,-1,,,,2025-08-17 04:56:32
13086,725960,8544,home,1,5-4-1,1,1,9,230353,Arnór Traustason,Center Left Midfielder,10,0,0,-1,,,,0,0,-1,,,,2025-08-17 04:56:32
13086,725960,8544,home,1,5-4-1,1,1,8,321404,Ísak Andri Sigurgeirsson,Left Midfielder,11,0,0,-1,,,,1,306290,14,306290.0,5400.0,90'+1',2025-08-17 04:56:32
13086,725960,8544,home,1,5-4-1,1,0,30,380189,Theo Krantz,Substitute,0,0,0,-1,,,,0,0,-1,,,,2025-08-17 04:56:32
13086,725960,8544,home,1,5-4-1,1,0,24,334015,Anton Eriksson,Substitute,0,0,0,-1,,,,0,0,-1,,,,2025-08-17 04:56:32
13086,725960,8544,home,1,5-4-1,1,0,31,329668,Jesper Lindvall,Substitute,0,0,0,-1,,,,0,0,-1,,,,2025-08-17 04:56:32
13086,725960,8544,home,1,5-4-1,1,0,14,306290,Yahya Kalley,Substitute,0,1,321404,8,321404.0,5400.0,90'+1',0,0,-1,,,,2025-08-17 04:56:32
13086,725960,8544,home,1,5-4-1,1,0,28,389749,Åke Andersson,Substitute,0,1,188022,10,188022.0,4860.0,81',0,0,-1,,,,2025-08-17 04:56:32
13086,725960,8544,home,1,5-4-1,1,0,18,400219,Jónatan Gudni Arnarsson,Substitute,0,0,0,-1,,,,0,0,-1,,,,2025-08-17 04:56:32
13086,725960,8544,home,1,5-4-1,1,0,7,232279,Alexander Fransson,Substitute,0,1,286930,11,286930.0,4260.0,71',0,0,-1,,,,2025-08-17 04:56:32
13086,725960,8544,home,1,5-4-1,1,0,20,400367,Axel Brönner,Substitute,0,0,0,-1,,,,0,0,-1,,,,2025-08-17 04:56:32
13086,725960,8544,home,1,5-4-1,1,0,36,402438,Manaf Rawufu,Substitute,0,0,0,-1,,,,0,0,-1,,,,2025-08-17 04:56:32
13086,725960,529,away,0,3-4-3,1,1,1,400222,Simon Eriksson,Goalkeeper,1,0,0,-1,,,,0,0,-1,,,,2025-08-17 04:56:32
13086,725960,529,away,0,3-4-3,1,1,13,146012,Johan Larsson,Right Midfielder,2,0,0,-1,,,,0,0,-1,,,,2025-08-17 04:56:32
13086,725960,529,away,0,3-4-3,1,1,15,173040,Simon Hedlund,Left Midfielder,3,0,0,-1,,,,0,0,-1,,,,2025-08-17 04:56:32
13086,725960,529,away,0,3-4-3,1,1,2,380023,Terry Yegbe,Center Left Defender,4,0,0,-1,,,,0,0,-1,,,,2025-08-17 04:56:32
13086,725960,529,away,0,3-4-3,1,1,8,194092,Sebastian Holmén,Center Defender,5,0,0,-1,,,,1,389426,28,389426.0,3360.0,56',2025-08-17 04:56:32
13086,725960,529,away,0,3-4-3,1,1,6,286729,Rasmus Wikstrom,Center Right Defender,6,0,0,-1,,,,0,0,-1,,,,2025-08-17 04:56:32
13086,725960,529,away,0,3-4-3,1,1,5,303480,Wenderson,Center Right Midfielder,7,0,0,-1,,,,0,0,-1,,,,2025-08-17 04:56:32
13086,725960,529,away,0,3-4-3,1,1,27,334024,Besfort Zeneli,Center Left Midfielder,8,0,0,-1,,,,0,0,-1,,,,2025-08-17 04:56:32
13086,725960,529,away,0,3-4-3,1,1,24,304180,Frederik Ihler,Forward,9,0,0,-1,,,,1,362584,20,362584.0,3360.0,56',2025-08-17 04:56:32
13086,725960,529,away,0,3-4-3,1,1,21,388173,Leo Östman,Center Right Forward,10,0,0,-1,,,,1,174501,17,174501.0,3720.0,62',2025-08-17 04:56:32
13086,725960,529,away,0,3-4-3,1,1,25,342093,Ari Sigurpálsson,Center Left Forward,11,0,0,-1,,,,1,402326,16,402326.0,4860.0,81',2025-08-17 04:56:32
13086,725960,529,away,0,3-4-3,1,0,16,402326,Altti Hellemaa,Substitute,0,1,342093,25,342093.0,4860.0,81',0,0,-1,,,,2025-08-17 04:56:32
13086,725960,529,away,0,3-4-3,1,0,14,409372,Kasper Örtegren,Substitute,0,0,0,-1,,,,0,0,-1,,,,2025-08-17 04:56:32
13086,725960,529,away,0,3-4-3,1,0,17,174501,Per Frick,Substitute,0,1,388173,21,388173.0,3720.0,62',0,0,-1,,,,2025-08-17 04:56:32
13086,725960,529,away,0,3-4-3,1,0,30,176191,Lucas Hägg Johansson,Substitute,0,0,0,-1,,,,0,0,-1,,,,2025-08-17 04:56:32
13086,725960,529,away,0,3-4-3,1,0,18,305401,Júlíus Magnússon,Substitute,0,0,0,-1,,,,0,0,-1,,,,2025-08-17 04:56:32
13086,725960,529,away,0,3-4-3,1,0,20,362584,Gottfrid Rapp,Substitute,0,1,304180,24,304180.0,3360.0,56',0,0,-1,,,,2025-08-17 04:56:32
13086,725960,529,away,0,3-4-3,1,0,28,389426,Frode Aronsson,Substitute,0,1,194092,8,194092.0,3360.0,56',0,0,-1,,,,2025-08-17 04:56:32
13086,725960,529,away,0,3-4-3,1,0,19,401407,Victor Ozor Okeke,Substitute,0,0,0,-1,,,,0,0,-1,,,,2025-08-17 04:56:32
13086,725960,529,away,0,3-4-3,1,0,31,250169,Isak Pettersson,Substitute,0,0,0,-1,,,,0,0,-1,,,,2025-08-17 04:56:32
13086,725961,21382,home,1,4-1-4-1,1,1,1,277177,Hugo Keto,Goalkeeper,1,0,0,-1,,,,0,0,-1,,,,2025-08-19 04:55:41
13086,725961,21382,home,1,4-1-4-1,1,1,2,380552,Johan Rapp,Right Back,2,0,0,-1,,,,1,334035,5,334035.0,2700.0,45',2025-08-19 04:55:41
13086,725961,21382,home,1,4-1-4-1,1,1,3,272272,Axel Björnström,Left Back,3,0,0,-1,,,,1,159526,27,159526.0,4800.0,80',2025-08-19 04:55:41
13086,725961,21382,home,1,4-1-4-1,1,1,16,386317,Antonio Kujundzic,Defensive Midfielder,4,0,0,-1,,,,0,0,-1,,,,2025-08-19 04:55:41
13086,725961,21382,home,1,4-1-4-1,1,1,4,383897,Rufai Mohammed,Center Right Defender,5,0,0,-1,,,,0,0,-1,,,,2025-08-19 04:55:41
13086,725961,21382,home,1,4-1-4-1,1,1,24,357202,Emin Grozdanic,Center Left Defender,6,0,0,-1,,,,0,0,-1,,,,2025-08-19 04:55:41
13086,725961,21382,home,1,4-1-4-1,1,1,25,312873,Noah Shamoun,Right Midfielder,7,0,0,-1,,,,1,381397,18,381397.0,3660.0,61',2025-08-19 04:55:41
13086,725961,21382,home,1,4-1-4-1,1,1,7,193351,Carl Johansson,Center Right Midfielder,8,0,0,-1,,,,1,153631,14,153631.0,2700.0,45',2025-08-19 04:55:41
13086,725961,21382,home,1,4-1-4-1,1,1,9,341437,Kai Meriluoto,Forward,9,0,0,-1,,,,0,0,-1,,,,2025-08-19 04:55:41
13086,725961,21382,home,1,4-1-4-1,1,1,8,366595,Otso Liimatta,Center Left Midfielder,10,0,0,-1,,,,0,0,-1,,,,2025-08-19 04:55:41
13086,725961,21382,home,1,4-1-4-1,1,1,10,345479,Ajdin Zeljkovic,Left Midfielder,11,0,0,-1,,,,1,267616,6,267616.0,4800.0,80',2025-08-19 04:55:41
13086,725961,21382,home,1,4-1-4-1,1,0,20,334028,Freddy Winsth,Substitute,0,0,0,-1,,,,0,0,-1,,,,2025-08-19 04:55:41
13086,725961,21382,home,1,4-1-4-1,1,0,21,303750,Abdulrazaq Ishaq,Substitute,0,0,0,-1,,,,0,0,-1,,,,2025-08-19 04:55:41
13086,725961,21382,home,1,4-1-4-1,1,0,5,334035,Victor Larsson,Substitute,0,1,380552,2,380552.0,2700.0,45',0,0,-1,,,,2025-08-19 04:55:41
13086,725961,21382,home,1,4-1-4-1,1,0,18,381397,Mohammad Alsalkhadi,Substitute,0,1,312873,25,312873.0,3660.0,61',0,0,-1,,,,2025-08-19 04:55:41
13086,725961,21382,home,1,4-1-4-1,1,0,6,267616,Hugo Andersson,Substitute,0,1,345479,10,345479.0,4800.0,80',0,0,-1,,,,2025-08-19 04:55:41
13086,725961,21382,home,1,4-1-4-1,1,0,31,409510,Adin Tihic,Substitute,0,0,0,-1,,,,0,0,-1,,,,2025-08-19 04:55:41
13086,725961,21382,home,1,4-1-4-1,1,0,15,185955,Pawel Cibicki,Substitute,0,0,0,-1,,,,0,0,-1,,,,2025-08-19 04:55:41
13086,725961,21382,home,1,4-1-4-1,1,0,27,159526,Souleymane Coulibaly,Substitute,0,1,272272,3,272272.0,4800.0,80',0,0,-1,,,,2025-08-19 04:55:41
13086,725961,21382,home,1,4-1-4-1,1,0,14,153631,Marcus Antonsson,Substitute,0,1,193351,7,193351.0,2700.0,45',0,0,-1,,,,2025-08-19 04:55:41
13086,725961,20856,away,0,4-4-2,1,1,26,194803,Matvei Igonen,Goalkeeper,1,0,0,-1,,,,0,0,-1,,,,2025-08-19 04:55:41
13086,725961,20856,away,0,4-4-2,1,1,6,235489,Daniel Sundgren,Right Back,2,0,0,-1,,,,0,0,-1,,,,2025-08-19 04:55:41
13086,725961,20856,away,0,4-4-2,1,1,2,256567,Mamadouba Diaby,Left Back,3,0,0,-1,,,,0,0,-1,,,,2025-08-19 04:55:41
13086,725961,20856,away,0,4-4-2,1,1,11,218520,Christos Gravius,Center Right Midfielder,4,0,0,-1,,,,0,0,-1,,,,2025-08-19 04:55:41
13086,725961,20856,away,0,4-4-2,1,1,15,324395,Nasiru Moro,Center Right Defender,5,0,0,-1,,,,0,0,-1,,,,2025-08-19 04:55:41
13086,725961,20856,away,0,4-4-2,1,1,4,301367,Leon Hien,Center Left Defender,6,0,0,-1,,,,0,0,-1,,,,2025-08-19 04:55:41
13086,725961,20856,away,0,4-4-2,1,1,8,301374,Nahom Netabay,Center Left Midfielder,8,0,0,-1,,,,1,205158,7,205158.0,4980.0,83',2025-08-19 04:55:41
13086,725961,20856,away,0,4-4-2,1,1,8,301374,Nahom Netabay,Center Left Midfielder,8,0,0,-1,,,,1,205158,7,205158.0,2700.0,45'+1',2025-08-19 04:55:41
13086,725961,20856,away,0,4-4-2,1,1,10,364830,Marcus Rafferty,Center Left Forward,9,0,0,-1,,,,1,400375,27,400375.0,4680.0,78',2025-08-19 04:55:41
13086,725961,20856,away,0,4-4-2,1,1,17,304144,Armann Taranis,Center Right Forward,10,0,0,-1,,,,0,0,-1,,,,2025-08-19 04:55:41
13086,725961,20856,away,0,4-4-2,1,1,20,400141,Elias Barsoum,Left Midfielder,11,0,0,-1,,,,1,400142,22,400142.0,2700.0,45',2025-08-19 04:55:41
13086,725961,20856,away,0,4-4-2,1,0,27,400375,Ziyad Salifu,Substitute,0,1,364830,10,364830.0,4680.0,78',0,0,-1,,,,2025-08-19 04:55:41
13086,725961,20856,away,0,4-4-2,1,0,30,255257,Bernardo Morgado,Substitute,0,0,0,-1,,,,0,0,-1,,,,2025-08-19 04:55:41
13086,725961,20856,away,0,4-4-2,1,0,39,378634,Philippe Ndinga Ossibadjouo,Substitute,0,0,0,-1,,,,0,0,-1,,,,2025-08-19 04:55:41
13086,725961,20856,away,0,4-4-2,1,0,9,398190,Adi Fisic,Substitute,0,1,205158,7,205158.0,2700.0,45'+1',0,0,-1,,,,2025-08-19 04:55:41
13086,725961,20856,away,0,4-4-2,1,0,9,398190,Adi Fisic,Substitute,0,1,205158,7,205158.0,4980.0,83',0,0,-1,,,,2025-08-19 04:55:41
13086,725961,20856,away,0,4-4-2,1,0,22,400142,Maill Lundgren,Substitute,0,1,400141,20,400141.0,2700.0,45',0,0,-1,,,,2025-08-19 04:55:41
13086,725961,20856,away,0,4-4-2,1,0,24,402327,Hjalmar Smedberg,Substitute,0,0,0,-1,,,,0,0,-1,,,,2025-08-19 04:55:41
13086,725961,20856,away,0,4-4-2,1,0,1,286770,Willie Jakobsson,Substitute,0,0,0,-1,,,,0,0,-1,,,,2025-08-19 04:55:41
13086,725961,20856,away,0,4-4-2,1,0,7,205158,Sebastian Ohlsson,Substitute,7,1,301374,8,301374.0,2700.0,45'+1',1,398190,9,398190.0,4980.0,83',2025-08-22 04:57:52
13086,725962,20856,home,0,3-4-3,1,1,26,194803,Matvei Igonen,Goalkeeper,1,0,0,-1,,,,0,0,-1,,,,2025-08-25 04:55:46
13086,725962,20856,home,0,3-4-3,1,1,16,205158,Sebastian Ohlsson,Right Midfielder,2,0,0,-1,,,,0,0,-1,,,,2025-08-25 04:55:46
13086,725962,20856,home,0,3-4-3,1,1,28,238859,Marcus Godinho,Left Midfielder,3,0,0,-1,,,,1,324395,15,324395.0,2700.0,45',2025-08-25 04:55:46
13086,725962,20856,home,0,3-4-3,1,1,4,301367,Leon Hien,Center Left Defender,4,0,0,-1,,,,0,0,-1,,,,2025-08-25 04:55:46
13086,725962,20856,home,0,3-4-3,1,1,30,255257,Bernardo Morgado,Center Defender,5,0,0,-1,,,,1,402327,24,402327.0,3600.0,60',2025-08-25 04:55:46
13086,725962,20856,home,0,3-4-3,1,1,6,235489,Daniel Sundgren,Center Right Defender,6,0,0,-1,,,,0,0,-1,,,,2025-08-25 04:55:46
13086,725962,20856,home,0,3-4-3,1,1,11,218520,Christos Gravius,Center Right Midfielder,7,0,0,-1,,,,0,0,-1,,,,2025-08-25 04:55:46
13086,725962,20856,home,0,3-4-3,1,1,39,378634,Philippe Ndinga Ossibadjouo,Center Left Midfielder,8,0,0,-1,,,,0,0,-1,,,,2025-08-25 04:55:46
13086,725962,20856,home,0,3-4-3,1,1,17,304144,Armann Taranis,Forward,9,0,0,-1,,,,0,0,-1,,,,2025-08-25 04:55:46
13086,725962,20856,home,0,3-4-3,1,1,20,400141,Elias Barsoum,Center Right Forward,10,0,0,-1,,,,1,316173,19,316173.0,2700.0,45',2025-08-25 04:55:46
13086,725962,20856,home,0,3-4-3,1,1,10,364830,Marcus Rafferty,Center Left Forward,11,0,0,-1,,,,1,398190,9,398190.0,4500.0,75',2025-08-25 04:55:46
13086,725962,20856,home,0,3-4-3,1,0,29,408131,Vincent Tigerholm,Substitute,0,0,0,-1,,,,0,0,-1,,,,2025-08-25 04:55:46
13086,725962,20856,home,0,3-4-3,1,0,24,402327,Hjalmar Smedberg,Substitute,0,1,255257,30,255257.0,3600.0,60',0,0,-1,,,,2025-08-25 04:55:46
13086,725962,20856,home,0,3-4-3,1,0,1,286770,Willie Jakobsson,Substitute,0,0,0,-1,,,,0,0,-1,,,,2025-08-25 04:55:46
13086,725962,20856,home,0,3-4-3,1,0,19,316173,Richie Omorowa,Substitute,0,1,400141,20,400141.0,2700.0,45',0,0,-1,,,,2025-08-25 04:55:46
13086,725962,20856,home,0,3-4-3,1,0,15,324395,Nasiru Moro,Substitute,0,1,238859,28,238859.0,2700.0,45',0,0,-1,,,,2025-08-25 04:55:46
13086,725962,20856,home,0,3-4-3,1,0,5,385769,Juhani Pikkarainen,Substitute,0,0,0,-1,,,,0,0,-1,,,,2025-08-25 04:55:46
13086,725962,20856,home,0,3-4-3,1,0,9,398190,Adi Fisic,Substitute,0,1,364830,10,364830.0,4500.0,75',0,0,-1,,,,2025-08-25 04:55:46
13086,725962,20856,home,0,3-4-3,1,0,27,400375,Ziyad Salifu,Substitute,0,0,0,-1,,,,0,0,-1,,,,2025-08-25 04:55:46
13086,725962,994,away,1,3-4-2-1,1,1,15,133993,Kristoffer Nordfeldt,Goalkeeper,1,0,0,-1,,,,0,0,-1,,,,2025-08-30 05:02:25
13086,725962,994,away,1,3-4-2-1,1,1,17,229692,Mads Thychosen,Right Midfielder,2,0,0,-1,,,,0,0,-1,,,,2025-08-30 05:02:25
13086,725962,994,away,1,3-4-2-1,1,1,2,312931,Eskil Edh,Left Midfielder,3,0,0,-1,,,,0,0,-1,,,,2025-08-30 05:02:25
13086,725962,994,away,1,3-4-2-1,1,1,3,258904,Thomas Isherwood,Center Left Defender,4,0,0,-1,,,,0,0,-1,,,,2025-08-30 05:02:25
13086,725962,994,away,1,3-4-2-1,1,1,4,223140,Sotiris Papagiannopoulos,Center Defender,5,0,0,-1,,,,0,0,-1,,,,2025-08-30 05:02:25
13086,725962,994,away,1,3-4-2-1,1,1,32,222606,Filip Benkovic,Center Right Defender,6,0,0,-1,,,,0,0,-1,,,,2025-08-30 05:02:25
13086,725962,994,away,1,3-4-2-1,1,1,7,193105,Anton Saletros,Center Right Midfielder,7,0,0,-1,,,,0,0,-1,,,,2025-08-30 05:02:25
13086,725962,994,away,1,3-4-2-1,1,1,19,237759,Dino Besirovic,Center Left Midfielder,8,0,0,-1,,,,1,346655,47,346655.0,5400.0,90'+3',2025-08-30 05:02:25
13086,725962,994,away,1,3-4-2-1,1,1,20,364726,Erik Flataker,Forward,9,0,0,-1,,,,1,146893,11,146893.0,4500.0,75',2025-08-30 05:02:25
13086,725962,994,away,1,3-4-2-1,1,1,10,215152,Bersant Celina,Center Right Forward,10,0,0,-1,,,,1,357135,18,357135.0,4500.0,75',2025-08-30 05:02:25
13086,725962,994,away,1,3-4-2-1,1,1,45,347636,Taha Ayari,Center Left Forward,11,0,0,-1,,,,1,325409,5,325409.0,4260.0,71',2025-08-30 05:02:25
13086,725962,994,away,1,3-4-2-1,1,0,36,407059,Zadok Yohanna,Substitute,0,0,0,-1,,,,0,0,-1,,,,2025-08-30 05:02:25
13086,725962,994,away,1,3-4-2-1,1,0,22,409497,Adrián Helm,Substitute,0,0,0,-1,,,,0,0,-1,,,,2025-08-30 05:02:25
13086,725962,994,away,1,3-4-2-1,1,0,11,146893,John Guidetti,Substitute,0,1,364726,20,364726.0,4500.0,75',0,0,-1,,,,2025-08-30 05:02:25
13086,725962,994,away,1,3-4-2-1,1,0,30,218410,Kalle Joelsson,Substitute,0,0,0,-1,,,,0,0,-1,,,,2025-08-30 05:02:25
13086,725962,994,away,1,3-4-2-1,1,0,16,261614,Benjamin Hansen,Substitute,0,0,0,-1,,,,0,0,-1,,,,2025-08-30 05:02:25
13086,725962,994,away,1,3-4-2-1,1,0,5,325409,Kazper Karlsson,Substitute,0,1,347636,45,347636.0,4260.0,71',0,0,-1,,,,2025-08-30 05:02:25
13086,725962,994,away,1,3-4-2-1,1,0,47,346655,Alexander Fesshaie,Substitute,0,1,237759,19,237759.0,5400.0,90'+3',0,0,-1,,,,2025-08-30 05:02:25
13086,725962,994,away,1,3-4-2-1,1,0,14,356382,Fredrik Nissen,Substitute,0,0,0,-1,,,,0,0,-1,,,,2025-08-30 05:02:25
13086,725962,994,away,1,3-4-2-1,1,0,18,357135,Abdihakim Ali,Substitute,0,1,215152,10,215152.0,4500.0,75',0,0,-1,,,,2025-08-30 05:02:25
13086,725963,2339,home,1,4-3-3,1,1,45,219533,Filip Manojlovic,Goalkeeper,1,0,0,-1,,,,0,0,-1,,,,2025-08-25 04:55:46
13086,725963,2339,home,1,4-3-3,1,1,18,269457,Adam Stahl,Right Back,2,0,0,-1,,,,0,0,-1,,,,2025-08-25 04:55:46
13086,725963,2339,home,1,4-3-3,1,1,27,371596,Keita Kosugi,Left Back,3,0,0,-1,,,,0,0,-1,,,,2025-08-25 04:55:46
13086,725963,2339,home,1,4-3-3,1,1,20,364226,Matias Siltanen,Center Midfielder,4,0,0,-1,,,,0,0,-1,,,,2025-08-25 04:55:46
13086,725963,2339,home,1,4-3-3,1,1,5,289721,Miro Tenho,Center Right Defender,5,0,0,-1,,,,0,0,-1,,,,2025-08-25 04:55:46
13086,725963,2339,home,1,4-3-3,1,1,3,172855,Marcus Danielson,Center Left Defender,6,0,0,-1,,,,0,0,-1,,,,2025-08-25 04:55:46
13086,725963,2339,home,1,4-3-3,1,1,14,272148,Hampus Finndell,Right Midfielder,7,0,0,-1,,,,1,378837,22,378837.0,3840.0,64',2025-08-25 04:55:46
13086,725963,2339,home,1,4-3-3,1,1,17,250697,Mikkel Anderson,Left Midfielder,8,0,0,-1,,,,0,0,-1,,,,2025-08-25 04:55:46
13086,725963,2339,home,1,4-3-3,1,1,9,330460,August Priske,Forward,9,0,0,-1,,,,1,372767,11,372767.0,5280.0,88',2025-08-25 04:55:46
13086,725963,2339,home,1,4-3-3,1,1,15,312383,Oskar Fallenius,Right Forward,10,0,0,-1,,,,1,289519,23,289519.0,3840.0,64',2025-08-25 04:55:46
13086,725963,2339,home,1,4-3-3,1,1,10,164556,Tokmac Nguen,Left Forward,11,0,0,-1,,,,1,397300,16,397300.0,5400.0,90'+2',2025-08-25 04:55:46
13086,725963,2339,home,1,4-3-3,1,0,4,237053,Jacob Une,Substitute,0,0,0,-1,,,,0,0,-1,,,,2025-08-25 04:55:46
13086,725963,2339,home,1,4-3-3,1,0,23,289519,Nino Zugelj,Substitute,0,1,312383,15,312383.0,3840.0,64',0,0,-1,,,,2025-08-25 04:55:46
13086,725963,2339,home,1,4-3-3,1,0,2,205729,Piotr Johansson,Substitute,0,0,0,-1,,,,0,0,-1,,,,2025-08-25 04:55:46
13086,725963,2339,home,1,4-3-3,1,0,32,350206,Isak Alemayehu,Substitute,0,0,0,-1,,,,0,0,-1,,,,2025-08-25 04:55:46
13086,725963,2339,home,1,4-3-3,1,0,35,203266,Jacob Rinne,Substitute,0,0,0,-1,,,,0,0,-1,,,,2025-08-25 04:55:46
13086,725963,2339,home,1,4-3-3,1,0,11,372767,Zakaria Sawo,Substitute,0,1,330460,9,330460.0,5280.0,88',0,0,-1,,,,2025-08-25 04:55:46
13086,725963,2339,home,1,4-3-3,1,0,22,378837,Patric Åslund,Substitute,0,1,272148,14,272148.0,3840.0,64',0,0,-1,,,,2025-08-25 04:55:46
13086,725963,2339,home,1,4-3-3,1,0,16,397300,Bo Hegland,Substitute,0,1,164556,10,164556.0,5400.0,90'+2',0,0,-1,,,,2025-08-25 04:55:46
13086,725963,2339,home,1,4-3-3,1,0,31,403140,Ahmed Saeed,Substitute,0,0,0,-1,,,,0,0,-1,,,,2025-08-25 04:55:46
13086,725963,8221,away,0,4-2-3-1,1,1,40,390019,Leo Cavallius,Goalkeeper,1,0,0,-1,,,,0,0,-1,,,,2025-08-25 04:55:46
13086,725963,8221,away,0,4-2-3-1,1,1,27,347458,Kaare Barslund,Right Back,2,0,0,-1,,,,0,0,-1,,,,2025-08-25 04:55:46
13086,725963,8221,away,0,4-2-3-1,1,1,6,313932,Oliver Zandén,Left Back,3,0,0,-1,,,,0,0,-1,,,,2025-08-25 04:55:46
13086,725963,8221,away,0,4-2-3-1,1,1,20,232670,Issiaga Camara,Left Midfielder,4,0,0,-1,,,,1,380680,12,380680.0,5400.0,90'+2',2025-08-25 04:55:46
13086,725963,8221,away,0,4-2-3-1,1,1,3,162464,Even Hovland,Center Right Defender,5,0,0,-1,,,,0,0,-1,,,,2025-08-25 04:55:46
13086,725963,8221,away,0,4-2-3-1,1,1,28,195090,Isak Ssewankambo,Center Left Defender,6,0,0,-1,,,,1,208616,4,208616.0,1920.0,32',2025-08-25 04:55:46
13086,725963,8221,away,0,4-2-3-1,1,1,7,320883,Victor Lind,Attacking Midfielder Right,7,0,0,-1,,,,0,0,-1,,,,2025-08-25 04:55:46
13086,725963,8221,away,0,4-2-3-1,1,1,24,257624,Kevin Ackermann,Right Midfielder,8,0,0,-1,,,,0,0,-1,,,,2025-08-25 04:55:46
13086,725963,8221,away,0,4-2-3-1,1,1,23,399426,Ezekiel Alladoh,Forward,9,0,0,-1,,,,0,0,-1,,,,2025-08-25 04:55:46
13086,725963,8221,away,0,4-2-3-1,1,1,16,274984,Adam Jakobsen,Attacking Midfielder,10,0,0,-1,,,,0,0,-1,,,,2025-08-25 04:55:46
13086,725963,8221,away,0,4-2-3-1,1,1,31,399423,Love Arrhov,Attacking Midfielder Left,11,0,0,-1,,,,1,356378,10,356378.0,4680.0,78',2025-08-25 04:55:46
13086,725963,8221,away,0,4-2-3-1,1,0,10,356378,Wilmer Odefalk,Substitute,0,1,399423,31,399423.0,4680.0,78',0,0,-1,,,,2025-08-25 04:55:46
13086,725963,8221,away,0,4-2-3-1,1,0,4,208616,Eric Bjorkander,Substitute,0,1,195090,28,195090.0,1920.0,32',0,0,-1,,,,2025-08-25 04:55:46
13086,725963,8221,away,0,4-2-3-1,1,0,8,407097,Adam Stroud,Substitute,0,0,0,-1,,,,0,0,-1,,,,2025-08-25 04:55:46
13086,725963,8221,away,0,4-2-3-1,1,0,32,399427,Oskar Cotton,Substitute,0,0,0,-1,,,,0,0,-1,,,,2025-08-25 04:55:46
13086,725963,8221,away,0,4-2-3-1,1,0,2,306206,Hlynur Freyr Karlsson,Substitute,0,0,0,-1,,,,0,0,-1,,,,2025-08-25 04:55:46
13086,725963,8221,away,0,4-2-3-1,1,0,11,336115,Rasmus Örqvist,Substitute,0,0,0,-1,,,,0,0,-1,,,,2025-08-25 04:55:46
13086,725963,8221,away,0,4-2-3-1,1,0,12,380680,Charlie Nildén,Substitute,0,1,232670,20,232670.0,5400.0,90'+2',0,0,-1,,,,2025-08-25 04:55:46
13086,725963,8221,away,0,4-2-3-1,1,0,17,357143,Anton Kurochkin,Substitute,0,0,0,-1,,,,0,0,-1,,,,2025-08-25 04:55:46
13086,725963,8221,away,0,4-2-3-1,1,0,25,146116,Davor Blazevic,Substitute,0,0,0,-1,,,,0,0,-1,,,,2025-08-25 04:55:46
13086,725964,529,home,0,5-4-1,1,1,1,400222,Simon Eriksson,Goalkeeper,1,0,0,-1,,,,0,0,-1,,,,2025-08-27 05:00:41
13086,725964,529,home,0,5-4-1,1,1,15,173040,Simon Hedlund,Right Back,2,0,0,-1,,,,0,0,-1,,,,2025-08-27 05:00:41
13086,725964,529,home,0,5-4-1,1,1,28,389426,Frode Aronsson,Left Back,3,0,0,-1,,,,1,134644,23,134644.0,2700.0,45',2025-08-27 05:00:41
13086,725964,529,home,0,5-4-1,1,1,4,202682,Daniel Granli,Center Left Defender,4,0,0,-1,,,,1,402326,16,402326.0,2700.0,45',2025-08-27 05:00:41
13086,725964,529,home,0,5-4-1,1,1,29,341452,Ibrahim Buhari,Center Defender,5,0,0,-1,,,,0,0,-1,,,,2025-08-27 05:00:41
13086,725964,529,home,0,5-4-1,1,1,6,286729,Rasmus Wikstrom,Center Right Defender,6,0,0,-1,,,,0,0,-1,,,,2025-08-27 05:00:41
13086,725964,529,home,0,5-4-1,1,1,20,362584,Gottfrid Rapp,Right Midfielder,7,0,0,-1,,,,1,174501,17,174501.0,3240.0,54',2025-08-27 05:00:41
13086,725964,529,home,0,5-4-1,1,1,20,362584,Gottfrid Rapp,Right Midfielder,7,0,0,-1,,,,1,174501,17,174501.0,2700.0,45',2025-08-27 05:00:41
13086,725964,529,home,0,5-4-1,1,1,27,334024,Besfort Zeneli,Center Right Midfielder,8,0,0,-1,,,,0,0,-1,,,,2025-08-27 05:00:41
13086,725964,529,home,0,5-4-1,1,1,18,305401,Júlíus Magnússon,Forward,9,0,0,-1,,,,0,0,-1,,,,2025-08-27 05:00:41
13086,725964,529,home,0,5-4-1,1,1,5,303480,Wenderson,Center Left Midfielder,10,0,0,-1,,,,0,0,-1,,,,2025-08-27 05:00:41
13086,725964,529,home,0,5-4-1,1,1,25,342093,Ari Sigurpálsson,Left Midfielder,11,0,0,-1,,,,1,304180,24,304180.0,2700.0,45',2025-08-27 05:00:41
13086,725964,529,home,0,5-4-1,1,0,24,304180,Frederik Ihler,Substitute,0,1,342093,25,342093.0,2700.0,45',0,0,-1,,,,2025-08-27 05:00:41
13086,725964,529,home,0,5-4-1,1,0,8,194092,Sebastian Holmén,Substitute,0,0,0,-1,,,,0,0,-1,,,,2025-08-27 05:00:41
13086,725964,529,home,0,5-4-1,1,0,30,176191,Lucas Hägg Johansson,Substitute,0,0,0,-1,,,,0,0,-1,,,,2025-08-27 05:00:41
13086,725964,529,home,0,5-4-1,1,0,17,174501,Per Frick,Substitute,0,1,362584,20,362584.0,2700.0,45',1,146012,13,146012.0,3240.0,54',2025-08-27 05:00:41
13086,725964,529,home,0,5-4-1,1,0,13,146012,Johan Larsson,Substitute,0,1,174501,17,174501.0,3240.0,54',0,0,-1,,,,2025-08-27 05:00:41
13086,725964,529,home,0,5-4-1,1,0,21,388173,Leo Östman,Substitute,0,0,0,-1,,,,0,0,-1,,,,2025-08-27 05:00:41
13086,725964,529,home,0,5-4-1,1,0,13,146012,Johan Larsson,Substitute,0,1,174501,17,174501.0,2700.0,45',0,0,-1,,,,2025-08-27 05:00:41
13086,725964,529,home,0,5-4-1,1,0,23,134644,Niklas Hult,Substitute,0,1,389426,28,389426.0,2700.0,45',0,0,-1,,,,2025-08-27 05:00:41
13086,725964,529,home,0,5-4-1,1,0,16,402326,Altti Hellemaa,Substitute,0,1,202682,4,202682.0,2700.0,45',0,0,-1,,,,2025-08-27 05:00:41
13086,725964,529,home,0,5-4-1,1,0,11,303614,Taylor Silverholt,Substitute,0,0,0,-1,,,,0,0,-1,,,,2025-08-27 05:00:41
13086,725964,3017,away,1,5-4-1,1,1,12,195094,Tim Erlandsson,Goalkeeper,1,0,0,-1,,,,0,0,-1,,,,2025-08-27 05:00:41
13086,725964,3017,away,1,5-4-1,1,1,11,357140,Villiam Granath,Right Back,2,0,0,-1,,,,0,0,-1,,,,2025-08-27 05:00:41
13086,725964,3017,away,1,5-4-1,1,1,24,240486,Rami Kaib,Left Back,3,0,0,-1,,,,1,317094,20,317094.0,4320.0,72',2025-08-27 05:00:41
13086,725964,3017,away,1,5-4-1,1,1,2,381647,Bleon Kurtulus,Center Left Defender,4,0,0,-1,,,,0,0,-1,,,,2025-08-27 05:00:41
13086,725964,3017,away,1,5-4-1,1,1,4,289329,Filip Schyberg,Center Defender,5,0,0,-1,,,,1,178687,5,178687.0,4320.0,72',2025-08-27 05:00:41
13086,725964,3017,away,1,5-4-1,1,1,3,357142,Gabriel Wallentin,Center Right Defender,6,0,0,-1,,,,0,0,-1,,,,2025-08-27 05:00:41
13086,725964,3017,away,1,5-4-1,1,1,18,357130,Naeem Mohammed,Right Midfielder,7,0,0,-1,,,,0,0,-1,,,,2025-08-27 05:00:41
13086,725964,3017,away,1,5-4-1,1,1,6,147211,Joel Allansson,Center Right Midfielder,8,0,0,-1,,,,1,359293,26,359293.0,4320.0,72',2025-08-27 05:00:41
13086,725964,3017,away,1,5-4-1,1,1,99,344475,Emmanuel Damoah Yeboah,Forward,9,0,0,-1,,,,0,0,-1,,,,2025-08-27 05:00:41
13086,725964,3017,away,1,5-4-1,1,1,13,237843,Gíisli Eyjólfsson,Center Left Midfielder,10,0,0,-1,,,,1,399508,29,399508.0,2700.0,45'+5',2025-08-27 05:00:41
13086,725964,3017,away,1,5-4-1,1,1,27,313722,Rocco Ascone,Left Midfielder,11,0,0,-1,,,,1,289719,8,289719.0,3780.0,63',2025-08-27 05:00:41
13086,725964,3017,away,1,5-4-1,1,0,5,178687,Pascal Gregor,Substitute,0,1,289329,4,289329.0,4320.0,72',0,0,-1,,,,2025-08-27 05:00:41
13086,725964,3017,away,1,5-4-1,1,0,19,401274,Marvin Illary,Substitute,0,0,0,-1,,,,0,0,-1,,,,2025-08-27 05:00:41
13086,725964,3017,away,1,5-4-1,1,0,29,399508,Erik Arvidsson,Substitute,0,1,237843,13,237843.0,2700.0,45'+5',0,0,-1,,,,2025-08-27 05:00:41
13086,725964,3017,away,1,5-4-1,1,0,26,359293,Mans Andersson,Substitute,0,1,147211,6,147211.0,4320.0,72',0,0,-1,,,,2025-08-27 05:00:41
13086,725964,3017,away,1,5-4-1,1,0,28,334002,Malte Persson,Substitute,0,0,0,-1,,,,0,0,-1,,,,2025-08-27 05:00:41
13086,725964,3017,away,1,5-4-1,1,0,20,317094,Pawel Chrupalla,Substitute,0,1,240486,24,240486.0,4320.0,72',0,0,-1,,,,2025-08-27 05:00:41
13086,725964,3017,away,1,5-4-1,1,0,8,289719,Niilo Mäenpää,Substitute,0,1,313722,27,313722.0,3780.0,63',0,0,-1,,,,2025-08-27 05:00:41
13086,725964,3017,away,1,5-4-1,1,0,1,264481,Tim Rönning,Substitute,0,0,0,-1,,,,0,0,-1,,,,2025-08-27 05:00:41
13086,725965,8222,home,0,4-3-3,1,1,13,360878,Kees Sims,Goalkeeper,1,0,0,-1,,,,0,0,-1,,,,2025-08-26 05:03:30
13086,725965,8222,home,0,4-3-3,1,1,6,378806,August Wängberg,Right Back,2,0,0,-1,,,,1,364732,17,364732.0,4980.0,83',2025-08-26 05:03:30
13086,725965,8222,home,0,4-3-3,1,1,5,379958,Robin Wendin Thomasson,Left Back,3,0,0,-1,,,,1,400217,2,400217.0,4500.0,75',2025-08-26 05:03:30
13086,725965,8222,home,0,4-3-3,1,1,7,378811,Joackim Åberg,Center Midfielder,4,0,0,-1,,,,1,149765,25,149765.0,4080.0,68',2025-08-26 05:03:30
13086,725965,8222,home,0,4-3-3,1,1,12,356377,Robin Frej,Center Right Defender,5,0,0,-1,,,,0,0,-1,,,,2025-08-26 05:03:30
13086,725965,8222,home,0,4-3-3,1,1,4,333728,Oskar Ågren,Center Left Defender,6,0,0,-1,,,,0,0,-1,,,,2025-08-26 05:03:30
13086,725965,8222,home,0,4-3-3,1,1,32,359795,Harun Ibrahim,Right Midfielder,7,0,0,-1,,,,0,0,-1,,,,2025-08-26 05:03:30
13086,725965,8222,home,0,4-3-3,1,1,10,347031,Amin Boudri,Left Midfielder,8,0,0,-1,,,,0,0,-1,,,,2025-08-26 05:03:30
13086,725965,8222,home,0,4-3-3,1,1,28,235766,Lucas Hedlund,Forward,9,0,0,-1,,,,1,409647,21,409647.0,4080.0,68',2025-08-26 05:03:30
13086,725965,8222,home,0,4-3-3,1,1,9,378816,Gustav Lundgren,Right Forward,10,0,0,-1,,,,0,0,-1,,,,2025-08-26 05:03:30
13086,725965,8222,home,0,4-3-3,1,1,11,334033,Edvin Becirovic,Left Forward,11,0,0,-1,,,,1,313931,18,313931.0,2700.0,45',2025-08-26 05:03:30
13086,725965,8222,home,0,4-3-3,1,0,18,313931,Kevin Holmén,Substitute,0,1,334033,11,334033.0,2700.0,45',0,0,-1,,,,2025-08-26 05:03:30
13086,725965,8222,home,0,4-3-3,1,0,1,312877,Mergim Krasniqi,Substitute,0,0,0,-1,,,,0,0,-1,,,,2025-08-26 05:03:30
13086,725965,8222,home,0,4-3-3,1,0,21,409647,Shalom Ekong,Substitute,0,1,235766,28,235766.0,4080.0,68',0,0,-1,,,,2025-08-26 05:03:30
13086,725965,8222,home,0,4-3-3,1,0,2,400217,Matteo de Brienne,Substitute,0,1,379958,5,379958.0,4500.0,75',0,0,-1,,,,2025-08-26 05:03:30
13086,725965,8222,home,0,4-3-3,1,0,14,379955,Filip Gustafsson,Substitute,0,0,0,-1,,,,0,0,-1,,,,2025-08-26 05:03:30
13086,725965,8222,home,0,4-3-3,1,0,22,378820,Anes Cardaklija,Substitute,0,0,0,-1,,,,0,0,-1,,,,2025-08-26 05:03:30
13086,725965,8222,home,0,4-3-3,1,0,25,149765,Jonas Lindberg,Substitute,0,1,378811,7,378811.0,4080.0,68',0,0,-1,,,,2025-08-26 05:03:30
13086,725965,8222,home,0,4-3-3,1,0,17,364732,Frosti Thorkelsson,Substitute,0,1,378806,6,378806.0,4980.0,83',0,0,-1,,,,2025-08-26 05:03:30
13086,725965,8222,home,0,4-3-3,1,0,31,378823,Simon Sjöholm,Substitute,0,0,0,-1,,,,0,0,-1,,,,2025-08-26 05:03:30
13086,725965,20301,away,1,3-4-3,1,1,1,301377,Noel Törnqvist,Goalkeeper,1,0,0,-1,,,,0,0,-1,,,,2025-08-26 05:03:30
13086,725965,20301,away,1,3-4-3,1,1,14,312876,Herman Johansson,Right Midfielder,2,0,0,-1,,,,0,0,-1,,,,2025-08-26 05:03:30
13086,725965,20301,away,1,3-4-3,1,1,17,357145,Elliot Stroud,Left Midfielder,3,0,0,-1,,,,1,301382,16,301382.0,5040.0,84',2025-08-26 05:03:30
13086,725965,20301,away,1,3-4-3,1,1,24,172917,Tom Pettersson,Center Left Defender,4,0,0,-1,,,,1,342493,33,342493.0,2700.0,45',2025-08-26 05:03:30
13086,725965,20301,away,1,3-4-3,1,1,4,306289,Axel Norén,Center Defender,5,0,0,-1,,,,0,0,-1,,,,2025-08-26 05:03:30
13086,725965,20301,away,1,3-4-3,1,1,5,356281,Abdullah Iqbal,Center Right Defender,6,0,0,-1,,,,0,0,-1,,,,2025-08-26 05:03:30
13086,725965,20301,away,1,3-4-3,1,1,7,303651,Viktor Gustafson,Center Right Midfielder,7,0,0,-1,,,,0,0,-1,,,,2025-08-26 05:03:30
13086,725965,20301,away,1,3-4-3,1,1,39,389637,Romeo Leandersson,Center Left Midfielder,8,0,0,-1,,,,1,356408,6,356408.0,3420.0,57',2025-08-26 05:03:30
13086,725965,20301,away,1,3-4-3,1,1,18,293925,Jacob Bergstrom,Forward,9,0,0,-1,,,,0,0,-1,,,,2025-08-26 05:03:30
13086,725965,20301,away,1,3-4-3,1,1,10,305758,Jeppe Kjaer Jensen,Center Right Forward,10,0,0,-1,,,,1,346501,27,346501.0,3960.0,66',2025-08-26 05:03:30
13086,725965,20301,away,1,3-4-3,1,1,19,380320,Abdoulie Manneh,Center Left Forward,11,0,0,-1,,,,1,269109,11,269109.0,3960.0,66',2025-08-26 05:03:30
13086,725965,20301,away,1,3-4-3,1,0,21,303653,Adam Petersson,Substitute,0,0,0,-1,,,,0,0,-1,,,,2025-08-26 05:03:30
13086,725965,20301,away,1,3-4-3,1,0,11,269109,Timo Stavitski,Substitute,0,1,380320,19,380320.0,3960.0,66',0,0,-1,,,,2025-08-26 05:03:30
13086,725965,20301,away,1,3-4-3,1,0,33,342493,Tony Miettinen,Substitute,0,1,172917,24,172917.0,2700.0,45',0,0,-1,,,,2025-08-26 05:03:30
13086,725965,20301,away,1,3-4-3,1,0,27,346501,Ludvig Tidstrand,Substitute,0,1,305758,10,305758.0,3960.0,66',0,0,-1,,,,2025-08-26 05:03:30
13086,725965,20301,away,1,3-4-3,1,0,16,301382,Alexander Johansson,Substitute,0,1,357145,17,357145.0,5040.0,84',0,0,-1,,,,2025-08-26 05:03:30
13086,725965,20301,away,1,3-4-3,1,0,6,356408,Ludwig Malachowski,Substitute,0,1,389637,39,389637.0,3420.0,57',0,0,-1,,,,2025-08-26 05:03:30
13086,725965,20301,away,1,3-4-3,1,0,26,357118,Uba Charles,Substitute,0,0,0,-1,,,,0,0,-1,,,,2025-08-26 05:03:30
13086,725965,20301,away,1,3-4-3,1,0,35,151931,Alexander Lundin,Substitute,0,0,0,-1,,,,0,0,-1,,,,2025-08-26 05:03:30
13086,725965,20301,away,1,3-4-3,1,0,3,382147,Christian Tchouante,Substitute,0,0,0,-1,,,,0,0,-1,,,,2025-08-26 05:03:30
13086,725966,2720,home,0,4-4-2,1,1,33,307800,Melker Ellborg,Goalkeeper,1,0,0,-1,,,,0,0,-1,,,,2025-08-25 04:55:46
13086,725966,2720,home,0,4-4-2,1,1,17,193186,Jens Stryger Larsen,Right Back,2,0,0,-1,,,,0,0,-1,,,,2025-08-25 04:55:46
13086,725966,2720,home,0,4-4-2,1,1,25,301219,Busanello,Left Back,3,0,0,-1,,,,0,0,-1,,,,2025-08-25 04:55:46
13086,725966,2720,home,0,4-4-2,1,1,23,286434,Lasse Berg Johnsen,Center Right Midfielder,4,0,0,-1,,,,0,0,-1,,,,2025-08-25 04:55:46
13086,725966,2720,home,0,4-4-2,1,1,18,135579,Pontus Jansson,Center Right Defender,5,0,0,-1,,,,0,0,-1,,,,2025-08-25 04:55:46
13086,725966,2720,home,0,4-4-2,1,1,5,312108,Andrej Duric,Center Left Defender,6,0,0,-1,,,,0,0,-1,,,,2025-08-25 04:55:46
13086,725966,2720,home,0,4-4-2,1,1,15,346284,Salifou Soumah,Right Midfielder,7,0,0,-1,,,,1,314164,22,314164.0,3360.0,56',2025-08-25 04:55:46
13086,725966,2720,home,0,4-4-2,1,1,37,364698,Adrian Skogmar,Center Left Midfielder,8,0,0,-1,,,,1,138055,16,138055.0,4320.0,72',2025-08-25 04:55:46
13086,725966,2720,home,0,4-4-2,1,1,11,308880,Emmanuel Ekong,Center Left Forward,9,0,0,-1,,,,1,360023,32,360023.0,3360.0,56',2025-08-25 04:55:46
13086,725966,2720,home,0,4-4-2,1,1,10,149538,Anders Christiansen,Center Right Forward,10,0,0,-1,,,,1,218450,29,218450.0,2700.0,45',2025-08-25 04:55:46
13086,725966,2720,home,0,4-4-2,1,1,38,330239,Hugo Bolin,Left Midfielder,11,0,0,-1,,,,1,255228,8,255228.0,1740.0,29',2025-08-25 04:55:46
13086,725966,2720,home,0,4-4-2,1,0,32,360023,Daniel Gudjohnsen,Substitute,0,1,308880,11,308880.0,3360.0,56',0,0,-1,,,,2025-08-25 04:55:46
13086,725966,2720,home,0,4-4-2,1,0,22,314164,Taha Ali,Substitute,0,1,346284,15,346284.0,3360.0,56',0,0,-1,,,,2025-08-25 04:55:46
13086,725966,2720,home,0,4-4-2,1,0,19,279135,Colin Rösler,Substitute,0,0,0,-1,,,,0,0,-1,,,,2025-08-25 04:55:46
13086,725966,2720,home,0,4-4-2,1,0,8,255228,Arnór Sigurdsson,Substitute,0,1,330239,38,330239.0,1740.0,29',0,0,-1,,,,2025-08-25 04:55:46
13086,725966,2720,home,0,4-4-2,1,0,29,218450,Sead Haksabanovic,Substitute,0,1,149538,10,149538.0,2700.0,45',0,0,-1,,,,2025-08-25 04:55:46
13086,725966,2720,home,0,4-4-2,1,0,40,381395,Kenan Busuladzic,Substitute,0,0,0,-1,,,,0,0,-1,,,,2025-08-25 04:55:46
13086,725966,2720,home,0,4-4-2,1,0,16,138055,Oliver Berg,Substitute,0,1,364698,37,364698.0,4320.0,72',0,0,-1,,,,2025-08-25 04:55:46
13086,725966,2720,home,0,4-4-2,1,0,50,22706,Joakim Persson,Substitute,0,0,0,-1,,,,0,0,-1,,,,2025-08-25 04:55:46
13086,725966,2720,home,0,4-4-2,1,0,2,9101,Johan Karlsson,Substitute,0,0,0,-1,,,,0,0,-1,,,,2025-08-25 04:55:46
13086,725966,2556,away,0,4-1-4-1,1,1,25,359784,Elis Bishesari,Goalkeeper,1,0,0,-1,,,,0,0,-1,,,,2025-08-25 04:55:46
13086,725966,2556,away,0,4-1-4-1,1,1,29,343958,Thomas Santos,Right Back,2,0,0,-1,,,,0,0,-1,,,,2025-08-25 04:55:46
13086,725966,2556,away,0,4-1-4-1,1,1,22,383948,Noah Tolf,Left Back,3,0,0,-1,,,,0,0,-1,,,,2025-08-25 04:55:46
13086,725966,2556,away,0,4-1-4-1,1,1,15,307947,David Kruse,Defensive Midfielder,4,0,0,-1,,,,0,0,-1,,,,2025-08-25 04:55:46
13086,725966,2556,away,0,4-1-4-1,1,1,5,220974,Jonas Bager,Center Right Defender,5,0,0,-1,,,,1,366598,4,366598.0,5340.0,89',2025-08-25 04:55:46
13086,725966,2556,away,0,4-1-4-1,1,1,3,241163,August Erlingmark,Center Left Defender,6,0,0,-1,,,,0,0,-1,,,,2025-08-25 04:55:46
13086,725966,2556,away,0,4-1-4-1,1,1,11,297099,Saidou Alioum Moubarak,Right Midfielder,7,0,0,-1,,,,1,297985,8,297985.0,3660.0,61',2025-08-25 04:55:46
13086,725966,2556,away,0,4-1-4-1,1,1,23,289882,Kolbeinn Thordarson,Center Right Midfielder,8,0,0,-1,,,,0,0,-1,,,,2025-08-25 04:55:46
13086,725966,2556,away,0,4-1-4-1,1,1,9,303768,Max Fenger,Forward,9,0,0,-1,,,,0,0,-1,,,,2025-08-25 04:55:46
13086,725966,2556,away,0,4-1-4-1,1,1,14,219163,Tobias Heintz,Center Left Midfielder,10,0,0,-1,,,,0,0,-1,,,,2025-08-25 04:55:46
13086,725966,2556,away,0,4-1-4-1,1,1,7,390390,Sebastian Clemmensen,Left Midfielder,11,0,0,-1,,,,1,83736,13,83736.0,4980.0,83',2025-08-25 04:55:46
13086,725966,2556,away,0,4-1-4-1,1,0,1,235504,Pontus Dahlberg,Substitute,0,0,0,-1,,,,0,0,-1,,,,2025-08-25 04:55:46
13086,725966,2556,away,0,4-1-4-1,1,0,27,401205,Alfons Borén,Substitute,0,0,0,-1,,,,0,0,-1,,,,2025-08-25 04:55:46
13086,725966,2556,away,0,4-1-4-1,1,0,4,366598,Rockson Yeboah,Substitute,0,1,220974,5,220974.0,5340.0,89',0,0,-1,,,,2025-08-25 04:55:46
13086,725966,2556,away,0,4-1-4-1,1,0,18,349811,Felix Eriksson,Substitute,0,0,0,-1,,,,0,0,-1,,,,2025-08-25 04:55:46
13086,725966,2556,away,0,4-1-4-1,1,0,16,343826,Linus Carlstrand,Substitute,0,0,0,-1,,,,0,0,-1,,,,2025-08-25 04:55:46
13086,725966,2556,away,0,4-1-4-1,1,0,8,297985,Imam Jagne,Substitute,0,1,297099,11,297099.0,3660.0,61',0,0,-1,,,,2025-08-25 04:55:46
13086,725966,2556,away,0,4-1-4-1,1,0,13,83736,Gustav Svensson,Substitute,0,1,390390,7,390390.0,4980.0,83',0,0,-1,,,,2025-08-25 04:55:46
13086,725967,8547,home,1,4-2-3-1,1,1,34,325348,David Celic,Goalkeeper,1,0,0,-1,,,,0,0,-1,,,,2025-08-25 04:55:46
13086,725967,8547,home,1,4-2-3-1,1,1,2,235919,Henrik Castegren,Right Back,2,0,0,-1,,,,0,0,-1,,,,2025-08-25 04:55:46
13086,725967,8547,home,1,4-2-3-1,1,1,22,243517,Oscar Krusnell,Left Back,3,0,0,-1,,,,1,235518,21,235518.0,5160.0,86',2025-08-25 04:55:46
13086,725967,8547,home,1,4-2-3-1,1,1,17,15527,Marcus Lindberg,Left Midfielder,4,0,0,-1,,,,0,0,-1,,,,2025-08-25 04:55:46
13086,725967,8547,home,1,4-2-3-1,1,1,15,186504,Simon Sandberg,Center Right Defender,5,0,0,-1,,,,0,0,-1,,,,2025-08-25 04:55:46
13086,725967,8547,home,1,4-2-3-1,1,1,4,366597,Tobias Anker,Center Left Defender,6,0,0,-1,,,,0,0,-1,,,,2025-08-25 04:55:46
13086,725967,8547,home,1,4-2-3-1,1,1,7,22706,Joakim Persson,Attacking Midfielder Right,7,0,0,-1,,,,1,309271,19,309271.0,5400.0,90'+3',2025-08-25 04:55:46
13086,725967,8547,home,1,4-2-3-1,1,1,10,358564,Melker Heier,Right Midfielder,8,0,0,-1,,,,0,0,-1,,,,2025-08-25 04:55:46
13086,725967,8547,home,1,4-2-3-1,1,1,9,322993,Robbie Ure,Forward,9,0,0,-1,,,,0,0,-1,,,,2025-08-25 04:55:46
13086,725967,8547,home,1,4-2-3-1,1,1,14,323176,Leo Walta,Attacking Midfielder,10,0,0,-1,,,,1,315677,18,315677.0,5400.0,90'+3',2025-08-25 04:55:46
13086,725967,8547,home,1,4-2-3-1,1,1,29,344867,Isak Bjerkebo,Attacking Midfielder Left,11,0,0,-1,,,,1,401059,24,401059.0,3840.0,64',2025-08-25 04:55:46
13086,725967,8547,home,1,4-2-3-1,1,0,16,322919,Herman Sjögrell,Substitute,0,0,0,-1,,,,0,0,-1,,,,2025-08-25 04:55:46
13086,725967,8547,home,1,4-2-3-1,1,0,21,235518,Dennis Widgren,Substitute,0,1,243517,22,243517.0,5160.0,86',0,0,-1,,,,2025-08-25 04:55:46
13086,725967,8547,home,1,4-2-3-1,1,0,3,299250,Bogdan Milovanov,Substitute,0,0,0,-1,,,,0,0,-1,,,,2025-08-25 04:55:46
13086,725967,8547,home,1,4-2-3-1,1,0,19,309271,Noel Milleskog,Substitute,0,1,22706,7,22706.0,5400.0,90'+3',0,0,-1,,,,2025-08-25 04:55:46
13086,725967,8547,home,1,4-2-3-1,1,0,1,313973,Ismael Diawara,Substitute,0,0,0,-1,,,,0,0,-1,,,,2025-08-25 04:55:46
13086,725967,8547,home,1,4-2-3-1,1,0,18,315677,Adam Wikman,Substitute,0,1,323176,14,323176.0,5400.0,90'+3',0,0,-1,,,,2025-08-25 04:55:46
13086,725967,8547,home,1,4-2-3-1,1,0,24,401059,Victor Svensson,Substitute,0,1,344867,29,344867.0,3840.0,64',0,0,-1,,,,2025-08-25 04:55:46
13086,725967,8547,home,1,4-2-3-1,1,0,36,359495,August Ljungberg,Substitute,0,0,0,-1,,,,0,0,-1,,,,2025-08-25 04:55:46
13086,725967,8547,home,1,4-2-3-1,1,0,20,382138,Victor Ekström,Substitute,0,0,0,-1,,,,0,0,-1,,,,2025-08-25 04:55:46
13086,725967,2495,away,0,4-4-2,1,1,1,170727,Warner Hahn,Goalkeeper,1,0,0,-1,,,,0,0,-1,,,,2025-08-25 04:55:46
13086,725967,2495,away,0,4-4-2,1,1,2,382504,Hampus Skoglund,Right Back,2,0,0,-1,,,,1,313464,17,,,,2025-08-25 04:55:46
13086,725967,2495,away,0,4-4-2,1,1,19,251758,Shaquille Pinas,Left Back,3,0,0,-1,,,,0,0,-1,,,,2025-08-25 04:55:46
13086,725967,2495,away,0,4-4-2,1,1,8,22967,Markus Karlsson,Center Right Midfielder,4,0,0,-1,,,,1,344869,28,344869.0,3480.0,58',2025-08-25 04:55:46
13086,725967,2495,away,0,4-4-2,1,1,4,334038,Victor Eriksson,Center Right Defender,5,0,0,-1,,,,0,0,-1,,,,2025-08-25 04:55:46
13086,725967,2495,away,0,4-4-2,1,1,6,249160,Pavle Vagic,Center Left Defender,6,0,0,-1,,,,0,0,-1,,,,2025-08-25 04:55:46
13086,725967,2495,away,0,4-4-2,1,1,26,312880,Montader Madjed,Right Midfielder,7,0,0,-1,,,,1,378936,23,378936.0,4800.0,80',2025-08-25 04:55:46
13086,725967,2495,away,0,4-4-2,1,1,5,218436,Tesfaldet Tekie,Center Left Midfielder,8,0,0,-1,,,,0,0,-1,,,,2025-08-25 04:55:46
13086,725967,2495,away,0,4-4-2,1,1,20,143585,Nahir Besara,Center Left Forward,9,0,0,-1,,,,0,0,-1,,,,2025-08-25 04:55:46
13086,725967,2495,away,0,4-4-2,1,1,11,205374,Oscar Johansson Schellhas,Center Right Forward,10,0,0,-1,,,,1,315675,9,315675.0,3480.0,58',2025-08-25 04:55:46
13086,725967,2495,away,0,4-4-2,1,1,18,303702,Sebastian Tounekti,Left Midfielder,11,0,0,-1,,,,1,303670,7,303670.0,3480.0,58',2025-08-25 04:55:46
13086,725967,2495,away,0,4-4-2,1,0,23,378936,Obilor Okeke,Substitute,0,1,312880,26,312880.0,4800.0,80',0,0,-1,,,,2025-08-25 04:55:46
13086,725967,2495,away,0,4-4-2,1,0,21,269195,Simon Strand,Substitute,0,0,0,-1,,,,0,0,-1,,,,2025-08-25 04:55:46
13086,725967,2495,away,0,4-4-2,1,0,3,272714,Frederik Winther,Substitute,0,0,0,-1,,,,0,0,-1,,,,2025-08-25 04:55:46
13086,725967,2495,away,0,4-4-2,1,0,27,301372,Felix Jakobsson,Substitute,0,0,0,-1,,,,0,0,-1,,,,2025-08-25 04:55:46
13086,725967,2495,away,0,4-4-2,1,0,7,303670,Paulos Abraham,Substitute,0,1,303702,18,303702.0,3480.0,58',0,0,-1,,,,2025-08-25 04:55:46
13086,725967,2495,away,0,4-4-2,1,0,17,313464,Ibrahima Fofana,Substitute,0,1,382504,2,382504.0,3480.0,58',0,0,-1,,,,2025-09-22 05:10:02
13086,725967,2495,away,0,4-4-2,1,0,9,315675,Jusef Erabi,Substitute,0,1,205374,11,205374.0,3480.0,58',0,0,-1,,,,2025-08-25 04:55:46
13086,725967,2495,away,0,4-4-2,1,0,28,344869,Frank Junior Adjei,Substitute,0,1,22967,8,22967.0,3480.0,58',0,0,-1,,,,2025-08-25 04:55:46
13086,725967,2495,away,0,4-4-2,1,0,15,380970,Adrian Lahdo,Substitute,0,0,0,-1,,,,0,0,-1,,,,2025-08-25 04:55:46
13086,725968,21382,home,0,4-4-2,1,1,1,277177,Hugo Keto,Goalkeeper,1,0,0,-1,,,,0,0,-1,,,,2025-08-25 04:55:46
13086,725968,21382,home,0,4-4-2,1,1,2,380552,Johan Rapp,Right Back,2,0,0,-1,,,,0,0,-1,,,,2025-08-25 04:55:46
13086,725968,21382,home,0,4-4-2,1,1,3,272272,Axel Björnström,Left Back,3,0,0,-1,,,,0,0,-1,,,,2025-08-25 04:55:46
13086,725968,21382,home,0,4-4-2,1,1,11,187920,Kent-Are Antonsen,Center Right Midfielder,4,0,0,-1,,,,1,386317,16,386317.0,4260.0,71',2025-08-25 04:55:46
13086,725968,21382,home,0,4-4-2,1,1,6,267616,Hugo Andersson,Center Right Defender,5,0,0,-1,,,,0,0,-1,,,,2025-08-25 04:55:46
13086,725968,21382,home,0,4-4-2,1,1,24,357202,Emin Grozdanic,Center Left Defender,6,0,0,-1,,,,0,0,-1,,,,2025-08-25 04:55:46
13086,725968,21382,home,0,4-4-2,1,1,25,312873,Noah Shamoun,Right Midfielder,7,0,0,-1,,,,1,334035,5,334035.0,4800.0,80',2025-08-25 04:55:46
13086,725968,21382,home,0,4-4-2,1,1,8,366595,Otso Liimatta,Center Left Midfielder,8,0,0,-1,,,,1,185955,15,185955.0,4800.0,80',2025-08-25 04:55:46
13086,725968,21382,home,0,4-4-2,1,1,14,153631,Marcus Antonsson,Center Left Forward,9,0,0,-1,,,,0,0,-1,,,,2025-08-25 04:55:46
13086,725968,21382,home,0,4-4-2,1,1,9,341437,Kai Meriluoto,Center Right Forward,10,0,0,-1,,,,0,0,-1,,,,2025-08-25 04:55:46
13086,725968,21382,home,0,4-4-2,1,1,10,345479,Ajdin Zeljkovic,Left Midfielder,11,0,0,-1,,,,1,193351,7,193351.0,4320.0,72',2025-08-25 04:55:46
13086,725968,21382,home,0,4-4-2,1,0,31,409510,Adin Tihic,Substitute,0,0,0,-1,,,,0,0,-1,,,,2025-08-25 04:55:46
13086,725968,21382,home,0,4-4-2,1,0,20,334028,Freddy Winsth,Substitute,0,0,0,-1,,,,0,0,-1,,,,2025-08-25 04:55:46
13086,725968,21382,home,0,4-4-2,1,0,21,303750,Abdulrazaq Ishaq,Substitute,0,0,0,-1,,,,0,0,-1,,,,2025-08-25 04:55:46
13086,725968,21382,home,0,4-4-2,1,0,7,193351,Carl Johansson,Substitute,0,1,345479,10,345479.0,4320.0,72',0,0,-1,,,,2025-08-25 04:55:46
13086,725968,21382,home,0,4-4-2,1,0,15,185955,Pawel Cibicki,Substitute,0,1,366595,8,366595.0,4800.0,80',0,0,-1,,,,2025-08-25 04:55:46
13086,725968,21382,home,0,4-4-2,1,0,22,158993,Simon Thern,Substitute,0,0,0,-1,,,,0,0,-1,,,,2025-08-25 04:55:46
13086,725968,21382,home,0,4-4-2,1,0,5,334035,Victor Larsson,Substitute,0,1,312873,25,312873.0,4800.0,80',0,0,-1,,,,2025-08-25 04:55:46
13086,725968,21382,home,0,4-4-2,1,0,18,381397,Mohammad Alsalkhadi,Substitute,0,0,0,-1,,,,0,0,-1,,,,2025-08-25 04:55:46
13086,725968,21382,home,0,4-4-2,1,0,16,386317,Antonio Kujundzic,Substitute,0,1,187920,11,187920.0,4260.0,71',0,0,-1,,,,2025-08-25 04:55:46
13086,725968,7834,away,1,4-2-3-1,1,1,99,125312,Etrit Berisha,Goalkeeper,1,0,0,-1,,,,0,0,-1,,,,2025-08-25 04:55:46
13086,725968,7834,away,1,4-2-3-1,1,1,11,378812,Julius Lindberg,Right Back,2,0,0,-1,,,,0,0,-1,,,,2025-08-25 04:55:46
13086,725968,7834,away,1,4-2-3-1,1,1,13,361537,Sigge Jansson,Left Back,3,0,0,-1,,,,0,0,-1,,,,2025-08-25 04:55:46
13086,725968,7834,away,1,4-2-3-1,1,1,8,355408,Silas Andersen,Left Midfielder,4,0,0,-1,,,,0,0,-1,,,,2025-08-25 04:55:46
13086,725968,7834,away,1,4-2-3-1,1,1,44,393324,Harry Hilvenius,Center Right Defender,5,0,0,-1,,,,0,0,-1,,,,2025-08-25 04:55:46
13086,725968,7834,away,1,4-2-3-1,1,1,23,336672,Olle Samuelsson,Center Left Defender,6,0,0,-1,,,,1,271086,4,271086.0,3480.0,58',2025-08-25 04:55:46
13086,725968,7834,away,1,4-2-3-1,1,1,16,357139,Pontus Dahbo,Attacking Midfielder Right,7,0,0,-1,,,,1,185916,14,185916.0,2700.0,45',2025-08-25 04:55:46
13086,725968,7834,away,1,4-2-3-1,1,1,15,356369,Samuel Leach Holm,Right Midfielder,8,0,0,-1,,,,0,0,-1,,,,2025-08-25 04:55:46
13086,725968,7834,away,1,4-2-3-1,1,1,19,366143,John Paul Dembe,Forward,9,0,0,-1,,,,0,0,-1,,,,2025-08-25 04:55:46
13086,725968,7834,away,1,4-2-3-1,1,1,39,364749,Isak Brusberg,Attacking Midfielder,10,0,0,-1,,,,1,407050,20,407050.0,2700.0,45',2025-08-25 04:55:46
13086,725968,7834,away,1,4-2-3-1,1,1,18,357023,Danilo Al-Saed,Attacking Midfielder Left,11,0,0,-1,,,,1,366829,29,366829.0,3720.0,62',2025-08-25 04:55:46
13086,725968,7834,away,1,4-2-3-1,1,0,20,407050,Adrian Svanbäck,Substitute,0,1,364749,39,364749.0,2700.0,45',0,0,-1,,,,2025-08-25 04:55:46
13086,725968,7834,away,1,4-2-3-1,1,0,29,366829,Severin Nioule,Substitute,0,1,357023,18,357023.0,3720.0,62',0,0,-1,,,,2025-08-25 04:55:46
13086,725968,7834,away,1,4-2-3-1,1,0,7,343960,Sanders Ngabo,Substitute,0,0,0,-1,,,,0,0,-1,,,,2025-08-25 04:55:46
13086,725968,7834,away,1,4-2-3-1,1,0,24,271087,Amor Layouni,Substitute,0,0,0,-1,,,,0,0,-1,,,,2025-08-25 04:55:46
13086,725968,7834,away,1,4-2-3-1,1,0,1,177546,Andreas Linde,Substitute,0,0,0,-1,,,,0,0,-1,,,,2025-08-25 04:55:46
13086,725968,7834,away,1,4-2-3-1,1,0,14,185916,Simon Gustafson,Substitute,0,1,357139,16,357139.0,2700.0,45',0,0,-1,,,,2025-08-25 04:55:46
13086,725968,7834,away,1,4-2-3-1,1,0,21,194293,Adam Lundkvist,Substitute,0,0,0,-1,,,,0,0,-1,,,,2025-08-25 04:55:46
13086,725968,7834,away,1,4-2-3-1,1,0,10,239184,Mikkel Rygaard,Substitute,0,0,0,-1,,,,0,0,-1,,,,2025-08-25 04:55:46
13086,725968,7834,away,1,4-2-3-1,1,0,4,271086,Marius Lode,Substitute,0,1,336672,23,336672.0,3480.0,58',0,0,-1,,,,2025-08-25 04:55:46
13086,725969,2936,home,0,4-3-3,1,1,13,400366,Robin Wallinder,Goalkeeper,1,0,0,-1,,,,0,0,-1,,,,2025-08-26 05:03:30
13086,725969,2936,home,0,4-3-3,1,1,33,354345,Tatu Varmanen,Right Back,2,0,0,-1,,,,1,349204,16,349204.0,5220.0,87',2025-08-26 05:03:30
13086,725969,2936,home,0,4-3-3,1,1,21,400371,Lars Bergquist,Left Back,3,0,0,-1,,,,0,0,-1,,,,2025-08-26 05:03:30
13086,725969,2936,home,0,4-3-3,1,1,8,385181,Daniel Ask,Center Midfielder,4,0,0,-1,,,,1,238868,26,238868.0,3480.0,58',2025-08-26 05:03:30
13086,725969,2936,home,0,4-3-3,1,1,5,354352,Mattis Adolfsson,Center Right Defender,5,0,0,-1,,,,0,0,-1,,,,2025-08-26 05:03:30
13086,725969,2936,home,0,4-3-3,1,1,15,316395,Ivan Kricak,Center Left Defender,6,0,0,-1,,,,0,0,-1,,,,2025-08-26 05:03:30
13086,725969,2936,home,0,4-3-3,1,1,6,307747,Noah Soderberg,Right Midfielder,7,0,0,-1,,,,1,222639,23,222639.0,3540.0,59',2025-08-26 05:03:30
13086,725969,2936,home,0,4-3-3,1,1,7,275993,Anssi Suhonen,Left Midfielder,8,0,0,-1,,,,0,0,-1,,,,2025-08-26 05:03:30
13086,725969,2936,home,0,4-3-3,1,1,34,332413,Joel Voelkerling Persson,Forward,9,0,0,-1,,,,1,162497,29,162497.0,1980.0,33',2025-08-26 05:03:30
13086,725969,2936,home,0,4-3-3,1,1,10,334005,Oscar Uddenas,Right Forward,10,0,0,-1,,,,1,312874,24,312874.0,3540.0,59',2025-08-26 05:03:30
13086,725969,2936,home,0,4-3-3,1,1,18,311161,Daniel Ljung,Left Forward,11,0,0,-1,,,,0,0,-1,,,,2025-08-26 05:03:30
13086,725969,2936,home,0,4-3-3,1,0,32,400368,Carl Lundahl Persson,Substitute,0,0,0,-1,,,,0,0,-1,,,,2025-08-26 05:03:30
13086,725969,2936,home,0,4-3-3,1,0,14,173508,Dennis Olsson,Substitute,0,0,0,-1,,,,0,0,-1,,,,2025-08-26 05:03:30
13086,725969,2936,home,0,4-3-3,1,0,29,162497,Chris Kouakou,Substitute,0,1,332413,34,332413.0,1980.0,33',0,0,-1,,,,2025-09-24 05:11:23
13086,725969,2936,home,0,4-3-3,1,0,24,312874,Patriot Sejdiu,Substitute,0,1,334005,10,334005.0,3540.0,59',0,0,-1,,,,2025-08-26 05:03:30
13086,725969,2936,home,0,4-3-3,1,0,23,222639,Vladimir Rodic,Substitute,0,1,307747,6,307747.0,3540.0,59',0,0,-1,,,,2025-08-26 05:03:30
13086,725969,2936,home,0,4-3-3,1,0,4,238435,Sebastian Starke Hedlund,Substitute,0,0,0,-1,,,,0,0,-1,,,,2025-08-26 05:03:30
13086,725969,2936,home,0,4-3-3,1,0,16,349204,Raymond Adjei,Substitute,0,1,354345,33,354345.0,5220.0,87',0,0,-1,,,,2025-08-26 05:03:30
13086,725969,2936,home,0,4-3-3,1,0,19,289844,Matias Tamminen,Substitute,0,0,0,-1,,,,0,0,-1,,,,2025-08-26 05:03:30
13086,725969,2936,home,0,4-3-3,1,0,26,238868,Magnus Christensen,Substitute,0,1,385181,8,385181.0,3480.0,58',0,0,-1,,,,2025-08-26 05:03:30
13086,725969,8544,away,1,4-2-3-1,1,1,40,19242,David Andersson,Goalkeeper,1,0,0,-1,,,,1,380189,30,380189.0,2460.0,41',2025-08-26 05:03:30
13086,725969,8544,away,1,4-2-3-1,1,1,37,345975,Moutaz Neffati,Right Back,2,0,0,-1,,,,0,0,-1,,,,2025-08-26 05:03:30
13086,725969,8544,away,1,4-2-3-1,1,1,3,359167,Marcus Baggesen,Left Back,3,0,0,-1,,,,0,0,-1,,,,2025-08-26 05:03:30
13086,725969,8544,away,1,4-2-3-1,1,1,25,364988,Kevin Höög Jansson,Left Midfielder,4,0,0,-1,,,,0,0,-1,,,,2025-08-26 05:03:30
13086,725969,8544,away,1,4-2-3-1,1,1,4,356374,Amadeus Sögaard,Center Right Defender,5,0,0,-1,,,,0,0,-1,,,,2025-08-26 05:03:30
13086,725969,8544,away,1,4-2-3-1,1,1,19,238431,Max Watson,Center Left Defender,6,0,0,-1,,,,0,0,-1,,,,2025-08-26 05:03:30
13086,725969,8544,away,1,4-2-3-1,1,1,10,188022,David Moberg-Karlsson,Attacking Midfielder Right,7,0,0,-1,,,,1,389749,28,389749.0,4320.0,72',2025-08-26 05:03:30
13086,725969,8544,away,1,4-2-3-1,1,1,7,232279,Alexander Fransson,Right Midfielder,8,0,0,-1,,,,0,0,-1,,,,2025-08-26 05:03:30
13086,725969,8544,away,1,4-2-3-1,1,1,5,158978,Christoffer Nyman,Forward,9,0,0,-1,,,,0,0,-1,,,,2025-08-26 05:03:30
13086,725969,8544,away,1,4-2-3-1,1,1,9,230353,Arnór Traustason,Attacking Midfielder,10,0,0,-1,,,,1,287215,22,287215.0,4740.0,79',2025-08-26 05:03:30
13086,725969,8544,away,1,4-2-3-1,1,1,8,321404,Ísak Andri Sigurgeirsson,Attacking Midfielder Left,11,0,0,-1,,,,1,334015,24,334015.0,5280.0,88',2025-08-26 05:03:30
13086,725969,8544,away,1,4-2-3-1,1,0,32,404755,William Bergman,Substitute,0,0,0,-1,,,,0,0,-1,,,,2025-08-26 05:03:30
13086,725969,8544,away,1,4-2-3-1,1,0,28,389749,Åke Andersson,Substitute,0,1,188022,10,188022.0,4320.0,72',0,0,-1,,,,2025-08-26 05:03:30
13086,725969,8544,away,1,4-2-3-1,1,0,18,400219,Jónatan Gudni Arnarsson,Substitute,0,0,0,-1,,,,0,0,-1,,,,2025-08-26 05:03:30
13086,725969,8544,away,1,4-2-3-1,1,0,20,400367,Axel Brönner,Substitute,0,0,0,-1,,,,0,0,-1,,,,2025-08-26 05:03:30
13086,725969,8544,away,1,4-2-3-1,1,0,30,380189,Theo Krantz,Substitute,0,1,19242,40,19242.0,2460.0,41',0,0,-1,,,,2025-08-26 05:03:30
13086,725969,8544,away,1,4-2-3-1,1,0,31,329668,Jesper Lindvall,Substitute,0,0,0,-1,,,,0,0,-1,,,,2025-08-26 05:03:30
13086,725969,8544,away,1,4-2-3-1,1,0,14,306290,Yahya Kalley,Substitute,0,0,0,-1,,,,0,0,-1,,,,2025-08-26 05:03:30
13086,725969,8544,away,1,4-2-3-1,1,0,22,287215,Tim Prica,Substitute,0,1,230353,9,230353.0,4740.0,79',0,0,-1,,,,2025-08-26 05:03:30
13086,725969,8544,away,1,4-2-3-1,1,0,24,334015,Anton Eriksson,Substitute,0,1,321404,8,321404.0,5280.0,88',0,0,-1,,,,2025-08-26 05:03:30
13086,725970,994,home,1,5-4-1,1,1,15,133993,Kristoffer Nordfeldt,Goalkeeper,1,0,0,-1,,,,0,0,-1,,,,2025-09-01 05:08:47
13086,725970,994,home,1,5-4-1,1,1,17,229692,Mads Thychosen,Right Back,2,0,0,-1,,,,0,0,-1,,,,2025-09-01 05:08:47
13086,725970,994,home,1,5-4-1,1,1,2,312931,Eskil Edh,Left Back,3,0,0,-1,,,,0,0,-1,,,,2025-09-01 05:08:47
13086,725970,994,home,1,5-4-1,1,1,3,258904,Thomas Isherwood,Center Left Defender,4,0,0,-1,,,,0,0,-1,,,,2025-09-01 05:08:47
13086,725970,994,home,1,5-4-1,1,1,4,223140,Sotiris Papagiannopoulos,Center Defender,5,0,0,-1,,,,0,0,-1,,,,2025-09-01 05:08:47
13086,725970,994,home,1,5-4-1,1,1,32,222606,Filip Benkovic,Center Right Defender,6,0,0,-1,,,,0,0,-1,,,,2025-09-01 05:08:47
13086,725970,994,home,1,5-4-1,1,1,45,347636,Taha Ayari,Right Midfielder,7,0,0,-1,,,,1,357135,18,357135.0,3600.0,60',2025-09-01 05:08:47
13086,725970,994,home,1,5-4-1,1,1,7,193105,Anton Saletros,Center Right Midfielder,8,0,0,-1,,,,0,0,-1,,,,2025-09-01 05:08:47
13086,725970,994,home,1,5-4-1,1,1,20,364726,Erik Flataker,Forward,9,0,0,-1,,,,1,406318,29,406318.0,4440.0,74',2025-09-01 05:08:47
13086,725970,994,home,1,5-4-1,1,1,33,322466,Áron Csongvai,Center Left Midfielder,10,0,0,-1,,,,1,237759,19,237759.0,3600.0,60',2025-09-01 05:08:47
13086,725970,994,home,1,5-4-1,1,1,10,215152,Bersant Celina,Left Midfielder,11,0,0,-1,,,,1,406317,46,406317.0,4440.0,74',2025-09-01 05:08:47
13086,725970,994,home,1,5-4-1,1,0,30,218410,Kalle Joelsson,Substitute,0,0,0,-1,,,,0,0,-1,,,,2025-09-01 05:08:47
13086,725970,994,home,1,5-4-1,1,0,22,409497,Adrián Helm,Substitute,0,0,0,-1,,,,0,0,-1,,,,2025-09-01 05:08:47
13086,725970,994,home,1,5-4-1,1,0,36,407059,Zadok Yohanna,Substitute,0,0,0,-1,,,,0,0,-1,,,,2025-09-01 05:08:47
13086,725970,994,home,1,5-4-1,1,0,29,406318,Kevin Filling,Substitute,0,1,364726,20,364726.0,4440.0,74',0,0,-1,,,,2025-09-01 05:08:47
13086,725970,994,home,1,5-4-1,1,0,46,406317,Yannick Geiger,Substitute,0,1,215152,10,215152.0,4440.0,74',0,0,-1,,,,2025-09-01 05:08:47
13086,725970,994,home,1,5-4-1,1,0,18,357135,Abdihakim Ali,Substitute,0,1,347636,45,347636.0,3600.0,60',0,0,-1,,,,2025-09-01 05:08:47
13086,725970,994,home,1,5-4-1,1,0,14,356382,Fredrik Nissen,Substitute,0,0,0,-1,,,,0,0,-1,,,,2025-09-01 05:08:47
13086,725970,994,home,1,5-4-1,1,0,16,261614,Benjamin Hansen,Substitute,0,0,0,-1,,,,0,0,-1,,,,2025-09-01 05:08:47
13086,725970,994,home,1,5-4-1,1,0,19,237759,Dino Besirovic,Substitute,0,1,322466,33,322466.0,3600.0,60',0,0,-1,,,,2025-09-01 05:08:47
13086,725970,8547,away,0,4-3-3,1,1,34,325348,David Celic,Goalkeeper,1,0,0,-1,,,,0,0,-1,,,,2025-09-01 05:08:47
13086,725970,8547,away,0,4-3-3,1,1,2,235919,Henrik Castegren,Right Back,2,0,0,-1,,,,0,0,-1,,,,2025-09-01 05:08:47
13086,725970,8547,away,0,4-3-3,1,1,22,243517,Oscar Krusnell,Left Back,3,0,0,-1,,,,0,0,-1,,,,2025-09-01 05:08:47
13086,725970,8547,away,0,4-3-3,1,1,10,358564,Melker Heier,Center Midfielder,4,0,0,-1,,,,1,359495,36,359495.0,4980.0,83',2025-09-01 05:08:47
13086,725970,8547,away,0,4-3-3,1,1,15,186504,Simon Sandberg,Center Right Defender,5,0,0,-1,,,,1,322919,16,322919.0,5340.0,89',2025-09-01 05:08:47
13086,725970,8547,away,0,4-3-3,1,1,4,366597,Tobias Anker,Center Left Defender,6,0,0,-1,,,,0,0,-1,,,,2025-09-01 05:08:47
13086,725970,8547,away,0,4-3-3,1,1,14,323176,Leo Walta,Right Midfielder,7,0,0,-1,,,,0,0,-1,,,,2025-09-01 05:08:47
13086,725970,8547,away,0,4-3-3,1,1,17,15527,Marcus Lindberg,Left Midfielder,8,0,0,-1,,,,1,401059,24,401059.0,4320.0,72',2025-09-01 05:08:47
13086,725970,8547,away,0,4-3-3,1,1,9,322993,Robbie Ure,Forward,9,0,0,-1,,,,0,0,-1,,,,2025-09-01 05:08:47
13086,725970,8547,away,0,4-3-3,1,1,7,22706,Joakim Persson,Right Forward,10,0,0,-1,,,,0,0,-1,,,,2025-09-01 05:08:47
13086,725970,8547,away,0,4-3-3,1,1,29,344867,Isak Bjerkebo,Left Forward,11,0,0,-1,,,,1,309271,19,309271.0,4320.0,72',2025-09-01 05:08:47
13086,725970,8547,away,0,4-3-3,1,0,16,322919,Herman Sjögrell,Substitute,0,1,186504,15,186504.0,5340.0,89',0,0,-1,,,,2025-09-01 05:08:47
13086,725970,8547,away,0,4-3-3,1,0,18,315677,Adam Wikman,Substitute,0,0,0,-1,,,,0,0,-1,,,,2025-09-01 05:08:47
13086,725970,8547,away,0,4-3-3,1,0,24,401059,Victor Svensson,Substitute,0,1,15527,17,15527.0,4320.0,72',0,0,-1,,,,2025-09-01 05:08:47
13086,725970,8547,away,0,4-3-3,1,0,20,382138,Victor Ekström,Substitute,0,0,0,-1,,,,0,0,-1,,,,2025-09-01 05:08:47
13086,725970,8547,away,0,4-3-3,1,0,21,235518,Dennis Widgren,Substitute,0,0,0,-1,,,,0,0,-1,,,,2025-09-01 05:08:47
13086,725970,8547,away,0,4-3-3,1,0,36,359495,August Ljungberg,Substitute,0,1,358564,10,358564.0,4980.0,83',0,0,-1,,,,2025-09-01 05:08:47
13086,725970,8547,away,0,4-3-3,1,0,3,299250,Bogdan Milovanov,Substitute,0,0,0,-1,,,,0,0,-1,,,,2025-09-01 05:08:47
13086,725970,8547,away,0,4-3-3,1,0,19,309271,Noel Milleskog,Substitute,0,1,344867,29,344867.0,4320.0,72',0,0,-1,,,,2025-09-01 05:08:47
13086,725970,8547,away,0,4-3-3,1,0,1,313973,Ismael Diawara,Substitute,0,0,0,-1,,,,0,0,-1,,,,2025-09-01 05:08:47
13086,725971,2720,home,0,4-2-3-1,1,1,30,178176,Robin Olsen,Goalkeeper,1,0,0,-1,,,,0,0,-1,,,,2025-09-01 05:08:47
13086,725971,2720,home,0,4-2-3-1,1,1,17,193186,Jens Stryger Larsen,Right Back,2,0,0,-1,,,,0,0,-1,,,,2025-09-01 05:08:47
13086,725971,2720,home,0,4-2-3-1,1,1,25,301219,Busanello,Left Back,3,0,0,-1,,,,0,0,-1,,,,2025-09-01 05:08:47
13086,725971,2720,home,0,4-2-3-1,1,1,23,286434,Lasse Berg Johnsen,Left Midfielder,4,0,0,-1,,,,1,138055,16,138055.0,4140.0,69',2025-09-01 05:08:47
13086,725971,2720,home,0,4-2-3-1,1,1,19,279135,Colin Rösler,Center Right Defender,5,0,0,-1,,,,1,9101,2,9101.0,2160.0,36',2025-09-01 05:08:47
13086,725971,2720,home,0,4-2-3-1,1,1,5,312108,Andrej Duric,Center Left Defender,6,0,0,-1,,,,0,0,-1,,,,2025-09-01 05:08:47
13086,725971,2720,home,0,4-2-3-1,1,1,38,330239,Hugo Bolin,Attacking Midfielder Right,7,0,0,-1,,,,1,255228,8,255228.0,5100.0,85',2025-09-01 05:08:47
13086,725971,2720,home,0,4-2-3-1,1,1,37,364698,Adrian Skogmar,Right Midfielder,8,0,0,-1,,,,1,149538,10,149538.0,4140.0,69',2025-09-01 05:08:47
13086,725971,2720,home,0,4-2-3-1,1,1,32,360023,Daniel Gudjohnsen,Forward,9,0,0,-1,,,,0,0,-1,,,,2025-09-01 05:08:47
13086,725971,2720,home,0,4-2-3-1,1,1,7,315679,Otto Rosengren,Attacking Midfielder,10,0,0,-1,,,,1,194453,21,194453.0,4140.0,69',2025-09-01 05:08:47
13086,725971,2720,home,0,4-2-3-1,1,1,22,314164,Taha Ali,Attacking Midfielder Left,11,0,0,-1,,,,0,0,-1,,,,2025-09-01 05:08:47
13086,725971,2720,home,0,4-2-3-1,1,0,40,381395,Kenan Busuladzic,Substitute,0,0,0,-1,,,,0,0,-1,,,,2025-09-01 05:08:47
13086,725971,2720,home,0,4-2-3-1,1,0,33,307800,Melker Ellborg,Substitute,0,0,0,-1,,,,0,0,-1,,,,2025-09-01 05:08:47
13086,725971,2720,home,0,4-2-3-1,1,0,11,308880,Emmanuel Ekong,Substitute,0,0,0,-1,,,,0,0,-1,,,,2025-09-01 05:08:47
13086,725971,2720,home,0,4-2-3-1,1,0,2,9101,Johan Karlsson,Substitute,0,1,279135,19,279135.0,2160.0,36',0,0,-1,,,,2025-09-01 05:08:47
13086,725971,2720,home,0,4-2-3-1,1,0,16,138055,Oliver Berg,Substitute,0,1,286434,23,286434.0,4140.0,69',0,0,-1,,,,2025-09-01 05:08:47
13086,725971,2720,home,0,4-2-3-1,1,0,10,149538,Anders Christiansen,Substitute,0,1,364698,37,364698.0,4140.0,69',0,0,-1,,,,2025-09-01 05:08:47
13086,725971,2720,home,0,4-2-3-1,1,0,6,162738,Oscar Lewicki,Substitute,0,0,0,-1,,,,0,0,-1,,,,2025-09-01 05:08:47
13086,725971,2720,home,0,4-2-3-1,1,0,21,194453,Stefano Vecchia,Substitute,0,1,315679,7,315679.0,4140.0,69',0,0,-1,,,,2025-09-01 05:08:47
13086,725971,2720,home,0,4-2-3-1,1,0,8,255228,Arnór Sigurdsson,Substitute,0,1,330239,38,330239.0,5100.0,85',0,0,-1,,,,2025-09-01 05:08:47
13086,725971,20856,away,0,5-4-1,1,1,26,194803,Matvei Igonen,Goalkeeper,1,0,0,-1,,,,0,0,-1,,,,2025-09-01 05:08:47
13086,725971,20856,away,0,5-4-1,1,1,39,378634,Philippe Ndinga Ossibadjouo,Left Back,3,0,0,-1,,,,0,0,-1,,,,2025-09-01 05:08:47
13086,725971,20856,away,0,5-4-1,1,1,4,301367,Leon Hien,Center Left Defender,4,0,0,-1,,,,1,205158,7,205158.0,5040.0,84',2025-09-01 05:08:47
13086,725971,20856,away,0,5-4-1,1,1,15,324395,Nasiru Moro,Center Defender,5,0,0,-1,,,,1,255257,30,255257.0,5040.0,84',2025-09-01 05:08:47
13086,725971,20856,away,0,5-4-1,1,1,6,235489,Daniel Sundgren,Center Right Defender,6,0,0,-1,,,,0,0,-1,,,,2025-09-01 05:08:47
13086,725971,20856,away,0,5-4-1,1,1,21,325409,Kazper Karlsson,Right Midfielder,7,0,0,-1,,,,1,398190,9,398190.0,4680.0,78',2025-09-01 05:08:47
13086,725971,20856,away,0,5-4-1,1,1,11,218520,Christos Gravius,Center Right Midfielder,8,0,0,-1,,,,0,0,-1,,,,2025-09-01 05:08:47
13086,725971,20856,away,0,5-4-1,1,1,19,316173,Richie Omorowa,Forward,9,0,0,-1,,,,1,275575,29,275575.0,3660.0,61',2025-09-01 05:08:47
13086,725971,20856,away,0,5-4-1,1,1,17,304144,Armann Taranis,Center Left Midfielder,10,0,0,-1,,,,0,0,-1,,,,2025-09-01 05:08:47
13086,725971,20856,away,0,5-4-1,1,1,10,364830,Marcus Rafferty,Left Midfielder,11,0,0,-1,,,,0,0,-1,,,,2025-09-01 05:08:47
13086,725971,20856,away,0,5-4-1,1,0,9,398190,Adi Fisic,Substitute,0,1,325409,21,325409.0,4680.0,78',0,0,-1,,,,2025-09-01 05:08:47
13086,725971,20856,away,0,5-4-1,1,0,20,400141,Elias Barsoum,Substitute,0,0,0,-1,,,,0,0,-1,,,,2025-09-01 05:08:47
13086,725971,20856,away,0,5-4-1,1,0,24,402327,Hjalmar Smedberg,Substitute,0,0,0,-1,,,,0,0,-1,,,,2025-09-01 05:08:47
13086,725971,20856,away,0,5-4-1,1,0,30,255257,Bernardo Morgado,Substitute,0,1,324395,15,324395.0,5040.0,84',0,0,-1,,,,2025-09-01 05:08:47
13086,725971,20856,away,0,5-4-1,1,0,1,286770,Willie Jakobsson,Substitute,0,0,0,-1,,,,0,0,-1,,,,2025-09-01 05:08:47
13086,725971,20856,away,0,5-4-1,1,0,29,275575,Santeri Haarala,Substitute,0,1,316173,19,316173.0,3660.0,61',0,0,-1,,,,2025-09-01 05:08:47
13086,725971,20856,away,0,5-4-1,1,0,2,256567,Mamadouba Diaby,Substitute,0,0,0,-1,,,,0,0,-1,,,,2025-09-01 05:08:47
13086,725971,20856,away,0,5-4-1,1,0,22,334867,Dijan Vukojevic,Substitute,0,0,0,-1,,,,0,0,-1,,,,2025-09-01 05:08:47
13086,725971,20856,away,0,5-4-1,1,0,7,205158,Sebastian Ohlsson,Substitute,2,1,301367,4,301367.0,5040.0,84',0,0,-1,,,,2025-09-01 05:08:47
13086,725972,20301,home,1,3-4-3,1,1,1,301377,Noel Törnqvist,Goalkeeper,1,0,0,-1,,,,0,0,-1,,,,2025-08-31 05:05:28
13086,725972,20301,home,1,3-4-3,1,1,14,312876,Herman Johansson,Right Midfielder,2,0,0,-1,,,,0,0,-1,,,,2025-08-31 05:05:28
13086,725972,20301,home,1,3-4-3,1,1,11,269109,Timo Stavitski,Left Midfielder,3,0,0,-1,,,,1,293925,18,293925.0,2700.0,45',2025-08-31 05:05:28
13086,725972,20301,home,1,3-4-3,1,1,2,317238,Ludvig Svanberg,Center Left Defender,4,0,0,-1,,,,1,346501,27,346501.0,4080.0,68',2025-08-31 05:05:28
13086,725972,20301,home,1,3-4-3,1,1,4,306289,Axel Norén,Center Defender,5,0,0,-1,,,,0,0,-1,,,,2025-08-31 05:05:28
13086,725972,20301,home,1,3-4-3,1,1,33,342493,Tony Miettinen,Center Right Defender,6,0,0,-1,,,,0,0,-1,,,,2025-08-31 05:05:28
13086,725972,20301,home,1,3-4-3,1,1,7,303651,Viktor Gustafson,Center Right Midfielder,7,0,0,-1,,,,0,0,-1,,,,2025-08-31 05:05:28
13086,725972,20301,home,1,3-4-3,1,1,22,192793,Jesper Gustavsson,Center Left Midfielder,8,0,0,-1,,,,0,0,-1,,,,2025-08-31 05:05:28
13086,725972,20301,home,1,3-4-3,1,1,19,380320,Abdoulie Manneh,Forward,9,0,0,-1,,,,1,382147,3,382147.0,5220.0,87',2025-08-31 05:05:28
13086,725972,20301,home,1,3-4-3,1,1,10,305758,Jeppe Kjaer Jensen,Center Right Forward,10,0,0,-1,,,,1,301382,16,301382.0,4080.0,68',2025-08-31 05:05:28
13086,725972,20301,home,1,3-4-3,1,1,17,357145,Elliot Stroud,Center Left Forward,11,0,0,-1,,,,0,0,-1,,,,2025-08-31 05:05:28
13086,725972,20301,home,1,3-4-3,1,0,27,346501,Ludvig Tidstrand,Substitute,0,1,317238,2,317238.0,4080.0,68',0,0,-1,,,,2025-08-31 05:05:28
13086,725972,20301,home,1,3-4-3,1,0,26,357118,Uba Charles,Substitute,0,0,0,-1,,,,0,0,-1,,,,2025-08-31 05:05:28
13086,725972,20301,home,1,3-4-3,1,0,3,382147,Christian Tchouante,Substitute,0,1,380320,19,380320.0,5220.0,87',0,0,-1,,,,2025-08-31 05:05:28
13086,725972,20301,home,1,3-4-3,1,0,21,303653,Adam Petersson,Substitute,0,0,0,-1,,,,0,0,-1,,,,2025-08-31 05:05:28
13086,725972,20301,home,1,3-4-3,1,0,16,301382,Alexander Johansson,Substitute,0,1,305758,10,305758.0,4080.0,68',0,0,-1,,,,2025-08-31 05:05:28
13086,725972,20301,home,1,3-4-3,1,0,39,389637,Romeo Leandersson,Substitute,0,0,0,-1,,,,0,0,-1,,,,2025-08-31 05:05:28
13086,725972,20301,home,1,3-4-3,1,0,18,293925,Jacob Bergstrom,Substitute,0,1,269109,11,269109.0,2700.0,45',0,0,-1,,,,2025-08-31 05:05:28
13086,725972,20301,home,1,3-4-3,1,0,35,151931,Alexander Lundin,Substitute,0,0,0,-1,,,,0,0,-1,,,,2025-08-31 05:05:28
13086,725972,3017,away,0,3-4-3,1,1,12,195094,Tim Erlandsson,Goalkeeper,1,0,0,-1,,,,0,0,-1,,,,2025-08-31 05:05:28
13086,725972,3017,away,0,3-4-3,1,1,11,357140,Villiam Granath,Right Midfielder,2,0,0,-1,,,,0,0,-1,,,,2025-08-31 05:05:28
13086,725972,3017,away,0,3-4-3,1,1,24,240486,Rami Kaib,Left Midfielder,3,0,0,-1,,,,0,0,-1,,,,2025-08-31 05:05:28
13086,725972,3017,away,0,3-4-3,1,1,2,381647,Bleon Kurtulus,Center Left Defender,4,0,0,-1,,,,0,0,-1,,,,2025-08-31 05:05:28
13086,725972,3017,away,0,3-4-3,1,1,4,289329,Filip Schyberg,Center Defender,5,0,0,-1,,,,1,121282,21,121282.0,4680.0,78',2025-08-31 05:05:28
13086,725972,3017,away,0,3-4-3,1,1,5,178687,Pascal Gregor,Center Right Defender,6,0,0,-1,,,,1,334002,28,334002.0,5220.0,87',2025-08-31 05:05:28
13086,725972,3017,away,0,3-4-3,1,1,6,147211,Joel Allansson,Center Right Midfielder,7,0,0,-1,,,,0,0,-1,,,,2025-08-31 05:05:28
13086,725972,3017,away,0,3-4-3,1,1,27,313722,Rocco Ascone,Center Left Midfielder,8,0,0,-1,,,,1,409580,32,409580.0,3780.0,63',2025-08-31 05:05:28
13086,725972,3017,away,0,3-4-3,1,1,99,344475,Emmanuel Damoah Yeboah,Forward,9,0,0,-1,,,,0,0,-1,,,,2025-08-31 05:05:28
13086,725972,3017,away,0,3-4-3,1,1,18,357130,Naeem Mohammed,Center Right Forward,10,0,0,-1,,,,0,0,-1,,,,2025-08-31 05:05:28
13086,725972,3017,away,0,3-4-3,1,1,8,289719,Niilo Mäenpää,Center Left Forward,11,0,0,-1,,,,1,359293,26,359293.0,4680.0,78',2025-08-31 05:05:28
13086,725972,3017,away,0,3-4-3,1,0,19,401274,Marvin Illary,Substitute,0,0,0,-1,,,,0,0,-1,,,,2025-08-31 05:05:28
13086,725972,3017,away,0,3-4-3,1,0,32,409580,Vincent Johansson,Substitute,0,1,313722,27,313722.0,3780.0,63',0,0,-1,,,,2025-08-31 05:05:28
13086,725972,3017,away,0,3-4-3,1,0,21,121282,Marcus Olsson,Substitute,0,1,289329,4,289329.0,4680.0,78',0,0,-1,,,,2025-08-31 05:05:28
13086,725972,3017,away,0,3-4-3,1,0,14,159454,Blair Turgott,Substitute,0,0,0,-1,,,,0,0,-1,,,,2025-08-31 05:05:28
13086,725972,3017,away,0,3-4-3,1,0,1,264481,Tim Rönning,Substitute,0,0,0,-1,,,,0,0,-1,,,,2025-08-31 05:05:28
13086,725972,3017,away,0,3-4-3,1,0,28,334002,Malte Persson,Substitute,0,1,178687,5,178687.0,5220.0,87',0,0,-1,,,,2025-08-31 05:05:28
13086,725972,3017,away,0,3-4-3,1,0,26,359293,Mans Andersson,Substitute,0,1,289719,8,289719.0,4680.0,78',0,0,-1,,,,2025-08-31 05:05:28
13086,725972,3017,away,0,3-4-3,1,0,29,399508,Erik Arvidsson,Substitute,0,0,0,-1,,,,0,0,-1,,,,2025-08-31 05:05:28
13086,725973,8222,home,1,4-3-1-2,1,1,1,312877,Mergim Krasniqi,Goalkeeper,1,0,0,-1,,,,0,0,-1,,,,2025-09-01 05:08:47
13086,725973,8222,home,1,4-3-1-2,1,1,6,378806,August Wängberg,Right Back,2,0,0,-1,,,,0,0,-1,,,,2025-09-01 05:08:47
13086,725973,8222,home,1,4-3-1-2,1,1,2,400217,Matteo de Brienne,Left Back,3,0,0,-1,,,,1,379958,5,379958.0,3420.0,57',2025-09-01 05:08:47
13086,725973,8222,home,1,4-3-1-2,1,1,18,313931,Kevin Holmén,Center Midfielder,4,0,0,-1,,,,0,0,-1,,,,2025-09-01 05:08:47
13086,725973,8222,home,1,4-3-1-2,1,1,4,333728,Oskar Ågren,Center Right Defender,5,0,0,-1,,,,0,0,-1,,,,2025-09-01 05:08:47
13086,725973,8222,home,1,4-3-1-2,1,1,24,378826,Filip Beckman,Center Left Defender,6,0,0,-1,,,,0,0,-1,,,,2025-09-01 05:08:47
13086,725973,8222,home,1,4-3-1-2,1,1,8,312852,William Milovanovic,Right Midfielder,7,0,0,-1,,,,1,149765,25,149765.0,5100.0,85',2025-09-01 05:08:47
13086,725973,8222,home,1,4-3-1-2,1,1,19,308726,Ibrahim Diabate,Attacking Midfielder,8,0,0,-1,,,,1,235766,28,235766.0,4800.0,80',2025-09-30 05:13:10
13086,725973,8222,home,1,4-3-1-2,1,1,9,378816,Gustav Lundgren,Center Right Forward,9,0,0,-1,,,,0,0,-1,,,,2025-09-01 05:08:47
13086,725973,8222,home,1,4-3-1-2,1,1,11,334033,Edvin Becirovic,Midfielder,10,0,0,-1,,,,1,357143,27,357143.0,3480.0,58',2025-09-01 05:08:47
13086,725973,8222,home,1,4-3-1-2,1,1,10,347031,Amin Boudri,Left Midfielder,11,0,0,-1,,,,1,379955,14,379955.0,4800.0,80',2025-09-01 05:08:47
13086,725973,8222,home,1,4-3-1-2,1,0,25,149765,Jonas Lindberg,,0,1,312852,8,312852.0,5100.0,85',0,0,-1,,,,2025-09-01 05:08:47
13086,725973,8222,home,1,4-3-1-2,1,0,27,357143,Anton Kurochkin,,0,1,334033,11,334033.0,3480.0,58',0,0,-1,,,,2025-09-01 05:08:47
13086,725973,8222,home,1,4-3-1-2,1,0,13,360878,Kees Sims,,0,0,0,-1,,,,0,0,-1,,,,2025-09-01 05:08:47
13086,725973,8222,home,1,4-3-1-2,1,0,22,378820,Anes Cardaklija,,0,0,0,-1,,,,0,0,-1,,,,2025-09-01 05:08:47
13086,725973,8222,home,1,4-3-1-2,1,0,31,378823,Simon Sjöholm,,0,0,0,-1,,,,0,0,-1,,,,2025-09-01 05:08:47
13086,725973,8222,home,1,4-3-1-2,1,0,14,379955,Filip Gustafsson,,0,1,347031,10,347031.0,4800.0,80',0,0,-1,,,,2025-09-01 05:08:47
13086,725973,8222,home,1,4-3-1-2,1,0,5,379958,Robin Wendin Thomasson,,0,1,400217,2,400217.0,3420.0,57',0,0,-1,,,,2025-09-01 05:08:47
13086,725973,8222,home,1,4-3-1-2,1,0,21,409647,Shalom Ekong,,0,0,0,-1,,,,0,0,-1,,,,2025-09-01 05:08:47
13086,725973,8222,home,1,4-3-1-2,1,0,28,235766,Lucas Hedlund,,0,1,308726,19,308726.0,4800.0,80',0,0,-1,,,,2025-09-01 05:08:47
13086,725973,7834,away,0,4-2-3-1,1,1,1,177546,Andreas Linde,Goalkeeper,1,0,0,-1,,,,0,0,-1,,,,2025-09-01 05:08:47
13086,725973,7834,away,0,4-2-3-1,1,1,11,378812,Julius Lindberg,Right Back,2,0,0,-1,,,,0,0,-1,,,,2025-09-01 05:08:47
13086,725973,7834,away,0,4-2-3-1,1,1,21,194293,Adam Lundkvist,Left Back,3,0,0,-1,,,,1,361537,13,361537.0,900.0,15',2025-09-01 05:08:47
13086,725973,7834,away,0,4-2-3-1,1,1,8,355408,Silas Andersen,Left Midfielder,4,0,0,-1,,,,0,0,-1,,,,2025-09-01 05:08:47
13086,725973,7834,away,0,4-2-3-1,1,1,4,271086,Marius Lode,Center Right Defender,5,0,0,-1,,,,0,0,-1,,,,2025-09-01 05:08:47
13086,725973,7834,away,0,4-2-3-1,1,1,23,336672,Olle Samuelsson,Center Left Defender,6,0,0,-1,,,,1,366829,29,366829.0,5340.0,89',2025-09-01 05:08:47
13086,725973,7834,away,0,4-2-3-1,1,1,20,407050,Adrian Svanbäck,Attacking Midfielder Right,7,0,0,-1,,,,1,343960,7,343960.0,4500.0,75',2025-09-01 05:08:47
13086,725973,7834,away,0,4-2-3-1,1,1,31,407096,Lasse Madsen,Right Midfielder,8,0,0,-1,,,,1,357023,18,357023.0,2700.0,45',2025-09-01 05:08:47
13086,725973,7834,away,0,4-2-3-1,1,1,19,366143,John Paul Dembe,Forward,9,0,0,-1,,,,1,364749,39,364749.0,2700.0,45',2025-09-01 05:08:47
13086,725973,7834,away,0,4-2-3-1,1,1,14,185916,Simon Gustafson,Attacking Midfielder,10,0,0,-1,,,,0,0,-1,,,,2025-09-01 05:08:47
13086,725973,7834,away,0,4-2-3-1,1,1,24,271087,Amor Layouni,Attacking Midfielder Left,11,0,0,-1,,,,0,0,-1,,,,2025-09-01 05:08:47
13086,725973,7834,away,0,4-2-3-1,1,0,16,357139,Pontus Dahbo,Substitute,0,0,0,-1,,,,0,0,-1,,,,2025-09-01 05:08:47
13086,725973,7834,away,0,4-2-3-1,1,0,32,121827,Oscar Jansson,Substitute,0,0,0,-1,,,,0,0,-1,,,,2025-09-01 05:08:47
13086,725973,7834,away,0,4-2-3-1,1,0,44,393324,Harry Hilvenius,Substitute,0,0,0,-1,,,,0,0,-1,,,,2025-09-01 05:08:47
13086,725973,7834,away,0,4-2-3-1,1,0,29,366829,Severin Nioule,Substitute,0,1,336672,23,336672.0,5340.0,89',0,0,-1,,,,2025-09-01 05:08:47
13086,725973,7834,away,0,4-2-3-1,1,0,7,343960,Sanders Ngabo,Substitute,0,1,407050,20,407050.0,4500.0,75',0,0,-1,,,,2025-09-01 05:08:47
13086,725973,7834,away,0,4-2-3-1,1,0,39,364749,Isak Brusberg,Substitute,0,1,366143,19,366143.0,2700.0,45',0,0,-1,,,,2025-09-01 05:08:47
13086,725973,7834,away,0,4-2-3-1,1,0,15,356369,Samuel Leach Holm,Substitute,0,0,0,-1,,,,0,0,-1,,,,2025-09-01 05:08:47
13086,725973,7834,away,0,4-2-3-1,1,0,18,357023,Danilo Al-Saed,Substitute,0,1,407096,31,407096.0,2700.0,45',0,0,-1,,,,2025-09-01 05:08:47
13086,725973,7834,away,0,4-2-3-1,1,0,13,361537,Sigge Jansson,Substitute,0,1,194293,21,194293.0,900.0,15',0,0,-1,,,,2025-09-01 05:08:47
13086,725974,8221,home,1,5-3-2,1,1,40,390019,Leo Cavallius,Goalkeeper,1,0,0,-1,,,,0,0,-1,,,,2025-09-03 05:09:03
13086,725974,8221,home,1,5-3-2,1,1,21,302691,Alex Timossi Andersson,Right Back,2,0,0,-1,,,,0,0,-1,,,,2025-09-03 05:09:03
13086,725974,8221,home,1,5-3-2,1,1,6,313932,Oliver Zandén,Left Back,3,0,0,-1,,,,0,0,-1,,,,2025-09-03 05:09:03
13086,725974,8221,home,1,5-3-2,1,1,32,399427,Oskar Cotton,Center Left Defender,4,0,0,-1,,,,0,0,-1,,,,2025-09-03 05:09:03
13086,725974,8221,home,1,5-3-2,1,1,3,162464,Even Hovland,Center Defender,5,0,0,-1,,,,0,0,-1,,,,2025-09-03 05:09:03
13086,725974,8221,home,1,5-3-2,1,1,27,347458,Kaare Barslund,Center Right Defender,6,0,0,-1,,,,0,0,-1,,,,2025-09-03 05:09:03
13086,725974,8221,home,1,5-3-2,1,1,20,232670,Issiaga Camara,Center Right Midfielder,7,0,0,-1,,,,1,208616,4,208616.0,5340.0,89',2025-09-03 05:09:03
13086,725974,8221,home,1,5-3-2,1,1,24,257624,Kevin Ackermann,Center Midfielder,8,0,0,-1,,,,0,0,-1,,,,2025-09-03 05:09:03
13086,725974,8221,home,1,5-3-2,1,1,23,399426,Ezekiel Alladoh,Center Left Forward,9,0,0,-1,,,,1,386345,30,386345.0,3540.0,59',2025-09-03 05:09:03
13086,725974,8221,home,1,5-3-2,1,1,16,274984,Adam Jakobsen,Center Right Forward,10,0,0,-1,,,,1,399423,31,399423.0,5340.0,89',2025-09-03 05:09:03
13086,725974,8221,home,1,5-3-2,1,1,7,320883,Victor Lind,Center Left Midfielder,11,0,0,-1,,,,1,336115,11,336115.0,4860.0,81',2025-09-03 05:09:03
13086,725974,8221,home,1,5-3-2,1,0,39,134643,Nabil Bahoui,Substitute,0,0,0,-1,,,,0,0,-1,,,,2025-09-03 05:09:03
13086,725974,8221,home,1,5-3-2,1,0,11,336115,Rasmus Örqvist,Substitute,0,1,320883,7,320883.0,4860.0,81',0,0,-1,,,,2025-09-03 05:09:03
13086,725974,8221,home,1,5-3-2,1,0,2,306206,Hlynur Freyr Karlsson,Substitute,0,0,0,-1,,,,0,0,-1,,,,2025-09-03 05:09:03
13086,725974,8221,home,1,5-3-2,1,0,12,380680,Charlie Nildén,Substitute,0,0,0,-1,,,,0,0,-1,,,,2025-09-03 05:09:03
13086,725974,8221,home,1,5-3-2,1,0,4,208616,Eric Bjorkander,Substitute,0,1,232670,20,232670.0,5340.0,89',0,0,-1,,,,2025-09-03 05:09:03
13086,725974,8221,home,1,5-3-2,1,0,25,146116,Davor Blazevic,Substitute,0,0,0,-1,,,,0,0,-1,,,,2025-09-03 05:09:03
13086,725974,8221,home,1,5-3-2,1,0,30,386345,Lukas Björklund,Substitute,0,1,399426,23,399426.0,3540.0,59',0,0,-1,,,,2025-09-03 05:09:03
13086,725974,8221,home,1,5-3-2,1,0,31,399423,Love Arrhov,Substitute,0,1,274984,16,274984.0,5340.0,89',0,0,-1,,,,2025-09-03 05:09:03
13086,725974,8221,home,1,5-3-2,1,0,8,407097,Adam Stroud,Substitute,0,0,0,-1,,,,0,0,-1,,,,2025-09-03 05:09:03
13086,725974,529,away,0,4-4-2,1,1,1,400222,Simon Eriksson,Goalkeeper,1,0,0,-1,,,,0,0,-1,,,,2025-08-31 05:05:28
13086,725974,529,away,0,4-4-2,1,1,15,173040,Simon Hedlund,Right Back,2,0,0,-1,,,,0,0,-1,,,,2025-08-31 05:05:28
13086,725974,529,away,0,4-4-2,1,1,23,134644,Niklas Hult,Left Back,3,0,0,-1,,,,1,389426,28,389426.0,5340.0,89',2025-08-31 05:05:28
13086,725974,529,away,0,4-4-2,1,1,27,334024,Besfort Zeneli,Center Right Midfielder,4,0,0,-1,,,,1,218707,7,218707.0,5340.0,89',2025-08-31 05:05:28
13086,725974,529,away,0,4-4-2,1,1,4,202682,Daniel Granli,Center Right Defender,5,0,0,-1,,,,0,0,-1,,,,2025-08-31 05:05:28
13086,725974,529,away,0,4-4-2,1,1,29,341452,Ibrahim Buhari,Center Left Defender,6,0,0,-1,,,,0,0,-1,,,,2025-08-31 05:05:28
13086,725974,529,away,0,4-4-2,1,1,5,303480,Wenderson,Right Midfielder,7,0,0,-1,,,,0,0,-1,,,,2025-08-31 05:05:28
13086,725974,529,away,0,4-4-2,1,1,18,305401,Júlíus Magnússon,Center Left Midfielder,8,0,0,-1,,,,0,0,-1,,,,2025-08-31 05:05:28
13086,725974,529,away,0,4-4-2,1,1,11,303614,Taylor Silverholt,Center Left Forward,9,0,0,-1,,,,1,146012,13,146012.0,4980.0,83',2025-08-31 05:05:28
13086,725974,529,away,0,4-4-2,1,1,24,304180,Frederik Ihler,Center Right Forward,10,0,0,-1,,,,1,362584,20,362584.0,4140.0,69',2025-08-31 05:05:28
13086,725974,529,away,0,4-4-2,1,1,16,402326,Altti Hellemaa,Left Midfielder,11,0,0,-1,,,,1,388173,21,388173.0,4140.0,69',2025-08-31 05:05:28
13086,725974,529,away,0,4-4-2,1,0,8,194092,Sebastian Holmén,Substitute,0,0,0,-1,,,,0,0,-1,,,,2025-08-31 05:05:28
13086,725974,529,away,0,4-4-2,1,0,30,176191,Lucas Hägg Johansson,Substitute,0,0,0,-1,,,,0,0,-1,,,,2025-08-31 05:05:28
13086,725974,529,away,0,4-4-2,1,0,7,218707,Jens Jakob Thomasen,Substitute,0,1,334024,27,334024.0,5340.0,89',0,0,-1,,,,2025-08-31 05:05:28
13086,725974,529,away,0,4-4-2,1,0,28,389426,Frode Aronsson,Substitute,0,1,134644,23,134644.0,5340.0,89',0,0,-1,,,,2025-08-31 05:05:28
13086,725974,529,away,0,4-4-2,1,0,21,388173,Leo Östman,Substitute,0,1,402326,16,402326.0,4140.0,69',0,0,-1,,,,2025-08-31 05:05:28
13086,725974,529,away,0,4-4-2,1,0,20,362584,Gottfrid Rapp,Substitute,0,1,304180,24,304180.0,4140.0,69',0,0,-1,,,,2025-08-31 05:05:28
13086,725974,529,away,0,4-4-2,1,0,13,146012,Johan Larsson,Substitute,0,1,303614,11,303614.0,4980.0,83',0,0,-1,,,,2025-08-31 05:05:28
13086,725974,529,away,0,4-4-2,1,0,25,342093,Ari Sigurpálsson,Substitute,0,0,0,-1,,,,0,0,-1,,,,2025-08-31 05:05:28
13086,725975,2556,home,1,4-3-3,1,1,25,359784,Elis Bishesari,Goalkeeper,1,0,0,-1,,,,0,0,-1,,,,2025-08-31 05:05:28
13086,725975,2556,home,1,4-3-3,1,1,29,343958,Thomas Santos,Right Back,2,0,0,-1,,,,1,349811,18,349811.0,3720.0,62',2025-08-31 05:05:28
13086,725975,2556,home,1,4-3-3,1,1,22,383948,Noah Tolf,Left Back,3,0,0,-1,,,,0,0,-1,,,,2025-08-31 05:05:28
13086,725975,2556,home,1,4-3-3,1,1,15,307947,David Kruse,Center Midfielder,4,0,0,-1,,,,0,0,-1,,,,2025-08-31 05:05:28
13086,725975,2556,home,1,4-3-3,1,1,13,83736,Gustav Svensson,Center Right Defender,5,0,0,-1,,,,0,0,-1,,,,2025-08-31 05:05:28
13086,725975,2556,home,1,4-3-3,1,1,3,241163,August Erlingmark,Center Left Defender,6,0,0,-1,,,,0,0,-1,,,,2025-08-31 05:05:28
13086,725975,2556,home,1,4-3-3,1,1,23,289882,Kolbeinn Thordarson,Right Midfielder,7,0,0,-1,,,,1,297985,8,297985.0,4920.0,82',2025-08-31 05:05:28
13086,725975,2556,home,1,4-3-3,1,1,14,219163,Tobias Heintz,Left Midfielder,8,0,0,-1,,,,0,0,-1,,,,2025-08-31 05:05:28
13086,725975,2556,home,1,4-3-3,1,1,9,303768,Max Fenger,Forward,9,0,0,-1,,,,0,0,-1,,,,2025-08-31 05:05:28
13086,725975,2556,home,1,4-3-3,1,1,11,297099,Saidou Alioum Moubarak,Right Forward,10,0,0,-1,,,,1,343826,16,343826.0,4320.0,72',2025-08-31 05:05:28
13086,725975,2556,home,1,4-3-3,1,1,7,390390,Sebastian Clemmensen,Left Forward,11,0,0,-1,,,,1,366598,4,366598.0,4920.0,82',2025-08-31 05:05:28
13086,725975,2556,home,1,4-3-3,1,0,1,235504,Pontus Dahlberg,Substitute,0,0,0,-1,,,,0,0,-1,,,,2025-08-31 05:05:28
13086,725975,2556,home,1,4-3-3,1,0,32,406962,Carl Lantz,Substitute,0,0,0,-1,,,,0,0,-1,,,,2025-08-31 05:05:28
13086,725975,2556,home,1,4-3-3,1,0,27,401205,Alfons Borén,Substitute,0,0,0,-1,,,,0,0,-1,,,,2025-08-31 05:05:28
13086,725975,2556,home,1,4-3-3,1,0,4,366598,Rockson Yeboah,Substitute,0,1,390390,7,390390.0,4920.0,82',0,0,-1,,,,2025-08-31 05:05:28
13086,725975,2556,home,1,4-3-3,1,0,18,349811,Felix Eriksson,Substitute,0,1,343958,29,343958.0,3720.0,62',0,0,-1,,,,2025-08-31 05:05:28
13086,725975,2556,home,1,4-3-3,1,0,16,343826,Linus Carlstrand,Substitute,0,1,297099,11,297099.0,4320.0,72',0,0,-1,,,,2025-08-31 05:05:28
13086,725975,2556,home,1,4-3-3,1,0,8,297985,Imam Jagne,Substitute,0,1,289882,23,289882.0,4920.0,82',0,0,-1,,,,2025-08-31 05:05:28
13086,725975,21382,away,0,4-4-2,1,1,1,277177,Hugo Keto,Goalkeeper,1,0,0,-1,,,,0,0,-1,,,,2025-08-31 05:05:28
13086,725975,21382,away,0,4-4-2,1,1,5,334035,Victor Larsson,Right Back,2,0,0,-1,,,,0,0,-1,,,,2025-08-31 05:05:28
13086,725975,21382,away,0,4-4-2,1,1,3,272272,Axel Björnström,Left Back,3,0,0,-1,,,,0,0,-1,,,,2025-08-31 05:05:28
13086,725975,21382,away,0,4-4-2,1,1,11,187920,Kent-Are Antonsen,Center Right Midfielder,4,0,0,-1,,,,0,0,-1,,,,2025-08-31 05:05:28
13086,725975,21382,away,0,4-4-2,1,1,4,383897,Rufai Mohammed,Center Right Defender,5,0,0,-1,,,,0,0,-1,,,,2025-08-31 05:05:28
13086,725975,21382,away,0,4-4-2,1,1,27,159526,Souleymane Coulibaly,Center Left Defender,6,0,0,-1,,,,0,0,-1,,,,2025-08-31 05:05:28
13086,725975,21382,away,0,4-4-2,1,1,22,158993,Simon Thern,Right Midfielder,7,0,0,-1,,,,1,381397,18,381397.0,4380.0,73',2025-08-31 05:05:28
13086,725975,21382,away,0,4-4-2,1,1,8,366595,Otso Liimatta,Center Left Midfielder,8,0,0,-1,,,,1,380552,2,380552.0,5400.0,90',2025-08-31 05:05:28
13086,725975,21382,away,0,4-4-2,1,1,9,341437,Kai Meriluoto,Center Left Forward,9,0,0,-1,,,,1,345479,10,345479.0,4140.0,69',2025-08-31 05:05:28
13086,725975,21382,away,0,4-4-2,1,1,14,153631,Marcus Antonsson,Center Right Forward,10,0,0,-1,,,,0,0,-1,,,,2025-08-31 05:05:28
13086,725975,21382,away,0,4-4-2,1,1,25,312873,Noah Shamoun,Left Midfielder,11,0,0,-1,,,,1,185955,15,185955.0,4080.0,68',2025-08-31 05:05:28
13086,725975,21382,away,0,4-4-2,1,0,10,345479,Ajdin Zeljkovic,Substitute,0,1,341437,9,341437.0,4140.0,69',0,0,-1,,,,2025-08-31 05:05:28
13086,725975,21382,away,0,4-4-2,1,0,24,357202,Emin Grozdanic,Substitute,0,0,0,-1,,,,0,0,-1,,,,2025-08-31 05:05:28
13086,725975,21382,away,0,4-4-2,1,0,7,193351,Carl Johansson,Substitute,0,0,0,-1,,,,0,0,-1,,,,2025-08-31 05:05:28
13086,725975,21382,away,0,4-4-2,1,0,2,380552,Johan Rapp,Substitute,0,1,366595,8,366595.0,5400.0,90',0,0,-1,,,,2025-08-31 05:05:28
13086,725975,21382,away,0,4-4-2,1,0,18,381397,Mohammad Alsalkhadi,Substitute,0,1,158993,22,158993.0,4380.0,73',0,0,-1,,,,2025-08-31 05:05:28
13086,725975,21382,away,0,4-4-2,1,0,15,185955,Pawel Cibicki,Substitute,0,1,312873,25,312873.0,4080.0,68',0,0,-1,,,,2025-08-31 05:05:28
13086,725975,21382,away,0,4-4-2,1,0,16,386317,Antonio Kujundzic,Substitute,0,0,0,-1,,,,0,0,-1,,,,2025-08-31 05:05:28
13086,725975,21382,away,0,4-4-2,1,0,31,409510,Adin Tihic,Substitute,0,0,0,-1,,,,0,0,-1,,,,2025-08-31 05:05:28
13086,725975,21382,away,0,4-4-2,1,0,6,267616,Hugo Andersson,Substitute,0,0,0,-1,,,,0,0,-1,,,,2025-08-31 05:05:28
13086,725976,2495,home,1,4-2-3-1,1,1,1,170727,Warner Hahn,Goalkeeper,1,0,0,-1,,,,0,0,-1,,,,2025-09-01 05:08:47
13086,725976,2495,home,1,4-2-3-1,1,1,17,313464,Ibrahim Fofana,Right Back,2,0,0,-1,,,,1,382504,2,382504.0,3840.0,64',2025-09-30 05:13:10
13086,725976,2495,home,1,4-2-3-1,1,1,3,272714,Frederik Winther,Left Back,3,0,0,-1,,,,0,0,-1,,,,2025-09-01 05:08:47
13086,725976,2495,home,1,4-2-3-1,1,1,28,344869,Frank Junior Adjei,Left Midfielder,4,0,0,-1,,,,1,218436,5,218436.0,3840.0,64',2025-09-01 05:08:47
13086,725976,2495,home,1,4-2-3-1,1,1,6,249160,Pavle Vagic,Center Right Defender,5,0,0,-1,,,,0,0,-1,,,,2025-09-01 05:08:47
13086,725976,2495,home,1,4-2-3-1,1,1,4,334038,Victor Eriksson,Center Left Defender,6,0,0,-1,,,,0,0,-1,,,,2025-09-01 05:08:47
13086,725976,2495,home,1,4-2-3-1,1,1,11,205374,Oscar Johansson Schellhas,Attacking Midfielder Right,7,0,0,-1,,,,0,0,-1,,,,2025-09-01 05:08:47
13086,725976,2495,home,1,4-2-3-1,1,1,8,22967,Markus Karlsson,Right Midfielder,8,0,0,-1,,,,0,0,-1,,,,2025-09-01 05:08:47
13086,725976,2495,home,1,4-2-3-1,1,1,7,303670,Paulos Abraham,Forward,9,0,0,-1,,,,1,378936,23,378936.0,4560.0,76',2025-09-01 05:08:47
13086,725976,2495,home,1,4-2-3-1,1,1,20,143585,Nahir Besara,Attacking Midfielder,10,0,0,-1,,,,1,359099,29,359099.0,5220.0,87',2025-09-01 05:08:47
13086,725976,2495,home,1,4-2-3-1,1,1,18,303702,Sebastian Tounekti,Attacking Midfielder Left,11,0,0,-1,,,,1,269195,21,269195.0,5220.0,87',2025-09-01 05:08:47
13086,725976,2495,home,1,4-2-3-1,1,0,22,210020,Jacob Ortmark,Substitute,0,0,0,-1,,,,0,0,-1,,,,2025-09-01 05:08:47
13086,725976,2495,home,1,4-2-3-1,1,0,2,382504,Hampus Skoglund,Substitute,0,1,313464,17,313464.0,3840.0,64',0,0,-1,,,,2025-09-01 05:08:47
13086,725976,2495,home,1,4-2-3-1,1,0,15,380970,Adrian Lahdo,Substitute,0,0,0,-1,,,,0,0,-1,,,,2025-09-01 05:08:47
13086,725976,2495,home,1,4-2-3-1,1,0,23,378936,Obilor Okeke,Substitute,0,1,303670,7,303670.0,4560.0,76',0,0,-1,,,,2025-09-01 05:08:47
13086,725976,2495,home,1,4-2-3-1,1,0,29,359099,Elohim Kaboré,Substitute,0,1,143585,20,143585.0,5220.0,87',0,0,-1,,,,2025-09-01 05:08:47
13086,725976,2495,home,1,4-2-3-1,1,0,27,301372,Felix Jakobsson,Substitute,0,0,0,-1,,,,0,0,-1,,,,2025-09-01 05:08:47
13086,725976,2495,home,1,4-2-3-1,1,0,21,269195,Simon Strand,Substitute,0,1,303702,18,303702.0,5220.0,87',0,0,-1,,,,2025-09-01 05:08:47
13086,725976,2495,home,1,4-2-3-1,1,0,5,218436,Tesfaldet Tekie,Substitute,0,1,344869,28,344869.0,3840.0,64',0,0,-1,,,,2025-09-01 05:08:47
13086,725976,2495,home,1,4-2-3-1,1,0,26,312880,Montader Madjed,Substitute,0,0,0,-1,,,,0,0,-1,,,,2025-09-01 05:08:47
13086,725976,2936,away,0,4-3-3,1,1,13,400366,Robin Wallinder,Goalkeeper,1,0,0,-1,,,,0,0,-1,,,,2025-09-01 05:08:47
13086,725976,2936,away,0,4-3-3,1,1,33,354345,Tatu Varmanen,Right Back,2,0,0,-1,,,,1,349204,16,349204.0,4860.0,81',2025-09-01 05:08:47
13086,725976,2936,away,0,4-3-3,1,1,21,400371,Lars Bergquist,Left Back,3,0,0,-1,,,,0,0,-1,,,,2025-09-01 05:08:47
13086,725976,2936,away,0,4-3-3,1,1,26,238868,Magnus Christensen,Center Midfielder,4,0,0,-1,,,,1,385181,8,385181.0,4860.0,81',2025-09-01 05:08:47
13086,725976,2936,away,0,4-3-3,1,1,3,380190,Kingsley Gyamfi,Center Right Defender,5,0,0,-1,,,,0,0,-1,,,,2025-09-01 05:08:47
13086,725976,2936,away,0,4-3-3,1,1,15,316395,Ivan Kricak,Center Left Defender,6,0,0,-1,,,,0,0,-1,,,,2025-09-01 05:08:47
13086,725976,2936,away,0,4-3-3,1,1,6,307747,Noah Soderberg,Right Midfielder,7,0,0,-1,,,,0,0,-1,,,,2025-09-01 05:08:47
13086,725976,2936,away,0,4-3-3,1,1,7,275993,Anssi Suhonen,Left Midfielder,8,0,0,-1,,,,1,398188,9,398188.0,4860.0,81',2025-09-01 05:08:47
13086,725976,2936,away,0,4-3-3,1,1,20,217300,Alibek Aliev,Forward,9,0,0,-1,,,,0,0,-1,,,,2025-09-01 05:08:47
13086,725976,2936,away,0,4-3-3,1,1,10,334005,Oscar Uddenas,Right Forward,10,0,0,-1,,,,1,312874,24,312874.0,3660.0,61',2025-09-01 05:08:47
13086,725976,2936,away,0,4-3-3,1,1,18,311161,Daniel Ljung,Left Forward,11,0,0,-1,,,,1,222639,23,222639.0,3720.0,62',2025-09-01 05:08:47
13086,725976,2936,away,0,4-3-3,1,0,32,400368,Carl Lundahl Persson,Substitute,0,0,0,-1,,,,0,0,-1,,,,2025-09-01 05:08:47
13086,725976,2936,away,0,4-3-3,1,0,16,349204,Raymond Adjei,Substitute,0,1,354345,33,354345.0,4860.0,81',0,0,-1,,,,2025-09-01 05:08:47
13086,725976,2936,away,0,4-3-3,1,0,9,398188,Niklas Soderberg,Substitute,0,1,275993,7,275993.0,4860.0,81',0,0,-1,,,,2025-09-01 05:08:47
13086,725976,2936,away,0,4-3-3,1,0,8,385181,Daniel Ask,Substitute,0,1,238868,26,238868.0,4860.0,81',0,0,-1,,,,2025-09-01 05:08:47
13086,725976,2936,away,0,4-3-3,1,0,24,312874,Patriot Sejdiu,Substitute,0,1,334005,10,334005.0,3660.0,61',0,0,-1,,,,2025-09-01 05:08:47
13086,725976,2936,away,0,4-3-3,1,0,4,238435,Sebastian Starke Hedlund,Substitute,0,0,0,-1,,,,0,0,-1,,,,2025-09-01 05:08:47
13086,725976,2936,away,0,4-3-3,1,0,23,222639,Vladimir Rodic,Substitute,0,1,311161,18,311161.0,3720.0,62',0,0,-1,,,,2025-09-01 05:08:47
13086,725976,2936,away,0,4-3-3,1,0,14,173508,Dennis Olsson,Substitute,0,0,0,-1,,,,0,0,-1,,,,2025-09-01 05:08:47
13086,725976,2936,away,0,4-3-3,1,0,29,162497,Chris Kouakou,Substitute,0,0,0,-1,,,,0,0,-1,,,,2025-09-30 05:13:10
13086,725977,8544,home,0,4-3-3,1,1,40,19242,David Andersson,Goalkeeper,1,0,0,-1,,,,0,0,-1,,,,2025-09-01 05:08:47
13086,725977,8544,home,0,4-3-3,1,1,14,306290,Yahya Kalley,Right Back,2,0,0,-1,,,,0,0,-1,,,,2025-09-01 05:08:47
13086,725977,8544,home,0,4-3-3,1,1,3,359167,Marcus Baggesen,Left Back,3,0,0,-1,,,,0,0,-1,,,,2025-09-01 05:08:47
13086,725977,8544,home,0,4-3-3,1,1,25,364988,Kevin Höög Jansson,Center Midfielder,4,0,0,-1,,,,0,0,-1,,,,2025-09-01 05:08:47
13086,725977,8544,home,0,4-3-3,1,1,4,356374,Amadeus Sögaard,Center Right Defender,5,0,0,-1,,,,0,0,-1,,,,2025-09-01 05:08:47
13086,725977,8544,home,0,4-3-3,1,1,19,238431,Max Watson,Center Left Defender,6,0,0,-1,,,,0,0,-1,,,,2025-09-01 05:08:47
13086,725977,8544,home,0,4-3-3,1,1,20,400367,Axel Brönner,Right Midfielder,7,0,0,-1,,,,1,389749,28,389749.0,4860.0,81',2025-09-01 05:08:47
13086,725977,8544,home,0,4-3-3,1,1,9,230353,Arnór Traustason,Left Midfielder,8,0,0,-1,,,,1,232279,7,232279.0,2700.0,45',2025-09-01 05:08:47
13086,725977,8544,home,0,4-3-3,1,1,5,158978,Christoffer Nyman,Forward,9,0,0,-1,,,,1,404755,32,404755.0,5340.0,89',2025-09-01 05:08:47
13086,725977,8544,home,0,4-3-3,1,1,10,188022,David Moberg-Karlsson,Right Forward,10,0,0,-1,,,,1,287215,22,287215.0,4860.0,81',2025-09-01 05:08:47
13086,725977,8544,home,0,4-3-3,1,1,8,321404,Ísak Andri Sigurgeirsson,Left Forward,11,0,0,-1,,,,1,400219,18,400219.0,5340.0,89',2025-09-01 05:08:47
13086,725977,8544,home,0,4-3-3,1,0,33,407688,Viggo Fälth,Substitute,0,0,0,-1,,,,0,0,-1,,,,2025-09-01 05:08:47
13086,725977,8544,home,0,4-3-3,1,0,24,334015,Anton Eriksson,Substitute,0,0,0,-1,,,,0,0,-1,,,,2025-09-01 05:08:47
13086,725977,8544,home,0,4-3-3,1,0,31,329668,Jesper Lindvall,Substitute,0,0,0,-1,,,,0,0,-1,,,,2025-09-01 05:08:47
13086,725977,8544,home,0,4-3-3,1,0,32,404755,William Bergman,Substitute,0,1,158978,5,158978.0,5340.0,89',0,0,-1,,,,2025-09-01 05:08:47
13086,725977,8544,home,0,4-3-3,1,0,22,287215,Tim Prica,Substitute,0,1,188022,10,188022.0,4860.0,81',0,0,-1,,,,2025-09-01 05:08:47
13086,725977,8544,home,0,4-3-3,1,0,30,380189,Theo Krantz,Substitute,0,0,0,-1,,,,0,0,-1,,,,2025-09-01 05:08:47
13086,725977,8544,home,0,4-3-3,1,0,18,400219,Jónatan Gudni Arnarsson,Substitute,0,1,321404,8,321404.0,5340.0,89',0,0,-1,,,,2025-09-01 05:08:47
13086,725977,8544,home,0,4-3-3,1,0,28,389749,Åke Andersson,Substitute,0,1,400367,20,400367.0,4860.0,81',0,0,-1,,,,2025-09-01 05:08:47
13086,725977,8544,home,0,4-3-3,1,0,7,232279,Alexander Fransson,Substitute,0,1,230353,9,230353.0,2700.0,45',0,0,-1,,,,2025-09-01 05:08:47
13086,725977,2339,away,1,4-2-3-1,1,1,45,219533,Filip Manojlovic,Goalkeeper,1,0,0,-1,,,,0,0,-1,,,,2025-09-01 05:08:47
13086,725977,2339,away,1,4-2-3-1,1,1,18,269457,Adam Stahl,Right Back,2,0,0,-1,,,,0,0,-1,,,,2025-09-01 05:08:47
13086,725977,2339,away,1,4-2-3-1,1,1,27,371596,Keita Kosugi,Left Back,3,0,0,-1,,,,1,357136,12,357136.0,4140.0,69',2025-09-01 05:08:47
13086,725977,2339,away,1,4-2-3-1,1,1,20,364226,Matias Siltanen,Left Midfielder,4,0,0,-1,,,,0,0,-1,,,,2025-09-01 05:08:47
13086,725977,2339,away,1,4-2-3-1,1,1,5,289721,Miro Tenho,Center Right Defender,5,0,0,-1,,,,0,0,-1,,,,2025-09-01 05:08:47
13086,725977,2339,away,1,4-2-3-1,1,1,3,172855,Marcus Danielson,Center Left Defender,6,0,0,-1,,,,0,0,-1,,,,2025-09-01 05:08:47
13086,725977,2339,away,1,4-2-3-1,1,1,15,312383,Oskar Fallenius,Attacking Midfielder Right,7,0,0,-1,,,,1,403140,31,403140.0,4560.0,76',2025-09-01 05:08:47
13086,725977,2339,away,1,4-2-3-1,1,1,6,136911,Rasmus Schüller,Right Midfielder,8,0,0,-1,,,,1,272148,14,272148.0,3600.0,60',2025-09-01 05:08:47
13086,725977,2339,away,1,4-2-3-1,1,1,9,330460,August Priske,Forward,9,0,0,-1,,,,0,0,-1,,,,2025-09-01 05:08:47
13086,725977,2339,away,1,4-2-3-1,1,1,17,250697,Mikkel Anderson,Attacking Midfielder,10,0,0,-1,,,,1,378837,22,378837.0,4200.0,70',2025-09-01 05:08:47
13086,725977,2339,away,1,4-2-3-1,1,1,19,239166,Jeppe Okkels,Attacking Midfielder Left,11,0,0,-1,,,,1,289519,23,289519.0,2700.0,45',2025-09-01 05:08:47
13086,725977,2339,away,1,4-2-3-1,1,0,23,289519,Nino Zugelj,Substitute,0,1,239166,19,239166.0,2700.0,45',0,0,-1,,,,2025-09-01 05:08:47
13086,725977,2339,away,1,4-2-3-1,1,0,2,205729,Piotr Johansson,Substitute,0,0,0,-1,,,,0,0,-1,,,,2025-09-01 05:08:47
13086,725977,2339,away,1,4-2-3-1,1,0,4,237053,Jacob Une,Substitute,0,0,0,-1,,,,0,0,-1,,,,2025-09-01 05:08:47
13086,725977,2339,away,1,4-2-3-1,1,0,31,403140,Ahmed Saeed,Substitute,0,1,312383,15,312383.0,4560.0,76',0,0,-1,,,,2025-09-01 05:08:47
13086,725977,2339,away,1,4-2-3-1,1,0,22,378837,Patric Åslund,Substitute,0,1,250697,17,250697.0,4200.0,70',0,0,-1,,,,2025-09-01 05:08:47
13086,725977,2339,away,1,4-2-3-1,1,0,11,372767,Zakaria Sawo,Substitute,0,0,0,-1,,,,0,0,-1,,,,2025-09-01 05:08:47
13086,725977,2339,away,1,4-2-3-1,1,0,12,357136,Theo Bergvall,Substitute,0,1,371596,27,371596.0,4140.0,69',0,0,-1,,,,2025-09-01 05:08:47
13086,725977,2339,away,1,4-2-3-1,1,0,14,272148,Hampus Finndell,Substitute,0,1,136911,6,136911.0,3600.0,60',0,0,-1,,,,2025-09-01 05:08:47
13086,725977,2339,away,1,4-2-3-1,1,0,35,203266,Jacob Rinne,Substitute,0,0,0,-1,,,,0,0,-1,,,,2025-09-01 05:08:47
13086,725978,994,home,1,5-4-1,1,1,15,133993,Kristoffer Nordfeldt,Goalkeeper,1,0,0,-1,,,,0,0,-1,,,,2025-09-16 05:13:33
13086,725978,994,home,1,5-4-1,1,1,17,229692,Mads Thychosen,Right Back,2,0,0,-1,,,,0,0,-1,,,,2025-09-16 05:13:33
13086,725978,994,home,1,5-4-1,1,1,2,312931,Eskil Edh,Left Back,3,0,0,-1,,,,0,0,-1,,,,2025-09-16 05:13:33
13086,725978,994,home,1,5-4-1,1,1,3,258904,Thomas Isherwood,Center Left Defender,4,0,0,-1,,,,0,0,-1,,,,2025-09-16 05:13:33
13086,725978,994,home,1,5-4-1,1,1,4,223140,Sotiris Papagiannopoulos,Center Defender,5,0,0,-1,,,,0,0,-1,,,,2025-09-16 05:13:33
13086,725978,994,home,1,5-4-1,1,1,32,222606,Filip Benkovic,Center Right Defender,6,0,0,-1,,,,0,0,-1,,,,2025-09-16 05:13:33
13086,725978,994,home,1,5-4-1,1,1,45,347636,Taha Ayari,Right Midfielder,7,0,0,-1,,,,1,322466,33,322466.0,3660.0,61',2025-09-16 05:13:33
13086,725978,994,home,1,5-4-1,1,1,7,193105,Anton Saletros,Center Right Midfielder,8,0,0,-1,,,,1,357135,18,357135.0,4320.0,72',2025-09-18 05:11:01
13086,725978,994,home,1,5-4-1,1,1,20,364726,Erik Flataker,Forward,9,0,0,-1,,,,1,406318,29,406318.0,4320.0,72',2025-09-16 05:13:33
13086,725978,994,home,1,5-4-1,1,1,19,237759,Dino Besirovic,Center Left Midfielder,10,0,0,-1,,,,1,409815,48,409815.0,5280.0,88',2025-09-18 05:11:01
13086,725978,994,home,1,5-4-1,1,1,19,237759,Dino Besirovic,Center Left Midfielder,10,0,0,-1,,,,1,409815,48,409815.0,4320.0,72',2025-09-18 05:11:01
13086,725978,994,home,1,5-4-1,1,1,10,215152,Bersant Celina,Left Midfielder,11,0,0,-1,,,,0,0,-1,,,,2025-09-16 05:13:33
13086,725978,994,home,1,5-4-1,1,0,29,406318,Kevin Filling,Substitute,0,1,364726,20,364726.0,4320.0,72',0,0,-1,,,,2025-09-16 05:13:33
13086,725978,994,home,1,5-4-1,1,0,48,409815,Axel Kouame,Substitute,0,1,237759,19,237759.0,4320.0,72',1,407059,36,407059.0,5280.0,88',2025-09-18 05:11:01
13086,725978,994,home,1,5-4-1,1,0,22,409497,Adrián Helm,Substitute,0,0,0,-1,,,,0,0,-1,,,,2025-09-16 05:13:33
13086,725978,994,home,1,5-4-1,1,0,36,407059,Zadok Yohanna,Substitute,0,1,409815,48,409815.0,5280.0,88',0,0,-1,,,,2025-09-16 05:13:33
13086,725978,994,home,1,5-4-1,1,0,36,407059,Zadok Yohanna,Substitute,0,1,409815,48,409815.0,4320.0,72',0,0,-1,,,,2025-09-16 05:13:33
13086,725978,994,home,1,5-4-1,1,0,46,406317,Yannick Geiger,Substitute,0,0,0,-1,,,,0,0,-1,,,,2025-09-16 05:13:33
13086,725978,994,home,1,5-4-1,1,0,30,218410,Kalle Joelsson,Substitute,0,0,0,-1,,,,0,0,-1,,,,2025-09-16 05:13:33
13086,725978,994,home,1,5-4-1,1,0,18,357135,Abdihakim Ali,Substitute,0,1,193105,7,193105.0,4320.0,72',0,0,-1,,,,2025-09-18 05:11:01
13086,725978,994,home,1,5-4-1,1,0,47,346655,Alexander Fesshaie,Substitute,0,0,0,-1,,,,0,0,-1,,,,2025-09-16 05:13:33
13086,725978,994,home,1,5-4-1,1,0,33,322466,Áron Csongvai,Substitute,0,1,347636,45,347636.0,3660.0,61',0,0,-1,,,,2025-09-16 05:13:33
13086,725978,8221,away,0,4-4-2,1,1,40,390019,Leo Cavallius,Goalkeeper,1,0,0,-1,,,,0,0,-1,,,,2025-09-16 05:13:33
13086,725978,8221,away,0,4-4-2,1,1,27,347458,Kaare Barslund,Right Back,2,0,0,-1,,,,0,0,-1,,,,2025-09-16 05:13:33
13086,725978,8221,away,0,4-4-2,1,1,6,313932,Oliver Zandén,Left Back,3,0,0,-1,,,,0,0,-1,,,,2025-09-16 05:13:33
13086,725978,8221,away,0,4-4-2,1,1,30,386345,Lukas Björklund,Center Right Midfielder,4,0,0,-1,,,,0,0,-1,,,,2025-09-16 05:13:33
13086,725978,8221,away,0,4-4-2,1,1,3,162464,Even Hovland,Center Right Defender,5,0,0,-1,,,,0,0,-1,,,,2025-09-16 05:13:33
13086,725978,8221,away,0,4-4-2,1,1,32,399427,Oskar Cotton,Center Left Defender,6,0,0,-1,,,,1,243322,19,243322.0,3780.0,63',2025-09-16 05:13:33
13086,725978,8221,away,0,4-4-2,1,1,21,302691,Alex Timossi Andersson,Right Midfielder,7,0,0,-1,,,,0,0,-1,,,,2025-09-16 05:13:33
13086,725978,8221,away,0,4-4-2,1,1,24,257624,Kevin Ackermann,Center Left Midfielder,8,0,0,-1,,,,0,0,-1,,,,2025-09-16 05:13:33
13086,725978,8221,away,0,4-4-2,1,1,7,320883,Victor Lind,Center Left Forward,9,0,0,-1,,,,1,399426,23,399426.0,2340.0,39',2025-09-16 05:13:33
13086,725978,8221,away,0,4-4-2,1,1,31,399423,Love Arrhov,Center Right Forward,10,0,0,-1,,,,1,208616,4,208616.0,5400.0,90'+5',2025-09-16 05:13:33
13086,725978,8221,away,0,4-4-2,1,1,20,232670,Issiaga Camara,Left Midfielder,11,0,0,-1,,,,1,336115,11,336115.0,3780.0,63',2025-09-16 05:13:33
13086,725978,8221,away,0,4-4-2,1,0,35,410909,Baba Apiiga,Substitute,0,0,0,-1,,,,0,0,-1,,,,2025-09-16 05:13:33
13086,725978,8221,away,0,4-4-2,1,0,37,410910,Oskar Jarde,Substitute,0,0,0,-1,,,,0,0,-1,,,,2025-09-16 05:13:33
13086,725978,8221,away,0,4-4-2,1,0,23,399426,Ezekiel Alladoh,Substitute,0,1,320883,7,320883.0,2340.0,39',0,0,-1,,,,2025-09-16 05:13:33
13086,725978,8221,away,0,4-4-2,1,0,2,306206,Hlynur Freyr Karlsson,Substitute,0,0,0,-1,,,,0,0,-1,,,,2025-09-16 05:13:33
13086,725978,8221,away,0,4-4-2,1,0,39,134643,Nabil Bahoui,Substitute,0,0,0,-1,,,,0,0,-1,,,,2025-09-16 05:13:33
13086,725978,8221,away,0,4-4-2,1,0,19,243322,Daleho Irandust,Substitute,0,1,399427,32,399427.0,3780.0,63',0,0,-1,,,,2025-09-16 05:13:33
13086,725978,8221,away,0,4-4-2,1,0,4,208616,Eric Bjorkander,Substitute,0,1,399423,31,399423.0,5400.0,90'+5',0,0,-1,,,,2025-09-16 05:13:33
13086,725978,8221,away,0,4-4-2,1,0,25,146116,Davor Blazevic,Substitute,0,0,0,-1,,,,0,0,-1,,,,2025-09-16 05:13:33
13086,725978,8221,away,0,4-4-2,1,0,11,336115,Rasmus Örqvist,Substitute,0,1,232670,20,232670.0,3780.0,63',0,0,-1,,,,2025-09-16 05:13:33
13086,725979,20856,home,0,5-3-2,1,1,26,194803,Matvei Igonen,Goalkeeper,1,0,0,-1,,,,0,0,-1,,,,2025-09-14 05:25:12
13086,725979,20856,home,0,5-3-2,1,1,28,238859,Marcus Godinho,Left Back,3,0,0,-1,,,,0,0,-1,,,,2025-09-14 05:25:12
13086,725979,20856,home,0,5-3-2,1,1,39,378634,Philippe Ndinga Ossibadjouo,Center Left Defender,4,0,0,-1,,,,0,0,-1,,,,2025-09-14 05:25:12
13086,725979,20856,home,0,5-3-2,1,1,15,324395,Nasiru Moro,Center Defender,5,0,0,-1,,,,0,0,-1,,,,2025-09-14 05:25:12
13086,725979,20856,home,0,5-3-2,1,1,6,235489,Daniel Sundgren,Center Right Defender,6,0,0,-1,,,,0,0,-1,,,,2025-09-14 05:25:12
13086,725979,20856,home,0,5-3-2,1,1,21,325409,Kazper Karlsson,Center Right Midfielder,7,0,0,-1,,,,0,0,-1,,,,2025-09-14 05:25:12
13086,725979,20856,home,0,5-3-2,1,1,11,218520,Christos Gravius,Center Midfielder,8,0,0,-1,,,,1,316173,19,316173.0,3720.0,62',2025-09-14 05:25:12
13086,725979,20856,home,0,5-3-2,1,1,29,275575,Santeri Haarala,Center Left Forward,9,0,0,-1,,,,0,0,-1,,,,2025-09-14 05:25:12
13086,725979,20856,home,0,5-3-2,1,1,17,304144,Armann Taranis,Center Right Forward,10,0,0,-1,,,,1,301374,8,301374.0,4800.0,80',2025-09-14 05:25:12
13086,725979,20856,home,0,5-3-2,1,1,10,364830,Marcus Rafferty,Center Left Midfielder,11,0,0,-1,,,,1,334867,22,334867.0,3720.0,62',2025-09-14 05:25:12
13086,725979,20856,home,0,5-3-2,1,0,12,236415,Erik Lindell,Substitute,0,1,205158,7,205158.0,2700.0,45',0,0,-1,,,,2025-09-14 05:25:12
13086,725979,20856,home,0,5-3-2,1,0,20,400141,Elias Barsoum,Substitute,0,0,0,-1,,,,0,0,-1,,,,2025-09-14 05:25:12
13086,725979,20856,home,0,5-3-2,1,0,30,255257,Bernardo Morgado,Substitute,0,0,0,-1,,,,0,0,-1,,,,2025-09-14 05:25:12
13086,725979,20856,home,0,5-3-2,1,0,2,256567,Mamadouba Diaby,Substitute,0,0,0,-1,,,,0,0,-1,,,,2025-09-14 05:25:12
13086,725979,20856,home,0,5-3-2,1,0,1,286770,Willie Jakobsson,Substitute,0,0,0,-1,,,,0,0,-1,,,,2025-09-14 05:25:12
13086,725979,20856,home,0,5-3-2,1,0,8,301374,Nahom Netabay,Substitute,0,1,304144,17,304144.0,4800.0,80',0,0,-1,,,,2025-09-14 05:25:12
13086,725979,20856,home,0,5-3-2,1,0,19,316173,Richie Omorowa,Substitute,0,1,218520,11,218520.0,3720.0,62',0,0,-1,,,,2025-09-14 05:25:12
13086,725979,20856,home,0,5-3-2,1,0,22,334867,Dijan Vukojevic,Substitute,0,1,364830,10,364830.0,3720.0,62',0,0,-1,,,,2025-09-14 05:25:12
13086,725979,20856,home,0,5-3-2,1,0,7,205158,Sebastian Ohlsson,Substitute,2,0,0,-1,,,,1,236415,12,236415.0,2700.0,45',2025-09-14 05:25:12
13086,725979,20301,away,1,3-4-3,1,1,1,301377,Noel Törnqvist,Goalkeeper,1,0,0,-1,,,,0,0,-1,,,,2025-09-14 05:25:12
13086,725979,20301,away,1,3-4-3,1,1,14,312876,Herman Johansson,Right Midfielder,2,0,0,-1,,,,0,0,-1,,,,2025-09-14 05:25:12
13086,725979,20301,away,1,3-4-3,1,1,17,357145,Elliot Stroud,Left Midfielder,3,0,0,-1,,,,0,0,-1,,,,2025-09-14 05:25:12
13086,725979,20301,away,1,3-4-3,1,1,24,172917,Tom Pettersson,Center Left Defender,4,0,0,-1,,,,1,382147,3,382147.0,4740.0,79',2025-09-14 05:25:12
13086,725979,20301,away,1,3-4-3,1,1,4,306289,Axel Norén,Center Defender,5,0,0,-1,,,,0,0,-1,,,,2025-09-14 05:25:12
13086,725979,20301,away,1,3-4-3,1,1,5,356281,Abdullah Iqbal,Center Right Defender,6,0,0,-1,,,,0,0,-1,,,,2025-09-14 05:25:12
13086,725979,20301,away,1,3-4-3,1,1,6,356408,Ludwig Malachowski,Center Right Midfielder,7,0,0,-1,,,,1,389637,39,389637.0,4680.0,78',2025-09-14 05:25:12
13086,725979,20301,away,1,3-4-3,1,1,22,192793,Jesper Gustavsson,Center Left Midfielder,8,0,0,-1,,,,0,0,-1,,,,2025-09-14 05:25:12
13086,725979,20301,away,1,3-4-3,1,1,16,301382,Alexander Johansson,Forward,9,0,0,-1,,,,1,293925,18,293925.0,3900.0,65',2025-09-14 05:25:12
13086,725979,20301,away,1,3-4-3,1,1,7,303651,Viktor Gustafson,Center Right Forward,10,0,0,-1,,,,1,380320,19,380320.0,2460.0,41',2025-09-14 05:25:12
13086,725979,20301,away,1,3-4-3,1,1,10,305758,Jeppe Kjaer Jensen,Center Left Forward,11,0,0,-1,,,,1,269109,11,269109.0,3840.0,64',2025-09-14 05:25:12
13086,725979,20301,away,1,3-4-3,1,0,3,382147,Christian Tchouante,Substitute,0,1,172917,24,172917.0,4740.0,79',0,0,-1,,,,2025-09-14 05:25:12
13086,725979,20301,away,1,3-4-3,1,0,35,151931,Alexander Lundin,Substitute,0,0,0,-1,,,,0,0,-1,,,,2025-09-14 05:25:12
13086,725979,20301,away,1,3-4-3,1,0,11,269109,Timo Stavitski,Substitute,0,1,305758,10,305758.0,3840.0,64',0,0,-1,,,,2025-09-14 05:25:12
13086,725979,20301,away,1,3-4-3,1,0,18,293925,Jacob Bergstrom,Substitute,0,1,301382,16,301382.0,3900.0,65',0,0,-1,,,,2025-09-14 05:25:12
13086,725979,20301,away,1,3-4-3,1,0,15,361860,Bork Bang-Kittilsen,Substitute,0,0,0,-1,,,,0,0,-1,,,,2025-09-14 05:25:12
13086,725979,20301,away,1,3-4-3,1,0,19,380320,Abdoulie Manneh,Substitute,0,1,303651,7,303651.0,2460.0,41',0,0,-1,,,,2025-09-14 05:25:12
13086,725979,20301,away,1,3-4-3,1,0,39,389637,Romeo Leandersson,Substitute,0,1,356408,6,356408.0,4680.0,78',0,0,-1,,,,2025-09-14 05:25:12
13086,725979,20301,away,1,3-4-3,1,0,27,346501,Ludvig Tidstrand,Substitute,0,0,0,-1,,,,0,0,-1,,,,2025-09-14 05:25:12
13086,725980,2339,home,0,4-2-3-1,1,1,35,203266,Jacob Rinne,Goalkeeper,1,0,0,-1,,,,0,0,-1,,,,2025-09-15 05:14:23
13086,725980,2339,home,0,4-2-3-1,1,1,12,357136,Theo Bergvall,Right Back,2,0,0,-1,,,,1,312383,15,312383.0,3780.0,63',2025-09-15 05:14:23
13086,725980,2339,home,0,4-2-3-1,1,1,27,371596,Keita Kosugi,Left Back,3,0,0,-1,,,,0,0,-1,,,,2025-09-15 05:14:23
13086,725980,2339,home,0,4-2-3-1,1,1,20,364226,Matias Siltanen,Left Midfielder,4,0,0,-1,,,,0,0,-1,,,,2025-09-15 05:14:23
13086,725980,2339,home,0,4-2-3-1,1,1,4,237053,Jacob Une,Center Right Defender,5,0,0,-1,,,,1,289721,5,289721.0,4740.0,79',2025-09-15 05:14:23
13086,725980,2339,home,0,4-2-3-1,1,1,3,172855,Marcus Danielson,Center Left Defender,6,0,0,-1,,,,0,0,-1,,,,2025-09-15 05:14:23
13086,725980,2339,home,0,4-2-3-1,1,1,18,269457,Adam Stahl,Attacking Midfielder Right,7,0,0,-1,,,,0,0,-1,,,,2025-09-15 05:14:23
13086,725980,2339,home,0,4-2-3-1,1,1,6,136911,Rasmus Schüller,Right Midfielder,8,0,0,-1,,,,1,334021,13,334021.0,3780.0,63',2025-09-15 05:14:23
13086,725980,2339,home,0,4-2-3-1,1,1,9,330460,August Priske,Forward,9,0,0,-1,,,,0,0,-1,,,,2025-09-15 05:14:23
13086,725980,2339,home,0,4-2-3-1,1,1,17,250697,Mikkel Anderson,Attacking Midfielder,10,0,0,-1,,,,1,378837,22,378837.0,4740.0,79',2025-09-15 05:14:23
13086,725980,2339,home,0,4-2-3-1,1,1,19,239166,Jeppe Okkels,Attacking Midfielder Left,11,0,0,-1,,,,1,164556,10,164556.0,4200.0,70',2025-09-15 05:14:23
13086,725980,2339,home,0,4-2-3-1,1,0,11,372767,Zakaria Sawo,Substitute,0,0,0,-1,,,,0,0,-1,,,,2025-09-15 05:14:23
13086,725980,2339,home,0,4-2-3-1,1,0,22,378837,Patric Åslund,Substitute,0,1,250697,17,250697.0,4740.0,79',0,0,-1,,,,2025-09-15 05:14:23
13086,725980,2339,home,0,4-2-3-1,1,0,5,289721,Miro Tenho,Substitute,0,1,237053,4,237053.0,4740.0,79',0,0,-1,,,,2025-09-15 05:14:23
13086,725980,2339,home,0,4-2-3-1,1,0,15,312383,Oskar Fallenius,Substitute,0,1,357136,12,357136.0,3780.0,63',0,0,-1,,,,2025-09-15 05:14:23
13086,725980,2339,home,0,4-2-3-1,1,0,8,120652,Albin Ekdal,Substitute,0,0,0,-1,,,,0,0,-1,,,,2025-09-15 05:14:23
13086,725980,2339,home,0,4-2-3-1,1,0,45,219533,Filip Manojlovic,Substitute,0,0,0,-1,,,,0,0,-1,,,,2025-09-15 05:14:23
13086,725980,2339,home,0,4-2-3-1,1,0,2,205729,Piotr Johansson,Substitute,0,0,0,-1,,,,0,0,-1,,,,2025-09-15 05:14:23
13086,725980,2339,home,0,4-2-3-1,1,0,10,164556,Tokmac Nguen,Substitute,0,1,239166,19,239166.0,4200.0,70',0,0,-1,,,,2025-09-15 05:14:23
13086,725980,2339,home,0,4-2-3-1,1,0,13,334021,Daniel Stensson,Substitute,0,1,136911,6,136911.0,3780.0,63',0,0,-1,,,,2025-09-15 05:14:23
13086,725980,2495,away,0,4-4-2,1,1,1,170727,Warner Hahn,Goalkeeper,1,0,0,-1,,,,0,0,-1,,,,2025-09-15 05:14:23
13086,725980,2495,away,0,4-4-2,1,1,2,382504,Hampus Skoglund,Right Back,2,0,0,-1,,,,0,0,-1,,,,2025-09-15 05:14:23
13086,725980,2495,away,0,4-4-2,1,1,3,272714,Frederik Winther,Left Back,3,0,0,-1,,,,0,0,-1,,,,2025-09-15 05:14:23
13086,725980,2495,away,0,4-4-2,1,1,8,22967,Markus Karlsson,Center Right Midfielder,4,0,0,-1,,,,0,0,-1,,,,2025-09-15 05:14:23
13086,725980,2495,away,0,4-4-2,1,1,6,249160,Pavle Vagic,Center Right Defender,5,0,0,-1,,,,0,0,-1,,,,2025-09-19 05:13:13
13086,725980,2495,away,0,4-4-2,1,1,4,334038,Victor Eriksson,Center Left Defender,6,0,0,-1,,,,0,0,-1,,,,2025-09-19 05:13:13
13086,725980,2495,away,0,4-4-2,1,1,28,344869,Frank Junior Adjei,Right Midfielder,7,0,0,-1,,,,1,312880,26,312880.0,3900.0,65',2025-09-15 05:14:23
13086,725980,2495,away,0,4-4-2,1,1,5,218436,Tesfaldet Tekie,Center Left Midfielder,8,0,0,-1,,,,0,0,-1,,,,2025-09-15 05:14:23
13086,725980,2495,away,0,4-4-2,1,1,7,303670,Paulos Abraham,Center Left Forward,9,0,0,-1,,,,1,269195,21,269195.0,4800.0,80',2025-09-15 05:14:23
13086,725980,2495,away,0,4-4-2,1,1,20,143585,Nahir Besara,Center Right Forward,10,0,0,-1,,,,0,0,-1,,,,2025-09-15 05:14:23
13086,725980,2495,away,0,4-4-2,1,1,11,205374,Oscar Johansson Schellhas,Left Midfielder,11,0,0,-1,,,,1,313464,17,313464.0,5400.0,90',2025-09-15 05:14:23
13086,725980,2495,away,0,4-4-2,1,0,22,210020,Jacob Ortmark,Substitute,0,0,0,-1,,,,0,0,-1,,,,2025-09-15 05:14:23
13086,725980,2495,away,0,4-4-2,1,0,15,380970,Adrian Lahdo,Substitute,0,0,0,-1,,,,0,0,-1,,,,2025-09-15 05:14:23
13086,725980,2495,away,0,4-4-2,1,0,23,378936,Obilor Okeke,Substitute,0,0,0,-1,,,,0,0,-1,,,,2025-09-15 05:14:23
13086,725980,2495,away,0,4-4-2,1,0,29,359099,Elohim Kaboré,Substitute,0,0,0,-1,,,,0,0,-1,,,,2025-09-15 05:14:23
13086,725980,2495,away,0,4-4-2,1,0,16,318778,Noah Persson,Substitute,0,0,0,-1,,,,0,0,-1,,,,2025-09-15 05:14:23
13086,725980,2495,away,0,4-4-2,1,0,17,313464,Ibrahim Fofana,Substitute,0,1,205374,11,205374.0,5400.0,90',0,0,-1,,,,2025-10-12 02:03:52
13086,725980,2495,away,0,4-4-2,1,0,26,312880,Montader Madjed,Substitute,0,1,344869,28,344869.0,3900.0,65',0,0,-1,,,,2025-09-15 05:14:23
13086,725980,2495,away,0,4-4-2,1,0,27,301372,Felix Jakobsson,Substitute,0,0,0,-1,,,,0,0,-1,,,,2025-09-15 05:14:23
13086,725980,2495,away,0,4-4-2,1,0,21,269195,Simon Strand,Substitute,0,1,303670,7,303670.0,4800.0,80',0,0,-1,,,,2025-09-15 05:14:23
13086,725981,529,home,0,4-4-2,1,1,1,400222,Simon Eriksson,Goalkeeper,1,0,0,-1,,,,0,0,-1,,,,2025-09-15 05:14:23
13086,725981,529,home,0,4-4-2,1,1,6,286729,Rasmus Wikstrom,Right Back,2,0,0,-1,,,,0,0,-1,,,,2025-09-15 05:14:23
13086,725981,529,home,0,4-4-2,1,1,23,134644,Niklas Hult,Left Back,3,0,0,-1,,,,0,0,-1,,,,2025-09-15 05:14:23
13086,725981,529,home,0,4-4-2,1,1,27,334024,Besfort Zeneli,Center Right Midfielder,4,0,0,-1,,,,1,304180,24,304180.0,5400.0,90'+1',2025-09-15 05:14:23
13086,725981,529,home,0,4-4-2,1,1,8,194092,Sebastian Holmén,Center Right Defender,5,0,0,-1,,,,1,362584,20,362584.0,3240.0,54',2025-09-15 05:14:23
13086,725981,529,home,0,4-4-2,1,1,29,341452,Ibrahim Buhari,Center Left Defender,6,0,0,-1,,,,0,0,-1,,,,2025-09-15 05:14:23
13086,725981,529,home,0,4-4-2,1,1,9,202705,Arbër Zeneli,Right Midfielder,7,0,0,-1,,,,1,303614,11,303614.0,3960.0,66',2025-09-15 05:14:23
13086,725981,529,home,0,4-4-2,1,1,5,303480,Wenderson,Center Left Midfielder,8,0,0,-1,,,,0,0,-1,,,,2025-09-15 05:14:23
13086,725981,529,home,0,4-4-2,1,1,21,388173,Leo Östman,Center Left Forward,9,0,0,-1,,,,1,342093,25,342093.0,3960.0,66',2025-09-15 05:14:23
13086,725981,529,home,0,4-4-2,1,1,18,305401,Júlíus Magnússon,Center Right Forward,10,0,0,-1,,,,0,0,-1,,,,2025-09-15 05:14:23
13086,725981,529,home,0,4-4-2,1,1,15,173040,Simon Hedlund,Left Midfielder,11,0,0,-1,,,,0,0,-1,,,,2025-09-15 05:14:23
13086,725981,529,home,0,4-4-2,1,0,25,342093,Ari Sigurpálsson,Substitute,0,1,388173,21,388173.0,3960.0,66',0,0,-1,,,,2025-09-15 05:14:23
13086,725981,529,home,0,4-4-2,1,0,16,402326,Altti Hellemaa,Substitute,0,0,0,-1,,,,0,0,-1,,,,2025-09-15 05:14:23
13086,725981,529,home,0,4-4-2,1,0,13,146012,Johan Larsson,Substitute,0,0,0,-1,,,,0,0,-1,,,,2025-09-15 05:14:23
13086,725981,529,home,0,4-4-2,1,0,28,389426,Frode Aronsson,Substitute,0,0,0,-1,,,,0,0,-1,,,,2025-09-15 05:14:23
13086,725981,529,home,0,4-4-2,1,0,20,362584,Gottfrid Rapp,Substitute,0,1,194092,8,194092.0,3240.0,54',0,0,-1,,,,2025-09-15 05:14:23
13086,725981,529,home,0,4-4-2,1,0,17,174501,Per Frick,Substitute,0,0,0,-1,,,,0,0,-1,,,,2025-09-15 05:14:23
13086,725981,529,home,0,4-4-2,1,0,24,304180,Frederik Ihler,Substitute,0,1,334024,27,334024.0,5400.0,90'+1',0,0,-1,,,,2025-09-15 05:14:23
13086,725981,529,home,0,4-4-2,1,0,11,303614,Taylor Silverholt,Substitute,0,1,202705,9,202705.0,3960.0,66',0,0,-1,,,,2025-09-15 05:14:23
13086,725981,529,home,0,4-4-2,1,0,31,250169,Isak Pettersson,Substitute,0,0,0,-1,,,,0,0,-1,,,,2025-09-15 05:14:23
13086,725981,2720,away,0,4-4-2,1,1,30,178176,Robin Olsen,Goalkeeper,1,0,0,-1,,,,0,0,-1,,,,2025-09-15 05:14:23
13086,725981,2720,away,0,4-4-2,1,1,17,193186,Jens Stryger Larsen,Right Back,2,0,0,-1,,,,0,0,-1,,,,2025-09-15 05:14:23
13086,725981,2720,away,0,4-4-2,1,1,25,301219,Busanello,Left Back,3,0,0,-1,,,,0,0,-1,,,,2025-09-15 05:14:23
13086,725981,2720,away,0,4-4-2,1,1,23,286434,Lasse Berg Johnsen,Center Right Midfielder,4,0,0,-1,,,,1,194453,21,194453.0,5040.0,84',2025-09-15 05:14:23
13086,725981,2720,away,0,4-4-2,1,1,18,135579,Pontus Jansson,Center Right Defender,5,0,0,-1,,,,0,0,-1,,,,2025-09-15 05:14:23
13086,725981,2720,away,0,4-4-2,1,1,5,312108,Andrej Duric,Center Left Defender,6,0,0,-1,,,,0,0,-1,,,,2025-09-15 05:14:23
13086,725981,2720,away,0,4-4-2,1,1,38,330239,Hugo Bolin,Right Midfielder,7,0,0,-1,,,,0,0,-1,,,,2025-09-15 05:14:23
13086,725981,2720,away,0,4-4-2,1,1,37,364698,Adrian Skogmar,Center Left Midfielder,8,0,0,-1,,,,0,0,-1,,,,2025-09-15 05:14:23
13086,725981,2720,away,0,4-4-2,1,1,32,360023,Daniel Gudjohnsen,Center Left Forward,9,0,0,-1,,,,1,381395,40,381395.0,4680.0,78',2025-09-15 05:14:23
13086,725981,2720,away,0,4-4-2,1,1,29,218450,Sead Haksabanovic,Center Right Forward,10,0,0,-1,,,,1,308880,11,308880.0,4680.0,78',2025-09-15 05:14:23
13086,725981,2720,away,0,4-4-2,1,1,8,255228,Arnór Sigurdsson,Left Midfielder,11,0,0,-1,,,,1,314164,22,314164.0,1800.0,30',2025-09-15 05:14:23
13086,725981,2720,away,0,4-4-2,1,0,22,314164,Taha Ali,Substitute,0,1,255228,8,255228.0,1800.0,30',0,0,-1,,,,2025-09-15 05:14:23
13086,725981,2720,away,0,4-4-2,1,0,40,381395,Kenan Busuladzic,Substitute,0,1,360023,32,360023.0,4680.0,78',0,0,-1,,,,2025-09-15 05:14:23
13086,725981,2720,away,0,4-4-2,1,0,2,9101,Johan Karlsson,Substitute,0,0,0,-1,,,,0,0,-1,,,,2025-09-15 05:14:23
13086,725981,2720,away,0,4-4-2,1,0,11,308880,Emmanuel Ekong,Substitute,0,1,218450,29,218450.0,4680.0,78',0,0,-1,,,,2025-09-15 05:14:23
13086,725981,2720,away,0,4-4-2,1,0,33,307800,Melker Ellborg,Substitute,0,0,0,-1,,,,0,0,-1,,,,2025-09-15 05:14:23
13086,725981,2720,away,0,4-4-2,1,0,10,149538,Anders Christiansen,Substitute,0,0,0,-1,,,,0,0,-1,,,,2025-09-15 05:14:23
13086,725981,2720,away,0,4-4-2,1,0,21,194453,Stefano Vecchia,Substitute,0,1,286434,23,286434.0,5040.0,84',0,0,-1,,,,2025-09-15 05:14:23
13086,725981,2720,away,0,4-4-2,1,0,19,279135,Colin Rösler,Substitute,0,0,0,-1,,,,0,0,-1,,,,2025-09-15 05:14:23
13086,725982,3017,home,0,3-4-2-1,1,1,12,195094,Tim Erlandsson,Goalkeeper,1,0,0,-1,,,,0,0,-1,,,,2025-09-14 05:25:12
13086,725982,3017,home,0,3-4-2-1,1,1,11,357140,Villiam Granath,Right Midfielder,2,0,0,-1,,,,0,0,-1,,,,2025-09-14 05:25:12
13086,725982,3017,home,0,3-4-2-1,1,1,24,240486,Rami Kaib,Left Midfielder,3,0,0,-1,,,,0,0,-1,,,,2025-09-14 05:25:12
13086,725982,3017,home,0,3-4-2-1,1,1,2,381647,Bleon Kurtulus,Center Left Defender,4,0,0,-1,,,,0,0,-1,,,,2025-09-14 05:25:12
13086,725982,3017,home,0,3-4-2-1,1,1,4,289329,Filip Schyberg,Center Defender,5,0,0,-1,,,,0,0,-1,,,,2025-09-14 05:25:12
13086,725982,3017,home,0,3-4-2-1,1,1,5,178687,Pascal Gregor,Center Right Defender,6,0,0,-1,,,,0,0,-1,,,,2025-09-14 05:25:12
13086,725982,3017,home,0,3-4-2-1,1,1,6,147211,Joel Allansson,Center Right Midfielder,7,0,0,-1,,,,0,0,-1,,,,2025-09-14 05:25:12
13086,725982,3017,home,0,3-4-2-1,1,1,27,313722,Rocco Ascone,Center Left Midfielder,8,0,0,-1,,,,1,409580,32,409580.0,4620.0,77',2025-09-14 05:25:12
13086,725982,3017,home,0,3-4-2-1,1,1,28,334002,Malte Persson,Forward,9,0,0,-1,,,,1,399508,29,399508.0,4560.0,76',2025-09-14 05:25:12
13086,725982,3017,home,0,3-4-2-1,1,1,8,289719,Niilo Mäenpää,Center Right Forward,10,0,0,-1,,,,1,303666,17,303666.0,4200.0,70',2025-09-14 05:25:12
13086,725982,3017,home,0,3-4-2-1,1,1,13,237843,Gíisli Eyjólfsson,Center Left Forward,11,0,0,-1,,,,0,0,-1,,,,2025-09-14 05:25:12
13086,725982,3017,home,0,3-4-2-1,1,0,32,409580,Vincent Johansson,Substitute,0,1,313722,27,313722.0,4620.0,77',0,0,-1,,,,2025-09-14 05:25:12
13086,725982,3017,home,0,3-4-2-1,1,0,33,403402,Oliver Kapsimalis,Substitute,0,0,0,-1,,,,0,0,-1,,,,2025-09-14 05:25:12
13086,725982,3017,home,0,3-4-2-1,1,0,19,401274,Marvin Illary,Substitute,0,0,0,-1,,,,0,0,-1,,,,2025-09-14 05:25:12
13086,725982,3017,home,0,3-4-2-1,1,0,29,399508,Erik Arvidsson,Substitute,0,1,334002,28,334002.0,4560.0,76',0,0,-1,,,,2025-09-14 05:25:12
13086,725982,3017,home,0,3-4-2-1,1,0,1,264481,Tim Rönning,Substitute,0,0,0,-1,,,,0,0,-1,,,,2025-09-14 05:25:12
13086,725982,3017,home,0,3-4-2-1,1,0,26,359293,Mans Andersson,Substitute,0,0,0,-1,,,,0,0,-1,,,,2025-09-14 05:25:12
13086,725982,3017,home,0,3-4-2-1,1,0,3,357142,Gabriel Wallentin,Substitute,0,0,0,-1,,,,0,0,-1,,,,2025-09-14 05:25:12
13086,725982,3017,home,0,3-4-2-1,1,0,17,303666,André Boman,Substitute,0,1,289719,8,289719.0,4200.0,70',0,0,-1,,,,2025-09-14 05:25:12
13086,725982,3017,home,0,3-4-2-1,1,0,21,121282,Marcus Olsson,Substitute,0,0,0,-1,,,,0,0,-1,,,,2025-09-14 05:25:12
13086,725982,8544,away,0,5-4-1,1,1,40,19242,David Andersson,Goalkeeper,1,0,0,-1,,,,0,0,-1,,,,2025-09-14 05:25:12
13086,725982,8544,away,0,5-4-1,1,1,37,345975,Moutaz Neffati,Right Back,2,0,0,-1,,,,0,0,-1,,,,2025-09-14 05:25:12
13086,725982,8544,away,0,5-4-1,1,1,3,359167,Marcus Baggesen,Left Back,3,0,0,-1,,,,0,0,-1,,,,2025-09-14 05:25:12
13086,725982,8544,away,0,5-4-1,1,1,17,409648,Abdoulie Tamba,Center Left Defender,4,0,0,-1,,,,1,334015,24,334015.0,3840.0,64',2025-09-14 05:25:12
13086,725982,8544,away,0,5-4-1,1,1,25,364988,Kevin Höög Jansson,Center Defender,5,0,0,-1,,,,1,356374,4,356374.0,2700.0,45',2025-09-14 05:25:12
13086,725982,8544,away,0,5-4-1,1,1,19,238431,Max Watson,Center Right Defender,6,0,0,-1,,,,0,0,-1,,,,2025-09-14 05:25:12
13086,725982,8544,away,0,5-4-1,1,1,10,188022,David Moberg-Karlsson,Right Midfielder,7,0,0,-1,,,,1,400219,18,400219.0,4980.0,83',2025-09-14 05:25:12
13086,725982,8544,away,0,5-4-1,1,1,7,232279,Alexander Fransson,Center Right Midfielder,8,0,0,-1,,,,0,0,-1,,,,2025-09-14 05:25:12
13086,725982,8544,away,0,5-4-1,1,1,5,158978,Christoffer Nyman,Forward,9,0,0,-1,,,,0,0,-1,,,,2025-09-14 05:25:12
13086,725982,8544,away,0,5-4-1,1,1,9,230353,Arnór Traustason,Center Left Midfielder,10,0,0,-1,,,,0,0,-1,,,,2025-09-14 05:25:12
13086,725982,8544,away,0,5-4-1,1,1,8,321404,Ísak Andri Sigurgeirsson,Left Midfielder,11,0,0,-1,,,,0,0,-1,,,,2025-09-14 05:25:12
13086,725982,8544,away,0,5-4-1,1,0,31,329668,Jesper Lindvall,Substitute,0,0,0,-1,,,,0,0,-1,,,,2025-09-14 05:25:12
13086,725982,8544,away,0,5-4-1,1,0,45,409804,Christoffer Petersen,Substitute,0,0,0,-1,,,,0,0,-1,,,,2025-09-14 05:25:12
13086,725982,8544,away,0,5-4-1,1,0,32,404755,William Bergman,Substitute,0,0,0,-1,,,,0,0,-1,,,,2025-09-14 05:25:12
13086,725982,8544,away,0,5-4-1,1,0,20,400367,Axel Brönner,Substitute,0,0,0,-1,,,,0,0,-1,,,,2025-09-14 05:25:12
13086,725982,8544,away,0,5-4-1,1,0,18,400219,Jónatan Gudni Arnarsson,Substitute,0,1,188022,10,188022.0,4980.0,83',0,0,-1,,,,2025-09-14 05:25:12
13086,725982,8544,away,0,5-4-1,1,0,28,389749,Åke Andersson,Substitute,0,0,0,-1,,,,0,0,-1,,,,2025-09-14 05:25:12
13086,725982,8544,away,0,5-4-1,1,0,30,380189,Theo Krantz,Substitute,0,0,0,-1,,,,0,0,-1,,,,2025-09-14 05:25:12
13086,725982,8544,away,0,5-4-1,1,0,4,356374,Amadeus Sögaard,Substitute,0,1,364988,25,364988.0,2700.0,45',0,0,-1,,,,2025-09-14 05:25:12
13086,725982,8544,away,0,5-4-1,1,0,24,334015,Anton Eriksson,Substitute,0,1,409648,17,409648.0,3840.0,64',0,0,-1,,,,2025-09-14 05:25:12
13086,725983,7834,home,0,4-5-1,1,1,99,125312,Etrit Berisha,Goalkeeper,1,0,0,-1,,,,0,0,-1,,,,2025-09-16 05:13:33
13086,725983,7834,home,0,4-5-1,1,1,11,378812,Julius Lindberg,Right Back,2,0,0,-1,,,,0,0,-1,,,,2025-09-16 05:13:33
13086,725983,7834,home,0,4-5-1,1,1,21,194293,Adam Lundkvist,Left Back,3,0,0,-1,,,,1,357139,16,357139.0,4920.0,82',2025-09-16 05:13:33
13086,725983,7834,home,0,4-5-1,1,1,10,239184,Mikkel Rygaard,Center Right Midfielder,4,0,0,-1,,,,0,0,-1,,,,2025-09-16 05:13:33
13086,725983,7834,home,0,4-5-1,1,1,4,271086,Marius Lode,Center Right Defender,5,0,0,-1,,,,0,0,-1,,,,2025-09-16 05:13:33
13086,725983,7834,home,0,4-5-1,1,1,23,336672,Olle Samuelsson,Center Left Defender,6,0,0,-1,,,,1,165722,22,165722.0,4920.0,82',2025-09-16 05:13:33
13086,725983,7834,home,0,4-5-1,1,1,24,271087,Amor Layouni,Right Midfielder,7,0,0,-1,,,,0,0,-1,,,,2025-09-16 05:13:33
13086,725983,7834,home,0,4-5-1,1,1,8,355408,Silas Andersen,Center Left Midfielder,8,0,0,-1,,,,0,0,-1,,,,2025-09-16 05:13:33
13086,725983,7834,home,0,4-5-1,1,1,20,407050,Adrian Svanbäck,Forward,9,0,0,-1,,,,0,0,-1,,,,2025-09-16 05:13:33
13086,725983,7834,home,0,4-5-1,1,1,15,356369,Samuel Leach Holm,Attacking Midfielder,10,0,0,-1,,,,1,366143,19,366143.0,4320.0,72',2025-09-16 05:13:33
13086,725983,7834,home,0,4-5-1,1,1,29,366829,Severin Nioule,Left Midfielder,11,0,0,-1,,,,1,357023,18,357023.0,3600.0,60',2025-09-16 05:13:33
13086,725983,7834,home,0,4-5-1,1,0,19,366143,John Paul Dembe,Substitute,0,1,356369,15,356369.0,4320.0,72',0,0,-1,,,,2025-09-16 05:13:33
13086,725983,7834,home,0,4-5-1,1,0,22,165722,Filip Helander,Substitute,0,1,336672,23,336672.0,4920.0,82',0,0,-1,,,,2025-09-16 05:13:33
13086,725983,7834,home,0,4-5-1,1,0,44,393324,Harry Hilvenius,Substitute,0,0,0,-1,,,,0,0,-1,,,,2025-09-16 05:13:33
13086,725983,7834,home,0,4-5-1,1,0,32,121827,Oscar Jansson,Substitute,0,0,0,-1,,,,0,0,-1,,,,2025-09-16 05:13:33
13086,725983,7834,home,0,4-5-1,1,0,7,343960,Sanders Ngabo,Substitute,0,0,0,-1,,,,0,0,-1,,,,2025-09-16 05:13:33
13086,725983,7834,home,0,4-5-1,1,0,27,385001,Christ Wawa,Substitute,0,0,0,-1,,,,0,0,-1,,,,2025-09-16 05:13:33
13086,725983,7834,home,0,4-5-1,1,0,18,357023,Danilo Al-Saed,Substitute,0,1,366829,29,366829.0,3600.0,60',0,0,-1,,,,2025-09-16 05:13:33
13086,725983,7834,home,0,4-5-1,1,0,16,357139,Pontus Dahbo,Substitute,0,1,194293,21,194293.0,4920.0,82',0,0,-1,,,,2025-09-16 05:13:33
13086,725983,7834,home,0,4-5-1,1,0,13,361537,Sigge Jansson,Substitute,0,0,0,-1,,,,0,0,-1,,,,2025-09-16 05:13:33
13086,725983,2556,away,1,4-3-3,1,1,25,359784,Elis Bishesari,Goalkeeper,1,0,0,-1,,,,0,0,-1,,,,2025-09-16 05:13:33
13086,725983,2556,away,1,4-3-3,1,1,29,343958,Thomas Santos,Right Back,2,0,0,-1,,,,0,0,-1,,,,2025-09-16 05:13:33
13086,725983,2556,away,1,4-3-3,1,1,22,383948,Noah Tolf,Left Back,3,0,0,-1,,,,0,0,-1,,,,2025-09-16 05:13:33
13086,725983,2556,away,1,4-3-3,1,1,15,307947,David Kruse,Center Midfielder,4,0,0,-1,,,,0,0,-1,,,,2025-09-16 05:13:33
13086,725983,2556,away,1,4-3-3,1,1,13,83736,Gustav Svensson,Center Right Defender,5,0,0,-1,,,,0,0,-1,,,,2025-09-16 05:13:33
13086,725983,2556,away,1,4-3-3,1,1,3,241163,August Erlingmark,Center Left Defender,6,0,0,-1,,,,0,0,-1,,,,2025-09-16 05:13:33
13086,725983,2556,away,1,4-3-3,1,1,8,297985,Imam Jagne,Right Midfielder,7,0,0,-1,,,,1,289882,23,289882.0,3360.0,56',2025-09-16 05:13:33
13086,725983,2556,away,1,4-3-3,1,1,14,219163,Tobias Heintz,Left Midfielder,8,0,0,-1,,,,0,0,-1,,,,2025-09-16 05:13:33
13086,725983,2556,away,1,4-3-3,1,1,9,303768,Max Fenger,Forward,9,0,0,-1,,,,1,343826,16,343826.0,5160.0,86',2025-09-16 05:13:33
13086,725983,2556,away,1,4-3-3,1,1,11,297099,Saidou Alioum Moubarak,Right Forward,10,0,0,-1,,,,1,380238,26,380238.0,3780.0,63',2025-09-16 05:13:33
13086,725983,2556,away,1,4-3-3,1,1,7,390390,Sebastian Clemmensen,Left Forward,11,0,0,-1,,,,1,222784,10,222784.0,3420.0,57',2025-09-16 05:13:33
13086,725983,2556,away,1,4-3-3,1,0,10,222784,Ramon Pascal Lundqvist,Substitute,0,1,390390,7,390390.0,3420.0,57',0,0,-1,,,,2025-09-16 05:13:33
13086,725983,2556,away,1,4-3-3,1,0,27,401205,Alfons Borén,Substitute,0,0,0,-1,,,,0,0,-1,,,,2025-09-16 05:13:33
13086,725983,2556,away,1,4-3-3,1,0,1,235504,Pontus Dahlberg,Substitute,0,0,0,-1,,,,0,0,-1,,,,2025-09-16 05:13:33
13086,725983,2556,away,1,4-3-3,1,0,23,289882,Kolbeinn Thordarson,Substitute,0,1,297985,8,297985.0,3360.0,56',0,0,-1,,,,2025-09-16 05:13:33
13086,725983,2556,away,1,4-3-3,1,0,16,343826,Linus Carlstrand,Substitute,0,1,303768,9,303768.0,5160.0,86',0,0,-1,,,,2025-09-16 05:13:33
13086,725983,2556,away,1,4-3-3,1,0,18,349811,Felix Eriksson,Substitute,0,0,0,-1,,,,0,0,-1,,,,2025-09-16 05:13:33
13086,725983,2556,away,1,4-3-3,1,0,4,366598,Rockson Yeboah,Substitute,0,0,0,-1,,,,0,0,-1,,,,2025-09-16 05:13:33
13086,725983,2556,away,1,4-3-3,1,0,26,380238,Benjamin Brantlind,Substitute,0,1,297099,11,297099.0,3780.0,63',0,0,-1,,,,2025-09-16 05:13:33
13086,725984,8547,home,1,4-2-3-1,1,1,34,325348,David Celic,Goalkeeper,1,0,0,-1,,,,0,0,-1,,,,2025-09-15 05:14:23
13086,725984,8547,home,1,4-2-3-1,1,1,2,235919,Henrik Castegren,Right Back,2,0,0,-1,,,,0,0,-1,,,,2025-09-15 05:14:23
13086,725984,8547,home,1,4-2-3-1,1,1,22,243517,Oscar Krusnell,Left Back,3,0,0,-1,,,,0,0,-1,,,,2025-09-15 05:14:23
13086,725984,8547,home,1,4-2-3-1,1,1,17,15527,Marcus Lindberg,Left Midfielder,4,0,0,-1,,,,0,0,-1,,,,2025-09-15 05:14:23
13086,725984,8547,home,1,4-2-3-1,1,1,15,186504,Simon Sandberg,Center Right Defender,5,0,0,-1,,,,0,0,-1,,,,2025-09-15 05:14:23
13086,725984,8547,home,1,4-2-3-1,1,1,4,366597,Tobias Anker,Center Left Defender,6,0,0,-1,,,,0,0,-1,,,,2025-09-15 05:14:23
13086,725984,8547,home,1,4-2-3-1,1,1,7,22706,Joakim Persson,Attacking Midfielder Right,7,0,0,-1,,,,0,0,-1,,,,2025-09-15 05:14:23
13086,725984,8547,home,1,4-2-3-1,1,1,10,358564,Melker Heier,Right Midfielder,8,0,0,-1,,,,0,0,-1,,,,2025-09-15 05:14:23
13086,725984,8547,home,1,4-2-3-1,1,1,9,322993,Robbie Ure,Forward,9,0,0,-1,,,,1,309271,19,309271.0,5400.0,90',2025-09-15 05:14:23
13086,725984,8547,home,1,4-2-3-1,1,1,14,323176,Leo Walta,Attacking Midfielder,10,0,0,-1,,,,1,379166,8,379166.0,5400.0,90',2025-09-15 05:14:23
13086,725984,8547,home,1,4-2-3-1,1,1,29,344867,Isak Bjerkebo,Attacking Midfielder Left,11,0,0,-1,,,,1,401059,24,401059.0,4740.0,79',2025-09-15 05:14:23
13086,725984,8547,home,1,4-2-3-1,1,0,5,25076,Tobias Carlsson,Substitute,0,0,0,-1,,,,0,0,-1,,,,2025-09-15 05:14:23
13086,725984,8547,home,1,4-2-3-1,1,0,21,235518,Dennis Widgren,Substitute,0,0,0,-1,,,,0,0,-1,,,,2025-09-15 05:14:23
13086,725984,8547,home,1,4-2-3-1,1,0,13,298341,Jakob Voelkerling Persson,Substitute,0,0,0,-1,,,,0,0,-1,,,,2025-09-15 05:14:23
13086,725984,8547,home,1,4-2-3-1,1,0,18,315677,Adam Wikman,Substitute,0,0,0,-1,,,,0,0,-1,,,,2025-09-15 05:14:23
13086,725984,8547,home,1,4-2-3-1,1,0,3,299250,Bogdan Milovanov,Substitute,0,0,0,-1,,,,0,0,-1,,,,2025-09-15 05:14:23
13086,725984,8547,home,1,4-2-3-1,1,0,19,309271,Noel Milleskog,Substitute,0,1,322993,9,322993.0,5400.0,90',0,0,-1,,,,2025-09-15 05:14:23
13086,725984,8547,home,1,4-2-3-1,1,0,1,313973,Ismael Diawara,Substitute,0,0,0,-1,,,,0,0,-1,,,,2025-09-15 05:14:23
13086,725984,8547,home,1,4-2-3-1,1,0,8,379166,Matthias Nartey,Substitute,0,1,323176,14,323176.0,5400.0,90',0,0,-1,,,,2025-09-15 05:14:23
13086,725984,8547,home,1,4-2-3-1,1,0,24,401059,Victor Svensson,Substitute,0,1,344867,29,344867.0,4740.0,79',0,0,-1,,,,2025-09-15 05:14:23
13086,725984,8222,away,0,4-3-3,1,1,1,312877,Mergim Krasniqi,Goalkeeper,1,0,0,-1,,,,0,0,-1,,,,2025-09-15 05:14:23
13086,725984,8222,away,0,4-3-3,1,1,6,378806,August Wängberg,Right Back,2,0,0,-1,,,,0,0,-1,,,,2025-09-15 05:14:23
13086,725984,8222,away,0,4-3-3,1,1,2,400217,Matteo de Brienne,Left Back,3,0,0,-1,,,,0,0,-1,,,,2025-09-15 05:14:23
13086,725984,8222,away,0,4-3-3,1,1,18,313931,Kevin Holmén,Center Midfielder,4,0,0,-1,,,,1,149765,25,149765.0,3720.0,62',2025-09-15 05:14:23
13086,725984,8222,away,0,4-3-3,1,1,12,356377,Robin Frej,Center Right Defender,5,0,0,-1,,,,0,0,-1,,,,2025-09-15 05:14:23
13086,725984,8222,away,0,4-3-3,1,1,24,378826,Filip Beckman,Center Left Defender,6,0,0,-1,,,,0,0,-1,,,,2025-09-15 05:14:23
13086,725984,8222,away,0,4-3-3,1,1,8,312852,William Milovanovic,Right Midfielder,7,0,0,-1,,,,1,379955,14,379955.0,4740.0,79',2025-09-15 05:14:23
13086,725984,8222,away,0,4-3-3,1,1,8,312852,William Milovanovic,Right Midfielder,7,0,0,-1,,,,1,379955,14,379955.0,1620.0,27',2025-09-15 05:14:23
13086,725984,8222,away,0,4-3-3,1,1,10,347031,Amin Boudri,Left Midfielder,8,0,0,-1,,,,0,0,-1,,,,2025-09-15 05:14:23
13086,725984,8222,away,0,4-3-3,1,1,19,308726,Ibrahim Diabaté,Forward,9,0,0,-1,,,,1,235766,28,235766.0,4740.0,79',2025-10-12 02:03:52
13086,725984,8222,away,0,4-3-3,1,1,9,378816,Gustav Lundgren,Right Forward,10,0,0,-1,,,,0,0,-1,,,,2025-09-15 05:14:23
13086,725984,8222,away,0,4-3-3,1,1,11,334033,Edvin Becirovic,Left Forward,11,0,0,-1,,,,1,400221,16,400221.0,3720.0,62',2025-09-15 05:14:23
13086,725984,8222,away,0,4-3-3,1,0,13,360878,Kees Sims,Substitute,0,0,0,-1,,,,0,0,-1,,,,2025-09-15 05:14:23
13086,725984,8222,away,0,4-3-3,1,0,14,379955,Filip Gustafsson,Substitute,0,1,312852,8,312852.0,1620.0,27',1,378811,7,378811.0,4740.0,79',2025-09-15 05:14:23
13086,725984,8222,away,0,4-3-3,1,0,22,378820,Anes Cardaklija,Substitute,0,0,0,-1,,,,0,0,-1,,,,2025-09-15 05:14:23
13086,725984,8222,away,0,4-3-3,1,0,7,378811,Joackim Åberg,Substitute,0,1,379955,14,379955.0,4740.0,79',0,0,-1,,,,2025-09-15 05:14:23
13086,725984,8222,away,0,4-3-3,1,0,7,378811,Joackim Åberg,Substitute,0,1,379955,14,379955.0,1620.0,27',0,0,-1,,,,2025-09-15 05:14:23
13086,725984,8222,away,0,4-3-3,1,0,27,357143,Anton Kurochkin,Substitute,0,0,0,-1,,,,0,0,-1,,,,2025-09-15 05:14:23
13086,725984,8222,away,0,4-3-3,1,0,4,333728,Oskar Ågren,Substitute,0,0,0,-1,,,,0,0,-1,,,,2025-09-15 05:14:23
13086,725984,8222,away,0,4-3-3,1,0,28,235766,Lucas Hedlund,Substitute,0,1,308726,19,308726.0,4740.0,79',0,0,-1,,,,2025-09-15 05:14:23
13086,725984,8222,away,0,4-3-3,1,0,25,149765,Jonas Lindberg,Substitute,0,1,313931,18,313931.0,3720.0,62',0,0,-1,,,,2025-09-15 05:14:23
13086,725984,8222,away,0,4-3-3,1,0,16,400221,Rasmus Niklasson Petrovic,Substitute,0,1,334033,11,334033.0,3720.0,62',0,0,-1,,,,2025-09-15 05:14:23
13086,725985,2936,home,1,4-3-3,1,1,13,400366,Robin Wallinder,Goalkeeper,1,0,0,-1,,,,0,0,-1,,,,2025-09-15 05:14:23
13086,725985,2936,home,1,4-3-3,1,1,33,354345,Tatu Varmanen,Right Back,2,0,0,-1,,,,0,0,-1,,,,2025-09-15 05:14:23
13086,725985,2936,home,1,4-3-3,1,1,14,173508,Dennis Olsson,Left Back,3,0,0,-1,,,,0,0,-1,,,,2025-09-15 05:14:23
13086,725985,2936,home,1,4-3-3,1,1,26,238868,Magnus Christensen,Center Midfielder,4,0,0,-1,,,,0,0,-1,,,,2025-09-15 05:14:23
13086,725985,2936,home,1,4-3-3,1,1,5,354352,Mattis Adolfsson,Center Right Defender,5,0,0,-1,,,,0,0,-1,,,,2025-09-15 05:14:23
13086,725985,2936,home,1,4-3-3,1,1,15,316395,Ivan Kricak,Center Left Defender,6,0,0,-1,,,,0,0,-1,,,,2025-09-15 05:14:23
13086,725985,2936,home,1,4-3-3,1,1,10,334005,Oscar Uddenas,Right Midfielder,7,0,0,-1,,,,1,312874,24,312874.0,4260.0,71',2025-09-15 05:14:23
13086,725985,2936,home,1,4-3-3,1,1,8,385181,Daniel Ask,Left Midfielder,8,0,0,-1,,,,1,398188,9,398188.0,4260.0,71',2025-09-15 05:14:23
13086,725985,2936,home,1,4-3-3,1,1,7,275993,Anssi Suhonen,Forward,9,0,0,-1,,,,0,0,-1,,,,2025-09-15 05:14:23
13086,725985,2936,home,1,4-3-3,1,1,20,217300,Alibek Aliev,Right Forward,10,0,0,-1,,,,0,0,-1,,,,2025-09-15 05:14:23
13086,725985,2936,home,1,4-3-3,1,1,23,222639,Vladimir Rodic,Left Forward,11,0,0,-1,,,,1,311161,18,311161.0,3360.0,56',2025-09-15 05:14:23
13086,725985,2936,home,1,4-3-3,1,0,32,400368,Carl Lundahl Persson,Substitute,0,0,0,-1,,,,0,0,-1,,,,2025-09-15 05:14:23
13086,725985,2936,home,1,4-3-3,1,0,9,398188,Niklas Soderberg,Substitute,0,1,385181,8,385181.0,4260.0,71',0,0,-1,,,,2025-09-15 05:14:23
13086,725985,2936,home,1,4-3-3,1,0,3,380190,Kingsley Gyamfi,Substitute,0,0,0,-1,,,,0,0,-1,,,,2025-09-15 05:14:23
13086,725985,2936,home,1,4-3-3,1,0,16,349204,Raymond Adjei,Substitute,0,0,0,-1,,,,0,0,-1,,,,2025-09-15 05:14:23
13086,725985,2936,home,1,4-3-3,1,0,24,312874,Patriot Sejdiu,Substitute,0,1,334005,10,334005.0,4260.0,71',0,0,-1,,,,2025-09-15 05:14:23
13086,725985,2936,home,1,4-3-3,1,0,18,311161,Daniel Ljung,Substitute,0,1,222639,23,222639.0,3360.0,56',0,0,-1,,,,2025-09-15 05:14:23
13086,725985,2936,home,1,4-3-3,1,0,6,307747,Noah Soderberg,Substitute,0,0,0,-1,,,,0,0,-1,,,,2025-09-15 05:14:23
13086,725985,2936,home,1,4-3-3,1,0,4,238435,Sebastian Starke Hedlund,Substitute,0,0,0,-1,,,,0,0,-1,,,,2025-09-15 05:14:23
13086,725985,2936,home,1,4-3-3,1,0,29,162497,Chris Kouakou,Substitute,0,0,0,-1,,,,0,0,-1,,,,2025-10-12 02:03:52
13086,725985,21382,away,0,4-4-2,1,1,1,277177,Hugo Keto,Goalkeeper,1,0,0,-1,,,,0,0,-1,,,,2025-09-15 05:14:23
13086,725985,21382,away,0,4-4-2,1,1,5,334035,Victor Larsson,Right Back,2,0,0,-1,,,,1,380552,2,380552.0,4560.0,76',2025-09-15 05:14:23
13086,725985,21382,away,0,4-4-2,1,1,3,272272,Axel Björnström,Left Back,3,0,0,-1,,,,0,0,-1,,,,2025-09-15 05:14:23
13086,725985,21382,away,0,4-4-2,1,1,11,187920,Kent-Are Antonsen,Center Right Midfielder,4,0,0,-1,,,,0,0,-1,,,,2025-09-15 05:14:23
13086,725985,21382,away,0,4-4-2,1,1,4,383897,Rufai Mohammed,Center Right Defender,5,0,0,-1,,,,0,0,-1,,,,2025-09-15 05:14:23
13086,725985,21382,away,0,4-4-2,1,1,27,159526,Souleymane Coulibaly,Center Left Defender,6,0,0,-1,,,,0,0,-1,,,,2025-09-15 05:14:23
13086,725985,21382,away,0,4-4-2,1,1,18,381397,Mohammad Alsalkhadi,Right Midfielder,7,0,0,-1,,,,1,386317,16,386317.0,3960.0,66',2025-09-15 05:14:23
13086,725985,21382,away,0,4-4-2,1,1,25,312873,Noah Shamoun,Center Left Midfielder,8,0,0,-1,,,,1,303750,21,303750.0,4560.0,76',2025-09-15 05:14:23
13086,725985,21382,away,0,4-4-2,1,1,9,341437,Kai Meriluoto,Center Left Forward,9,0,0,-1,,,,0,0,-1,,,,2025-09-15 05:14:23
13086,725985,21382,away,0,4-4-2,1,1,14,153631,Marcus Antonsson,Center Right Forward,10,0,0,-1,,,,1,267616,6,267616.0,4800.0,80',2025-09-15 05:14:23
13086,725985,21382,away,0,4-4-2,1,1,10,345479,Ajdin Zeljkovic,Left Midfielder,11,0,0,-1,,,,1,185955,15,185955.0,3900.0,65',2025-09-15 05:14:23
13086,725985,21382,away,0,4-4-2,1,0,19,407158,Erik Freij,Substitute,0,0,0,-1,,,,0,0,-1,,,,2025-09-15 05:14:23
13086,725985,21382,away,0,4-4-2,1,0,40,409510,Adin Tihic,Substitute,0,0,0,-1,,,,0,0,-1,,,,2025-09-15 05:14:23
13086,725985,21382,away,0,4-4-2,1,0,16,386317,Antonio Kujundzic,Substitute,0,1,381397,18,381397.0,3960.0,66',0,0,-1,,,,2025-09-15 05:14:23
13086,725985,21382,away,0,4-4-2,1,0,24,357202,Emin Grozdanic,Substitute,0,0,0,-1,,,,0,0,-1,,,,2025-09-15 05:14:23
13086,725985,21382,away,0,4-4-2,1,0,20,334028,Freddy Winsth,Substitute,0,0,0,-1,,,,0,0,-1,,,,2025-09-15 05:14:23
13086,725985,21382,away,0,4-4-2,1,0,15,185955,Pawel Cibicki,Substitute,0,1,345479,10,345479.0,3900.0,65',0,0,-1,,,,2025-09-15 05:14:23
13086,725985,21382,away,0,4-4-2,1,0,21,303750,Abdulrazaq Ishaq,Substitute,0,1,312873,25,312873.0,4560.0,76',0,0,-1,,,,2025-09-15 05:14:23
13086,725985,21382,away,0,4-4-2,1,0,6,267616,Hugo Andersson,Substitute,0,1,153631,14,153631.0,4800.0,80',0,0,-1,,,,2025-09-15 05:14:23
13086,725985,21382,away,0,4-4-2,1,0,2,380552,Johan Rapp,Substitute,0,1,334035,5,334035.0,4560.0,76',0,0,-1,,,,2025-09-15 05:14:23
13086,725986,8222,home,1,4-3-3,1,1,1,312877,Mergim Krasniqi,Goalkeeper,1,0,0,-1,,,,0,0,-1,,,,2025-09-21 05:15:32
13086,725986,8222,home,1,4-3-3,1,1,12,356377,Robin Frej,Right Back,2,0,0,-1,,,,0,0,-1,,,,2025-09-21 05:15:32
13086,725986,8222,home,1,4-3-3,1,1,2,400217,Matteo de Brienne,Left Back,3,0,0,-1,,,,0,0,-1,,,,2025-09-21 05:15:32
13086,725986,8222,home,1,4-3-3,1,1,7,378811,Joackim Åberg,Center Midfielder,4,0,0,-1,,,,1,379955,14,379955.0,3600.0,60',2025-09-21 05:15:32
13086,725986,8222,home,1,4-3-3,1,1,22,378820,Anes Cardaklija,Center Right Defender,5,0,0,-1,,,,0,0,-1,,,,2025-09-21 05:15:32
13086,725986,8222,home,1,4-3-3,1,1,4,333728,Oskar Ågren,Center Left Defender,6,0,0,-1,,,,0,0,-1,,,,2025-09-21 05:15:32
13086,725986,8222,home,1,4-3-3,1,1,8,312852,William Milovanovic,Right Midfielder,7,0,0,-1,,,,0,0,-1,,,,2025-09-21 05:15:32
13086,725986,8222,home,1,4-3-3,1,1,10,347031,Amin Boudri,Left Midfielder,8,0,0,-1,,,,1,149765,25,149765.0,5400.0,90'+4',2025-09-21 05:15:32
13086,725986,8222,home,1,4-3-3,1,1,19,308726,Ibrahim Diabate,Forward,9,0,0,-1,,,,1,235766,28,235766.0,4860.0,81',2025-10-20 05:19:51
13086,725986,8222,home,1,4-3-3,1,1,9,378816,Gustav Lundgren,Right Forward,10,0,0,-1,,,,0,0,-1,,,,2025-09-21 05:15:32
13086,725986,8222,home,1,4-3-3,1,1,27,357143,Anton Kurochkin,Left Forward,11,0,0,-1,,,,1,400221,16,400221.0,3600.0,60',2025-09-21 05:15:32
13086,725986,8222,home,1,4-3-3,1,0,6,378806,August Wängberg,Substitute,0,0,0,-1,,,,0,0,-1,,,,2025-09-21 05:15:32
13086,725986,8222,home,1,4-3-3,1,0,11,334033,Edvin Becirovic,Substitute,0,0,0,-1,,,,0,0,-1,,,,2025-09-21 05:15:32
13086,725986,8222,home,1,4-3-3,1,0,28,235766,Lucas Hedlund,Substitute,0,1,308726,19,308726.0,4860.0,81',0,0,-1,,,,2025-09-21 05:15:32
13086,725986,8222,home,1,4-3-3,1,0,25,149765,Jonas Lindberg,Substitute,0,1,347031,10,347031.0,5400.0,90'+4',0,0,-1,,,,2025-09-21 05:15:32
13086,725986,8222,home,1,4-3-3,1,0,13,360878,Kees Sims,Substitute,0,0,0,-1,,,,0,0,-1,,,,2025-09-21 05:15:32
13086,725986,8222,home,1,4-3-3,1,0,24,378826,Filip Beckman,Substitute,0,0,0,-1,,,,0,0,-1,,,,2025-09-21 05:15:32
13086,725986,8222,home,1,4-3-3,1,0,14,379955,Filip Gustafsson,Substitute,0,1,378811,7,378811.0,3600.0,60',0,0,-1,,,,2025-09-21 05:15:32
13086,725986,8222,home,1,4-3-3,1,0,16,400221,Rasmus Niklasson Petrovic,Substitute,0,1,357143,27,357143.0,3600.0,60',0,0,-1,,,,2025-09-21 05:15:32
13086,725986,8222,home,1,4-3-3,1,0,21,409647,Shalom Ekong,Substitute,0,0,0,-1,,,,0,0,-1,,,,2025-09-21 05:15:32
13086,725986,529,away,0,4-4-2,1,1,1,400222,Simon Eriksson,Goalkeeper,1,0,0,-1,,,,0,0,-1,,,,2025-09-21 05:15:32
13086,725986,529,away,0,4-4-2,1,1,6,286729,Rasmus Wikstrom,Right Back,2,0,0,-1,,,,0,0,-1,,,,2025-09-21 05:15:32
13086,725986,529,away,0,4-4-2,1,1,23,134644,Niklas Hult,Left Back,3,0,0,-1,,,,0,0,-1,,,,2025-09-21 05:15:32
13086,725986,529,away,0,4-4-2,1,1,27,334024,Besfort Zeneli,Center Right Midfielder,4,0,0,-1,,,,1,218707,7,218707.0,4380.0,73',2025-09-21 05:15:32
13086,725986,529,away,0,4-4-2,1,1,29,341452,Ibrahim Buhari,Center Right Defender,5,0,0,-1,,,,1,146012,13,146012.0,4380.0,73',2025-09-21 05:15:32
13086,725986,529,away,0,4-4-2,1,1,4,202682,Daniel Granli,Center Left Defender,6,0,0,-1,,,,0,0,-1,,,,2025-09-21 05:15:32
13086,725986,529,away,0,4-4-2,1,1,9,202705,Arbër Zeneli,Right Midfielder,7,0,0,-1,,,,1,342093,25,342093.0,3540.0,59',2025-09-21 05:15:32
13086,725986,529,away,0,4-4-2,1,1,5,303480,Wenderson,Center Left Midfielder,8,0,0,-1,,,,0,0,-1,,,,2025-09-21 05:15:32
13086,725986,529,away,0,4-4-2,1,1,21,388173,Leo Östman,Center Left Forward,9,0,0,-1,,,,1,304180,24,304180.0,3540.0,59',2025-09-21 05:15:32
13086,725986,529,away,0,4-4-2,1,1,18,305401,Júlíus Magnússon,Center Right Forward,10,0,0,-1,,,,1,174501,17,174501.0,4080.0,68',2025-09-21 05:15:32
13086,725986,529,away,0,4-4-2,1,1,15,173040,Simon Hedlund,Left Midfielder,11,0,0,-1,,,,0,0,-1,,,,2025-09-21 05:15:32
13086,725986,529,away,0,4-4-2,1,0,28,389426,Frode Aronsson,Substitute,0,0,0,-1,,,,0,0,-1,,,,2025-09-21 05:15:32
13086,725986,529,away,0,4-4-2,1,0,20,362584,Gottfrid Rapp,Substitute,0,0,0,-1,,,,0,0,-1,,,,2025-09-21 05:15:32
13086,725986,529,away,0,4-4-2,1,0,25,342093,Ari Sigurpálsson,Substitute,0,1,202705,9,202705.0,3540.0,59',0,0,-1,,,,2025-09-21 05:15:32
13086,725986,529,away,0,4-4-2,1,0,24,304180,Frederik Ihler,Substitute,0,1,388173,21,388173.0,3540.0,59',0,0,-1,,,,2025-09-21 05:15:32
13086,725986,529,away,0,4-4-2,1,0,11,303614,Taylor Silverholt,Substitute,0,0,0,-1,,,,0,0,-1,,,,2025-09-21 05:15:32
13086,725986,529,away,0,4-4-2,1,0,31,250169,Isak Pettersson,Substitute,0,0,0,-1,,,,0,0,-1,,,,2025-09-21 05:15:32
13086,725986,529,away,0,4-4-2,1,0,7,218707,Jens Jakob Thomasen,Substitute,0,1,334024,27,334024.0,4380.0,73',0,0,-1,,,,2025-09-21 05:15:32
13086,725986,529,away,0,4-4-2,1,0,17,174501,Per Frick,Substitute,0,1,305401,18,305401.0,4080.0,68',0,0,-1,,,,2025-09-21 05:15:32
13086,725986,529,away,0,4-4-2,1,0,13,146012,Johan Larsson,Substitute,0,1,341452,29,341452.0,4380.0,73',0,0,-1,,,,2025-09-21 05:15:32
13086,725987,2495,home,1,4-3-1-2,1,1,1,170727,Warner Hahn,Goalkeeper,1,0,0,-1,,,,0,0,-1,,,,2025-09-22 05:10:02
13086,725987,2495,home,1,4-3-1-2,1,1,2,382504,Hampus Skoglund,Right Back,2,0,0,-1,,,,0,0,-1,,,,2025-09-22 05:10:02
13086,725987,2495,home,1,4-3-1-2,1,1,3,272714,Frederik Winther,Left Back,3,0,0,-1,,,,0,0,-1,,,,2025-09-22 05:10:02
13086,725987,2495,home,1,4-3-1-2,1,1,5,218436,Tesfaldet Tekie,Center Midfielder,4,0,0,-1,,,,1,344869,28,344869.0,4860.0,81',2025-09-22 05:10:02
13086,725987,2495,home,1,4-3-1-2,1,1,17,313464,Ibrahima Fofana,Center Right Defender,5,0,0,-1,,,,0,0,-1,,,,2025-10-20 05:19:51
13086,725987,2495,home,1,4-3-1-2,1,1,6,249160,Pavle Vagic,Center Left Defender,6,0,0,-1,,,,0,0,-1,,,,2025-09-22 05:10:02
13086,725987,2495,home,1,4-3-1-2,1,1,26,312880,Montader Madjed,Right Midfielder,7,0,0,-1,,,,1,378936,23,378936.0,4380.0,73',2025-09-22 05:10:02
13086,725987,2495,home,1,4-3-1-2,1,1,8,22967,Markus Karlsson,Attacking Midfielder,8,0,0,-1,,,,0,0,-1,,,,2025-09-22 05:10:02
13086,725987,2495,home,1,4-3-1-2,1,1,20,143585,Nahir Besara,Center Right Forward,9,0,0,-1,,,,1,380970,15,380970.0,4380.0,73',2025-09-22 05:10:02
13086,725987,2495,home,1,4-3-1-2,1,1,7,303670,Paulos Abraham,Midfielder,10,0,0,-1,,,,1,359099,29,359099.0,4380.0,73',2025-09-22 05:10:02
13086,725987,2495,home,1,4-3-1-2,1,1,11,205374,Oscar Johansson Schellhas,Left Midfielder,11,0,0,-1,,,,1,396022,34,396022.0,5100.0,85',2025-09-22 05:10:02
13086,725987,2495,home,1,4-3-1-2,1,0,22,210020,Jacob Ortmark,,0,0,0,-1,,,,0,0,-1,,,,2025-09-22 05:10:02
13086,725987,2495,home,1,4-3-1-2,1,0,34,396022,Wilson Lindberg Uhrström,,0,1,205374,11,205374.0,5100.0,85',0,0,-1,,,,2025-09-22 05:10:02
13086,725987,2495,home,1,4-3-1-2,1,0,15,380970,Adrian Lahdo,,0,1,143585,20,143585.0,4380.0,73',0,0,-1,,,,2025-09-22 05:10:02
13086,725987,2495,home,1,4-3-1-2,1,0,23,378936,Obilor Okeke,,0,1,312880,26,312880.0,4380.0,73',0,0,-1,,,,2025-09-22 05:10:02
13086,725987,2495,home,1,4-3-1-2,1,0,28,344869,Frank Junior Adjei,,0,1,218436,5,218436.0,4860.0,81',0,0,-1,,,,2025-09-22 05:10:02
13086,725987,2495,home,1,4-3-1-2,1,0,19,308433,Nikola Vasic,,0,0,0,-1,,,,0,0,-1,,,,2025-09-22 05:10:02
13086,725987,2495,home,1,4-3-1-2,1,0,27,301372,Felix Jakobsson,,0,0,0,-1,,,,0,0,-1,,,,2025-09-22 05:10:02
13086,725987,2495,home,1,4-3-1-2,1,0,21,269195,Simon Strand,,0,0,0,-1,,,,0,0,-1,,,,2025-09-22 05:10:02
13086,725987,2495,home,1,4-3-1-2,1,0,29,359099,Elohim Kaboré,,0,1,303670,7,303670.0,4380.0,73',0,0,-1,,,,2025-09-22 05:10:02
13086,725987,7834,away,0,4-4-2,1,1,32,121827,Oscar Jansson,Goalkeeper,1,0,0,-1,,,,0,0,-1,,,,2025-09-22 05:10:02
13086,725987,7834,away,0,4-4-2,1,1,11,378812,Julius Lindberg,Right Back,2,0,0,-1,,,,1,393324,44,393324.0,3660.0,61',2025-09-22 05:10:02
13086,725987,7834,away,0,4-4-2,1,1,23,336672,Olle Samuelsson,Left Back,3,0,0,-1,,,,0,0,-1,,,,2025-09-22 05:10:02
13086,725987,7834,away,0,4-4-2,1,1,15,356369,Samuel Leach Holm,Center Right Midfielder,4,0,0,-1,,,,0,0,-1,,,,2025-09-22 05:10:02
13086,725987,7834,away,0,4-4-2,1,1,4,271086,Marius Lode,Center Right Defender,5,0,0,-1,,,,0,0,-1,,,,2025-09-22 05:10:02
13086,725987,7834,away,0,4-4-2,1,1,22,165722,Filip Helander,Center Left Defender,6,0,0,-1,,,,0,0,-1,,,,2025-09-22 05:10:02
13086,725987,7834,away,0,4-4-2,1,1,24,271087,Amor Layouni,Right Midfielder,7,0,0,-1,,,,1,385001,27,385001.0,4980.0,83',2025-09-22 05:10:02
13086,725987,7834,away,0,4-4-2,1,1,14,185916,Simon Gustafson,Center Left Midfielder,8,0,0,-1,,,,0,0,-1,,,,2025-09-22 05:10:02
13086,725987,7834,away,0,4-4-2,1,1,19,366143,John Paul Dembe,Center Left Forward,9,0,0,-1,,,,1,364749,39,364749.0,3660.0,61',2025-09-22 05:10:02
13086,725987,7834,away,0,4-4-2,1,1,20,407050,Adrian Svanbäck,Center Right Forward,10,0,0,-1,,,,1,357139,16,357139.0,3660.0,61',2025-09-22 05:10:02
13086,725987,7834,away,0,4-4-2,1,1,29,366829,Severin Nioule,Left Midfielder,11,0,0,-1,,,,1,357023,18,357023.0,3660.0,61',2025-09-22 05:10:02
13086,725987,7834,away,0,4-4-2,1,0,33,411165,Viktor Alestig,Substitute,0,0,0,-1,,,,0,0,-1,,,,2025-09-22 05:10:02
13086,725987,7834,away,0,4-4-2,1,0,31,407096,Lasse Madsen,Substitute,0,0,0,-1,,,,0,0,-1,,,,2025-09-22 05:10:02
13086,725987,7834,away,0,4-4-2,1,0,44,393324,Harry Hilvenius,Substitute,0,1,378812,11,378812.0,3660.0,61',0,0,-1,,,,2025-09-22 05:10:02
13086,725987,7834,away,0,4-4-2,1,0,27,385001,Christ Wawa,Substitute,0,1,271087,24,271087.0,4980.0,83',0,0,-1,,,,2025-09-22 05:10:02
13086,725987,7834,away,0,4-4-2,1,0,13,361537,Sigge Jansson,Substitute,0,0,0,-1,,,,0,0,-1,,,,2025-09-22 05:10:02
13086,725987,7834,away,0,4-4-2,1,0,16,357139,Pontus Dahbo,Substitute,0,1,407050,20,407050.0,3660.0,61',0,0,-1,,,,2025-09-22 05:10:02
13086,725987,7834,away,0,4-4-2,1,0,18,357023,Danilo Al-Saed,Substitute,0,1,366829,29,366829.0,3660.0,61',0,0,-1,,,,2025-09-22 05:10:02
13086,725987,7834,away,0,4-4-2,1,0,7,343960,Sanders Ngabo,Substitute,0,0,0,-1,,,,0,0,-1,,,,2025-09-22 05:10:02
13086,725987,7834,away,0,4-4-2,1,0,39,364749,Isak Brusberg,Substitute,0,1,366143,19,366143.0,3660.0,61',0,0,-1,,,,2025-09-22 05:10:02
13086,725988,2556,home,0,4-2-3-1,1,1,1,235504,Pontus Dahlberg,Goalkeeper,1,0,0,-1,,,,0,0,-1,,,,2025-09-22 05:10:02
13086,725988,2556,home,0,4-2-3-1,1,1,29,343958,Thomas Santos,Right Back,2,0,0,-1,,,,0,0,-1,,,,2025-09-22 05:10:02
13086,725988,2556,home,0,4-2-3-1,1,1,22,383948,Noah Tolf,Left Back,3,0,0,-1,,,,0,0,-1,,,,2025-09-22 05:10:02
13086,725988,2556,home,0,4-2-3-1,1,1,15,307947,David Kruse,Left Midfielder,4,0,0,-1,,,,0,0,-1,,,,2025-09-22 05:10:02
13086,725988,2556,home,0,4-2-3-1,1,1,13,83736,Gustav Svensson,Center Right Defender,5,0,0,-1,,,,0,0,-1,,,,2025-09-22 05:10:02
13086,725988,2556,home,0,4-2-3-1,1,1,3,241163,August Erlingmark,Center Left Defender,6,0,0,-1,,,,0,0,-1,,,,2025-09-22 05:10:02
13086,725988,2556,home,0,4-2-3-1,1,1,11,297099,Saidou Alioum Moubarak,Attacking Midfielder Right,7,0,0,-1,,,,1,390390,7,390390.0,3540.0,59',2025-09-22 05:10:02
13086,725988,2556,home,0,4-2-3-1,1,1,23,289882,Kolbeinn Thordarson,Right Midfielder,8,0,0,-1,,,,0,0,-1,,,,2025-09-22 05:10:02
13086,725988,2556,home,0,4-2-3-1,1,1,9,303768,Max Fenger,Forward,9,0,0,-1,,,,0,0,-1,,,,2025-09-22 05:10:02
13086,725988,2556,home,0,4-2-3-1,1,1,14,219163,Tobias Heintz,Attacking Midfielder,10,0,0,-1,,,,0,0,-1,,,,2025-09-22 05:10:02
13086,725988,2556,home,0,4-2-3-1,1,1,10,222784,Ramon Pascal Lundqvist,Attacking Midfielder Left,11,0,0,-1,,,,1,380238,26,380238.0,3540.0,59',2025-09-22 05:10:02
13086,725988,2556,home,0,4-2-3-1,1,0,12,403450,Linus Dahlgren,Substitute,0,0,0,-1,,,,0,0,-1,,,,2025-09-22 05:10:02
13086,725988,2556,home,0,4-2-3-1,1,0,27,401205,Alfons Borén,Substitute,0,0,0,-1,,,,0,0,-1,,,,2025-09-22 05:10:02
13086,725988,2556,home,0,4-2-3-1,1,0,7,390390,Sebastian Clemmensen,Substitute,0,1,297099,11,297099.0,3540.0,59',0,0,-1,,,,2025-09-22 05:10:02
13086,725988,2556,home,0,4-2-3-1,1,0,26,380238,Benjamin Brantlind,Substitute,0,1,222784,10,222784.0,3540.0,59',0,0,-1,,,,2025-09-22 05:10:02
13086,725988,2556,home,0,4-2-3-1,1,0,18,349811,Felix Eriksson,Substitute,0,0,0,-1,,,,0,0,-1,,,,2025-09-22 05:10:02
13086,725988,2556,home,0,4-2-3-1,1,0,4,366598,Rockson Yeboah,Substitute,0,0,0,-1,,,,0,0,-1,,,,2025-09-22 05:10:02
13086,725988,2556,home,0,4-2-3-1,1,0,8,297985,Imam Jagne,Substitute,0,0,0,-1,,,,0,0,-1,,,,2025-09-22 05:10:02
13086,725988,2556,home,0,4-2-3-1,1,0,16,343826,Linus Carlstrand,Substitute,0,0,0,-1,,,,0,0,-1,,,,2025-09-22 05:10:02
13086,725988,8221,away,1,4-2-3-1,1,1,40,390019,Leo Cavallius,Goalkeeper,1,0,0,-1,,,,0,0,-1,,,,2025-09-22 05:10:02
13086,725988,8221,away,1,4-2-3-1,1,1,21,302691,Alex Timossi Andersson,Right Back,2,0,0,-1,,,,0,0,-1,,,,2025-09-22 05:10:02
13086,725988,8221,away,1,4-2-3-1,1,1,6,313932,Oliver Zandén,Left Back,3,0,0,-1,,,,0,0,-1,,,,2025-09-22 05:10:02
13086,725988,8221,away,1,4-2-3-1,1,1,20,232670,Issiaga Camara,Left Midfielder,4,0,0,-1,,,,1,243322,19,243322.0,3840.0,64',2025-09-22 05:10:02
13086,725988,8221,away,1,4-2-3-1,1,1,27,347458,Kaare Barslund,Center Right Defender,5,0,0,-1,,,,1,251486,5,251486.0,2700.0,45',2025-09-22 05:10:02
13086,725988,8221,away,1,4-2-3-1,1,1,3,162464,Even Hovland,Center Left Defender,6,0,0,-1,,,,0,0,-1,,,,2025-09-22 05:10:02
13086,725988,8221,away,1,4-2-3-1,1,1,30,386345,Lukas Björklund,Attacking Midfielder Right,7,0,0,-1,,,,1,134643,39,134643.0,5220.0,87',2025-09-22 05:10:02
13086,725988,8221,away,1,4-2-3-1,1,1,24,257624,Kevin Ackermann,Right Midfielder,8,0,0,-1,,,,0,0,-1,,,,2025-09-22 05:10:02
13086,725988,8221,away,1,4-2-3-1,1,1,23,399426,Ezekiel Alladoh,Forward,9,0,0,-1,,,,0,0,-1,,,,2025-09-22 05:10:02
13086,725988,8221,away,1,4-2-3-1,1,1,31,399423,Love Arrhov,Attacking Midfielder,10,0,0,-1,,,,1,208616,4,208616.0,5280.0,88',2025-09-22 05:10:02
13086,725988,8221,away,1,4-2-3-1,1,1,11,336115,Rasmus Örqvist,Attacking Midfielder Left,11,0,0,-1,,,,1,195090,28,195090.0,4740.0,79',2025-09-22 05:10:02
13086,725988,8221,away,1,4-2-3-1,1,0,39,134643,Nabil Bahoui,Substitute,0,1,386345,30,386345.0,5220.0,87',0,0,-1,,,,2025-09-22 05:10:02
13086,725988,8221,away,1,4-2-3-1,1,0,36,411166,Courage Otokwefor,Substitute,0,0,0,-1,,,,0,0,-1,,,,2025-09-22 05:10:02
13086,725988,8221,away,1,4-2-3-1,1,0,37,410910,Oskar Jarde,Substitute,0,0,0,-1,,,,0,0,-1,,,,2025-09-22 05:10:02
13086,725988,8221,away,1,4-2-3-1,1,0,35,410909,Baba Apiiga,Substitute,0,0,0,-1,,,,0,0,-1,,,,2025-09-22 05:10:02
13086,725988,8221,away,1,4-2-3-1,1,0,5,251486,Serge-Junior Martinsson Ngouali,Substitute,0,1,347458,27,347458.0,2700.0,45',0,0,-1,,,,2025-09-22 05:10:02
13086,725988,8221,away,1,4-2-3-1,1,0,19,243322,Daleho Irandust,Substitute,0,1,232670,20,232670.0,3840.0,64',0,0,-1,,,,2025-09-22 05:10:02
13086,725988,8221,away,1,4-2-3-1,1,0,4,208616,Eric Bjorkander,Substitute,0,1,399423,31,399423.0,5280.0,88',0,0,-1,,,,2025-09-22 05:10:02
13086,725988,8221,away,1,4-2-3-1,1,0,28,195090,Isak Ssewankambo,Substitute,0,1,336115,11,336115.0,4740.0,79',0,0,-1,,,,2025-09-22 05:10:02
13086,725988,8221,away,1,4-2-3-1,1,0,25,146116,Davor Blazevic,Substitute,0,0,0,-1,,,,0,0,-1,,,,2025-09-22 05:10:02
13086,725989,2720,home,0,4-4-2,1,1,30,178176,Robin Olsen,Goalkeeper,1,0,0,-1,,,,0,0,-1,,,,2025-09-21 05:15:32
13086,725989,2720,home,0,4-4-2,1,1,17,193186,Jens Stryger Larsen,Right Back,2,0,0,-1,,,,0,0,-1,,,,2025-09-21 05:15:32
13086,725989,2720,home,0,4-4-2,1,1,25,301219,Busanello,Left Back,3,0,0,-1,,,,0,0,-1,,,,2025-09-21 05:15:32
13086,725989,2720,home,0,4-4-2,1,1,23,286434,Lasse Berg Johnsen,Center Right Midfielder,4,0,0,-1,,,,1,149538,10,149538.0,3960.0,66',2025-09-21 05:15:32
13086,725989,2720,home,0,4-4-2,1,1,18,135579,Pontus Jansson,Center Right Defender,5,0,0,-1,,,,0,0,-1,,,,2025-09-21 05:15:32
13086,725989,2720,home,0,4-4-2,1,1,19,279135,Colin Rösler,Center Left Defender,6,0,0,-1,,,,0,0,-1,,,,2025-09-21 05:15:32
13086,725989,2720,home,0,4-4-2,1,1,37,364698,Adrian Skogmar,Right Midfielder,7,0,0,-1,,,,0,0,-1,,,,2025-09-21 05:15:32
13086,725989,2720,home,0,4-4-2,1,1,7,315679,Otto Rosengren,Center Left Midfielder,8,0,0,-1,,,,0,0,-1,,,,2025-09-21 05:15:32
13086,725989,2720,home,0,4-4-2,1,1,32,360023,Daniel Gudjohnsen,Center Left Forward,9,0,0,-1,,,,1,308880,11,308880.0,5220.0,87',2025-09-21 05:15:32
13086,725989,2720,home,0,4-4-2,1,1,29,218450,Sead Haksabanovic,Center Right Forward,10,0,0,-1,,,,1,381395,40,381395.0,5160.0,86',2025-09-21 05:15:32
13086,725989,2720,home,0,4-4-2,1,1,38,330239,Hugo Bolin,Left Midfielder,11,0,0,-1,,,,1,138055,16,138055.0,5220.0,87',2025-09-21 05:15:32
13086,725989,2720,home,0,4-4-2,1,0,40,381395,Kenan Busuladzic,Substitute,0,1,218450,29,218450.0,5160.0,86',0,0,-1,,,,2025-09-21 05:15:32
13086,725989,2720,home,0,4-4-2,1,0,10,149538,Anders Christiansen,Substitute,0,1,286434,23,286434.0,3960.0,66',0,0,-1,,,,2025-09-21 05:15:32
13086,725989,2720,home,0,4-4-2,1,0,16,138055,Oliver Berg,Substitute,0,1,330239,38,330239.0,5220.0,87',0,0,-1,,,,2025-09-21 05:15:32
13086,725989,2720,home,0,4-4-2,1,0,13,75987,Martin Olsson,Substitute,0,0,0,-1,,,,0,0,-1,,,,2025-09-21 05:15:32
13086,725989,2720,home,0,4-4-2,1,0,2,9101,Johan Karlsson,Substitute,0,0,0,-1,,,,0,0,-1,,,,2025-09-21 05:15:32
13086,725989,2720,home,0,4-4-2,1,0,33,307800,Melker Ellborg,Substitute,0,0,0,-1,,,,0,0,-1,,,,2025-09-21 05:15:32
13086,725989,2720,home,0,4-4-2,1,0,11,308880,Emmanuel Ekong,Substitute,0,1,360023,32,360023.0,5220.0,87',0,0,-1,,,,2025-09-21 05:15:32
13086,725989,2720,home,0,4-4-2,1,0,5,312108,Andrej Duric,Substitute,0,0,0,-1,,,,0,0,-1,,,,2025-09-21 05:15:32
13086,725989,2720,home,0,4-4-2,1,0,22,314164,Taha Ali,Substitute,0,0,0,-1,,,,0,0,-1,,,,2025-09-21 05:15:32
13086,725989,2339,away,1,4-1-4-1,1,1,45,219533,Filip Manojlovic,Goalkeeper,1,0,0,-1,,,,0,0,-1,,,,2025-09-21 05:15:32
13086,725989,2339,away,1,4-1-4-1,1,1,12,357136,Theo Bergvall,Right Back,2,0,0,-1,,,,1,164556,10,164556.0,2700.0,45',2025-09-21 05:15:32
13086,725989,2339,away,1,4-1-4-1,1,1,27,371596,Keita Kosugi,Left Back,3,0,0,-1,,,,0,0,-1,,,,2025-09-21 05:15:32
13086,725989,2339,away,1,4-1-4-1,1,1,6,136911,Rasmus Schüller,Defensive Midfielder,4,0,0,-1,,,,1,120652,8,120652.0,4800.0,80',2025-09-21 05:15:32
13086,725989,2339,away,1,4-1-4-1,1,1,5,289721,Miro Tenho,Center Right Defender,5,0,0,-1,,,,1,237053,4,237053.0,4500.0,75',2025-09-21 05:15:32
13086,725989,2339,away,1,4-1-4-1,1,1,3,172855,Marcus Danielson,Center Left Defender,6,0,0,-1,,,,0,0,-1,,,,2025-09-21 05:15:32
13086,725989,2339,away,1,4-1-4-1,1,1,18,269457,Adam Stahl,Right Midfielder,7,0,0,-1,,,,0,0,-1,,,,2025-09-21 05:15:32
13086,725989,2339,away,1,4-1-4-1,1,1,13,334021,Daniel Stensson,Center Right Midfielder,8,0,0,-1,,,,1,378837,22,378837.0,3720.0,62',2025-09-21 05:15:32
13086,725989,2339,away,1,4-1-4-1,1,1,9,330460,August Priske,Forward,9,0,0,-1,,,,0,0,-1,,,,2025-09-21 05:15:32
13086,725989,2339,away,1,4-1-4-1,1,1,20,364226,Matias Siltanen,Center Left Midfielder,10,0,0,-1,,,,0,0,-1,,,,2025-09-21 05:15:32
13086,725989,2339,away,1,4-1-4-1,1,1,19,239166,Jeppe Okkels,Left Midfielder,11,0,0,-1,,,,1,312383,15,312383.0,2700.0,45',2025-09-21 05:15:32
13086,725989,2339,away,1,4-1-4-1,1,0,11,372767,Zakaria Sawo,Substitute,0,0,0,-1,,,,0,0,-1,,,,2025-09-21 05:15:32
13086,725989,2339,away,1,4-1-4-1,1,0,22,378837,Patric Åslund,Substitute,0,1,334021,13,334021.0,3720.0,62',0,0,-1,,,,2025-09-21 05:15:32
13086,725989,2339,away,1,4-1-4-1,1,0,8,120652,Albin Ekdal,Substitute,0,1,136911,6,136911.0,4800.0,80',0,0,-1,,,,2025-09-21 05:15:32
13086,725989,2339,away,1,4-1-4-1,1,0,10,164556,Tokmac Nguen,Substitute,0,1,357136,12,357136.0,2700.0,45',0,0,-1,,,,2025-09-21 05:15:32
13086,725989,2339,away,1,4-1-4-1,1,0,35,203266,Jacob Rinne,Substitute,0,0,0,-1,,,,0,0,-1,,,,2025-09-21 05:15:32
13086,725989,2339,away,1,4-1-4-1,1,0,4,237053,Jacob Une,Substitute,0,1,289721,5,289721.0,4500.0,75',0,0,-1,,,,2025-09-21 05:15:32
13086,725989,2339,away,1,4-1-4-1,1,0,14,272148,Hampus Finndell,Substitute,0,0,0,-1,,,,0,0,-1,,,,2025-09-21 05:15:32
13086,725989,2339,away,1,4-1-4-1,1,0,23,289519,Nino Zugelj,Substitute,0,0,0,-1,,,,0,0,-1,,,,2025-09-21 05:15:32
13086,725989,2339,away,1,4-1-4-1,1,0,15,312383,Oskar Fallenius,Substitute,0,1,239166,19,239166.0,2700.0,45',0,0,-1,,,,2025-09-21 05:15:32
13086,725990,20301,home,0,3-4-3,1,1,1,301377,Noel Törnqvist,Goalkeeper,1,0,0,-1,,,,0,0,-1,,,,2025-09-21 05:15:32
13086,725990,20301,home,0,3-4-3,1,1,26,357118,Uba Charles,Right Midfielder,2,0,0,-1,,,,1,269109,11,269109.0,3720.0,62',2025-09-21 05:15:32
13086,725990,20301,home,0,3-4-3,1,1,17,357145,Elliot Stroud,Left Midfielder,3,0,0,-1,,,,0,0,-1,,,,2025-09-21 05:15:32
13086,725990,20301,home,0,3-4-3,1,1,24,172917,Tom Pettersson,Center Left Defender,4,0,0,-1,,,,0,0,-1,,,,2025-09-21 05:15:32
13086,725990,20301,home,0,3-4-3,1,1,4,306289,Axel Norén,Center Defender,5,0,0,-1,,,,0,0,-1,,,,2025-09-21 05:15:32
13086,725990,20301,home,0,3-4-3,1,1,14,312876,Herman Johansson,Center Right Defender,6,0,0,-1,,,,0,0,-1,,,,2025-09-21 05:15:32
13086,725990,20301,home,0,3-4-3,1,1,6,356408,Ludwig Malachowski,Center Right Midfielder,7,0,0,-1,,,,1,389637,39,389637.0,4380.0,73',2025-09-21 05:15:32
13086,725990,20301,home,0,3-4-3,1,1,22,192793,Jesper Gustavsson,Center Left Midfielder,8,0,0,-1,,,,0,0,-1,,,,2025-09-21 05:15:32
13086,725990,20301,home,0,3-4-3,1,1,18,293925,Jacob Bergstrom,Forward,9,0,0,-1,,,,0,0,-1,,,,2025-09-21 05:15:32
13086,725990,20301,home,0,3-4-3,1,1,10,305758,Jeppe Kjaer Jensen,Center Right Forward,10,0,0,-1,,,,1,303651,7,303651.0,3720.0,62',2025-09-21 05:15:32
13086,725990,20301,home,0,3-4-3,1,1,19,380320,Abdoulie Manneh,Center Left Forward,11,0,0,-1,,,,1,399510,20,399510.0,5400.0,90'+3',2025-09-21 05:15:32
13086,725990,20301,home,0,3-4-3,1,0,27,346501,Ludvig Tidstrand,Substitute,0,0,0,-1,,,,0,0,-1,,,,2025-09-21 05:15:32
13086,725990,20301,home,0,3-4-3,1,0,16,301382,Alexander Johansson,Substitute,0,0,0,-1,,,,0,0,-1,,,,2025-09-21 05:15:32
13086,725990,20301,home,0,3-4-3,1,0,7,303651,Viktor Gustafson,Substitute,0,1,305758,10,305758.0,3720.0,62',0,0,-1,,,,2025-09-21 05:15:32
13086,725990,20301,home,0,3-4-3,1,0,11,269109,Timo Stavitski,Substitute,0,1,357118,26,357118.0,3720.0,62',0,0,-1,,,,2025-09-21 05:15:32
13086,725990,20301,home,0,3-4-3,1,0,35,151931,Alexander Lundin,Substitute,0,0,0,-1,,,,0,0,-1,,,,2025-09-21 05:15:32
13086,725990,20301,home,0,3-4-3,1,0,15,361860,Bork Bang-Kittilsen,Substitute,0,0,0,-1,,,,0,0,-1,,,,2025-09-21 05:15:32
13086,725990,20301,home,0,3-4-3,1,0,3,382147,Christian Tchouante,Substitute,0,0,0,-1,,,,0,0,-1,,,,2025-09-21 05:15:32
13086,725990,20301,home,0,3-4-3,1,0,39,389637,Romeo Leandersson,Substitute,0,1,356408,6,356408.0,4380.0,73',0,0,-1,,,,2025-09-21 05:15:32
13086,725990,20301,home,0,3-4-3,1,0,20,399510,Måns Isaksson,Substitute,0,1,380320,19,380320.0,5400.0,90'+3',0,0,-1,,,,2025-09-21 05:15:32
13086,725990,2936,away,0,4-3-3,1,1,13,400366,Robin Wallinder,Goalkeeper,1,0,0,-1,,,,0,0,-1,,,,2025-09-21 05:15:32
13086,725990,2936,away,0,4-3-3,1,1,33,354345,Tatu Varmanen,Right Back,2,0,0,-1,,,,0,0,-1,,,,2025-09-21 05:15:32
13086,725990,2936,away,0,4-3-3,1,1,14,173508,Dennis Olsson,Left Back,3,0,0,-1,,,,1,400371,21,400371.0,3600.0,60',2025-09-21 05:15:32
13086,725990,2936,away,0,4-3-3,1,1,7,275993,Anssi Suhonen,Center Midfielder,4,0,0,-1,,,,0,0,-1,,,,2025-09-21 05:15:32
13086,725990,2936,away,0,4-3-3,1,1,5,354352,Mattis Adolfsson,Center Right Defender,5,0,0,-1,,,,0,0,-1,,,,2025-09-21 05:15:32
13086,725990,2936,away,0,4-3-3,1,1,15,316395,Ivan Kricak,Center Left Defender,6,0,0,-1,,,,0,0,-1,,,,2025-09-21 05:15:32
13086,725990,2936,away,0,4-3-3,1,1,26,238868,Magnus Christensen,Right Midfielder,7,0,0,-1,,,,1,307747,6,307747.0,5400.0,90'+3',2025-09-21 05:15:32
13086,725990,2936,away,0,4-3-3,1,1,8,385181,Daniel Ask,Left Midfielder,8,0,0,-1,,,,0,0,-1,,,,2025-09-21 05:15:32
13086,725990,2936,away,0,4-3-3,1,1,20,217300,Alibek Aliev,Forward,9,0,0,-1,,,,1,332413,34,332413.0,5400.0,90'+3',2025-09-21 05:15:32
13086,725990,2936,away,0,4-3-3,1,1,10,334005,Oscar Uddenas,Right Forward,10,0,0,-1,,,,1,312874,24,312874.0,3600.0,60',2025-09-21 05:15:32
13086,725990,2936,away,0,4-3-3,1,1,23,222639,Vladimir Rodic,Left Forward,11,0,0,-1,,,,1,311161,18,311161.0,3600.0,60',2025-09-21 05:15:32
13086,725990,2936,away,0,4-3-3,1,0,24,312874,Patriot Sejdiu,Substitute,0,1,334005,10,334005.0,3600.0,60',0,0,-1,,,,2025-09-21 05:15:32
13086,725990,2936,away,0,4-3-3,1,0,4,238435,Sebastian Starke Hedlund,Substitute,0,0,0,-1,,,,0,0,-1,,,,2025-09-21 05:15:32
13086,725990,2936,away,0,4-3-3,1,0,6,307747,Noah Soderberg,Substitute,0,1,238868,26,238868.0,5400.0,90'+3',0,0,-1,,,,2025-09-21 05:15:32
13086,725990,2936,away,0,4-3-3,1,0,18,311161,Daniel Ljung,Substitute,0,1,222639,23,222639.0,3600.0,60',0,0,-1,,,,2025-09-21 05:15:32
13086,725990,2936,away,0,4-3-3,1,0,34,332413,Joel Voelkerling Persson,Substitute,0,1,217300,20,217300.0,5400.0,90'+3',0,0,-1,,,,2025-09-21 05:15:32
13086,725990,2936,away,0,4-3-3,1,0,3,380190,Kingsley Gyamfi,Substitute,0,0,0,-1,,,,0,0,-1,,,,2025-09-21 05:15:32
13086,725990,2936,away,0,4-3-3,1,0,9,398188,Niklas Soderberg,Substitute,0,0,0,-1,,,,0,0,-1,,,,2025-09-21 05:15:32
13086,725990,2936,away,0,4-3-3,1,0,32,400368,Carl Lundahl Persson,Substitute,0,0,0,-1,,,,0,0,-1,,,,2025-09-21 05:15:32
13086,725990,2936,away,0,4-3-3,1,0,21,400371,Lars Bergquist,Substitute,0,1,173508,14,173508.0,3600.0,60',0,0,-1,,,,2025-09-21 05:15:32
13086,725991,8544,home,1,4-3-3,1,1,40,19242,David Andersson,Goalkeeper,1,0,0,-1,,,,0,0,-1,,,,2025-09-23 05:11:02
13086,725991,8544,home,1,4-3-3,1,1,4,356374,Amadeus Sögaard,Right Back,2,0,0,-1,,,,0,0,-1,,,,2025-09-23 05:11:02
13086,725991,8544,home,1,4-3-3,1,1,3,359167,Marcus Baggesen,Left Back,3,0,0,-1,,,,0,0,-1,,,,2025-09-23 05:11:02
13086,725991,8544,home,1,4-3-3,1,1,25,364988,Kevin Höög Jansson,Center Midfielder,4,0,0,-1,,,,0,0,-1,,,,2025-09-23 05:11:02
13086,725991,8544,home,1,4-3-3,1,1,19,238431,Max Watson,Center Right Defender,5,0,0,-1,,,,0,0,-1,,,,2025-09-23 05:11:02
13086,725991,8544,home,1,4-3-3,1,1,17,409648,Abdoulie Tamba,Center Left Defender,6,0,0,-1,,,,1,334015,24,334015.0,4920.0,82',2025-09-23 05:11:02
13086,725991,8544,home,1,4-3-3,1,1,7,232279,Alexander Fransson,Right Midfielder,7,0,0,-1,,,,0,0,-1,,,,2025-09-23 05:11:02
13086,725991,8544,home,1,4-3-3,1,1,9,230353,Arnór Traustason,Left Midfielder,8,0,0,-1,,,,0,0,-1,,,,2025-09-23 05:11:02
13086,725991,8544,home,1,4-3-3,1,1,5,158978,Christoffer Nyman,Forward,9,0,0,-1,,,,1,400219,18,400219.0,5400.0,90'+5',2025-09-23 05:11:02
13086,725991,8544,home,1,4-3-3,1,1,37,345975,Moutaz Neffati,Right Forward,10,0,0,-1,,,,0,0,-1,,,,2025-09-23 05:11:02
13086,725991,8544,home,1,4-3-3,1,1,8,321404,Ísak Andri Sigurgeirsson,Left Forward,11,0,0,-1,,,,1,287215,22,287215.0,5400.0,90'+2',2025-09-23 05:11:02
13086,725991,8544,home,1,4-3-3,1,0,45,409804,Christoffer Petersen,Substitute,0,0,0,-1,,,,0,0,-1,,,,2025-09-23 05:11:02
13086,725991,8544,home,1,4-3-3,1,0,24,334015,Anton Eriksson,Substitute,0,1,409648,17,409648.0,4920.0,82',0,0,-1,,,,2025-09-23 05:11:02
13086,725991,8544,home,1,4-3-3,1,0,31,329668,Jesper Lindvall,Substitute,0,0,0,-1,,,,0,0,-1,,,,2025-09-23 05:11:02
13086,725991,8544,home,1,4-3-3,1,0,14,306290,Yahya Kalley,Substitute,0,0,0,-1,,,,0,0,-1,,,,2025-09-23 05:11:02
13086,725991,8544,home,1,4-3-3,1,0,22,287215,Tim Prica,Substitute,0,1,321404,8,321404.0,5400.0,90'+2',0,0,-1,,,,2025-09-23 05:11:02
13086,725991,8544,home,1,4-3-3,1,0,30,380189,Theo Krantz,Substitute,0,0,0,-1,,,,0,0,-1,,,,2025-09-23 05:11:02
13086,725991,8544,home,1,4-3-3,1,0,28,389749,Åke Andersson,Substitute,0,0,0,-1,,,,0,0,-1,,,,2025-09-23 05:11:02
13086,725991,8544,home,1,4-3-3,1,0,18,400219,Jónatan Gudni Arnarsson,Substitute,0,1,158978,5,158978.0,5400.0,90'+5',0,0,-1,,,,2025-09-23 05:11:02
13086,725991,8544,home,1,4-3-3,1,0,20,400367,Axel Brönner,Substitute,0,0,0,-1,,,,0,0,-1,,,,2025-09-23 05:11:02
13086,725991,994,away,0,5-4-1,1,1,15,133993,Kristoffer Nordfeldt,Goalkeeper,1,0,0,-1,,,,0,0,-1,,,,2025-09-23 05:11:02
13086,725991,994,away,0,5-4-1,1,1,36,407059,Zadok Yohanna,Right Back,2,0,0,-1,,,,1,322466,33,322466.0,2700.0,45',2025-09-23 05:11:02
13086,725991,994,away,0,5-4-1,1,1,2,312931,Eskil Edh,Left Back,3,0,0,-1,,,,0,0,-1,,,,2025-09-23 05:11:02
13086,725991,994,away,0,5-4-1,1,1,3,258904,Thomas Isherwood,Center Left Defender,4,0,0,-1,,,,1,357135,18,357135.0,2700.0,45',2025-09-23 05:11:02
13086,725991,994,away,0,5-4-1,1,1,4,223140,Sotiris Papagiannopoulos,Center Defender,5,0,0,-1,,,,1,406317,46,406317.0,2700.0,45',2025-09-23 05:11:02
13086,725991,994,away,0,5-4-1,1,1,32,222606,Filip Benkovic,Center Right Defender,6,0,0,-1,,,,0,0,-1,,,,2025-09-23 05:11:02
13086,725991,994,away,0,5-4-1,1,1,45,347636,Taha Ayari,Right Midfielder,7,0,0,-1,,,,1,346655,47,346655.0,5160.0,86',2025-09-23 05:11:02
13086,725991,994,away,0,5-4-1,1,1,7,193105,Anton Saletros,Center Right Midfielder,8,0,0,-1,,,,0,0,-1,,,,2025-09-23 05:11:02
13086,725991,994,away,0,5-4-1,1,1,20,364726,Erik Flataker,Forward,9,0,0,-1,,,,1,406318,29,406318.0,4200.0,70',2025-09-23 05:11:02
13086,725991,994,away,0,5-4-1,1,1,19,237759,Dino Besirovic,Center Left Midfielder,10,0,0,-1,,,,0,0,-1,,,,2025-09-23 05:11:02
13086,725991,994,away,0,5-4-1,1,1,10,215152,Bersant Celina,Left Midfielder,11,0,0,-1,,,,0,0,-1,,,,2025-09-23 05:11:02
13086,725991,994,away,0,5-4-1,1,0,44,411193,Tinde Teribe,Substitute,0,0,0,-1,,,,0,0,-1,,,,2025-09-23 05:11:02
13086,725991,994,away,0,5-4-1,1,0,48,409815,Axel Kouame,Substitute,0,0,0,-1,,,,0,0,-1,,,,2025-09-23 05:11:02
13086,725991,994,away,0,5-4-1,1,0,22,409497,Adrián Helm,Substitute,0,0,0,-1,,,,0,0,-1,,,,2025-09-23 05:11:02
13086,725991,994,away,0,5-4-1,1,0,29,406318,Kevin Filling,Substitute,0,1,364726,20,364726.0,4200.0,70',0,0,-1,,,,2025-09-23 05:11:02
13086,725991,994,away,0,5-4-1,1,0,46,406317,Yannick Geiger,Substitute,0,1,223140,4,223140.0,2700.0,45',0,0,-1,,,,2025-09-23 05:11:02
13086,725991,994,away,0,5-4-1,1,0,18,357135,Abdihakim Ali,Substitute,0,1,258904,3,258904.0,2700.0,45',0,0,-1,,,,2025-09-23 05:11:02
13086,725991,994,away,0,5-4-1,1,0,47,346655,Alexander Fesshaie,Substitute,0,1,347636,45,347636.0,5160.0,86',0,0,-1,,,,2025-09-23 05:11:02
13086,725991,994,away,0,5-4-1,1,0,33,322466,Áron Csongvai,Substitute,0,1,407059,36,407059.0,2700.0,45',0,0,-1,,,,2025-09-23 05:11:02
13086,725991,994,away,0,5-4-1,1,0,30,218410,Kalle Joelsson,Substitute,0,0,0,-1,,,,0,0,-1,,,,2025-09-23 05:11:02
13086,725992,8547,home,0,4-2-3-1,1,1,34,325348,David Celic,Goalkeeper,1,0,0,-1,,,,0,0,-1,,,,2025-09-22 05:10:02
13086,725992,8547,home,0,4-2-3-1,1,1,2,235919,Henrik Castegren,Right Back,2,0,0,-1,,,,0,0,-1,,,,2025-09-22 05:10:02
13086,725992,8547,home,0,4-2-3-1,1,1,22,243517,Oscar Krusnell,Left Back,3,0,0,-1,,,,0,0,-1,,,,2025-09-22 05:10:02
13086,725992,8547,home,0,4-2-3-1,1,1,17,15527,Marcus Lindberg,Left Midfielder,4,0,0,-1,,,,1,401059,24,401059.0,3900.0,65',2025-09-22 05:10:02
13086,725992,8547,home,0,4-2-3-1,1,1,15,186504,Simon Sandberg,Center Right Defender,5,0,0,-1,,,,1,299250,3,299250.0,4560.0,76',2025-09-22 05:10:02
13086,725992,8547,home,0,4-2-3-1,1,1,4,366597,Tobias Anker,Center Left Defender,6,0,0,-1,,,,0,0,-1,,,,2025-09-22 05:10:02
13086,725992,8547,home,0,4-2-3-1,1,1,7,22706,Joakim Persson,Attacking Midfielder Right,7,0,0,-1,,,,0,0,-1,,,,2025-09-22 05:10:02
13086,725992,8547,home,0,4-2-3-1,1,1,10,358564,Melker Heier,Right Midfielder,8,0,0,-1,,,,0,0,-1,,,,2025-09-22 05:10:02
13086,725992,8547,home,0,4-2-3-1,1,1,9,322993,Robbie Ure,Forward,9,0,0,-1,,,,1,309271,19,309271.0,4560.0,76',2025-09-22 05:10:02
13086,725992,8547,home,0,4-2-3-1,1,1,14,323176,Leo Walta,Attacking Midfielder,10,0,0,-1,,,,0,0,-1,,,,2025-09-22 05:10:02
13086,725992,8547,home,0,4-2-3-1,1,1,29,344867,Isak Bjerkebo,Attacking Midfielder Left,11,0,0,-1,,,,0,0,-1,,,,2025-09-22 05:10:02
13086,725992,8547,home,0,4-2-3-1,1,0,13,298341,Jakob Voelkerling Persson,Substitute,0,0,0,-1,,,,0,0,-1,,,,2025-09-22 05:10:02
13086,725992,8547,home,0,4-2-3-1,1,0,5,25076,Tobias Carlsson,Substitute,0,0,0,-1,,,,0,0,-1,,,,2025-09-22 05:10:02
13086,725992,8547,home,0,4-2-3-1,1,0,24,401059,Victor Svensson,Substitute,0,1,15527,17,15527.0,3900.0,65',0,0,-1,,,,2025-09-22 05:10:02
13086,725992,8547,home,0,4-2-3-1,1,0,8,379166,Matthias Nartey,Substitute,0,0,0,-1,,,,0,0,-1,,,,2025-09-22 05:10:02
13086,725992,8547,home,0,4-2-3-1,1,0,1,313973,Ismael Diawara,Substitute,0,0,0,-1,,,,0,0,-1,,,,2025-09-22 05:10:02
13086,725992,8547,home,0,4-2-3-1,1,0,19,309271,Noel Milleskog,Substitute,0,1,322993,9,322993.0,4560.0,76',0,0,-1,,,,2025-09-22 05:10:02
13086,725992,8547,home,0,4-2-3-1,1,0,3,299250,Bogdan Milovanov,Substitute,0,1,186504,15,186504.0,4560.0,76',0,0,-1,,,,2025-09-22 05:10:02
13086,725992,8547,home,0,4-2-3-1,1,0,21,235518,Dennis Widgren,Substitute,0,0,0,-1,,,,0,0,-1,,,,2025-09-22 05:10:02
13086,725992,8547,home,0,4-2-3-1,1,0,18,315677,Adam Wikman,Substitute,0,0,0,-1,,,,0,0,-1,,,,2025-09-22 05:10:02
13086,725992,20856,away,1,4-1-4-1,1,1,26,194803,Matvei Igonen,Goalkeeper,1,0,0,-1,,,,0,0,-1,,,,2025-09-22 05:10:02
13086,725992,20856,away,1,4-1-4-1,1,1,6,235489,Daniel Sundgren,Right Back,2,0,0,-1,,,,0,0,-1,,,,2025-09-22 05:10:02
13086,725992,20856,away,1,4-1-4-1,1,1,39,378634,Philippe Ndinga Ossibadjouo,Left Back,3,0,0,-1,,,,0,0,-1,,,,2025-09-22 05:10:02
13086,725992,20856,away,1,4-1-4-1,1,1,21,325409,Kazper Karlsson,Defensive Midfielder,4,0,0,-1,,,,1,400141,20,400141.0,3300.0,55',2025-09-22 05:10:02
13086,725992,20856,away,1,4-1-4-1,1,1,4,301367,Leon Hien,Center Right Defender,5,0,0,-1,,,,0,0,-1,,,,2025-09-22 05:10:02
13086,725992,20856,away,1,4-1-4-1,1,1,5,385769,Juhani Pikkarainen,Center Left Defender,6,0,0,-1,,,,1,324395,15,324395.0,3300.0,55',2025-09-22 05:10:02
13086,725992,20856,away,1,4-1-4-1,1,1,29,275575,Santeri Haarala,Right Midfielder,7,0,0,-1,,,,1,334867,22,334867.0,4860.0,81',2025-09-22 05:10:02
13086,725992,20856,away,1,4-1-4-1,1,1,8,301374,Nahom Netabay,Center Right Midfielder,8,0,0,-1,,,,0,0,-1,,,,2025-09-22 05:10:02
13086,725992,20856,away,1,4-1-4-1,1,1,19,316173,Richie Omorowa,Forward,9,0,0,-1,,,,1,205158,16,205158.0,3900.0,65',2025-09-22 05:10:02
13086,725992,20856,away,1,4-1-4-1,1,1,17,304144,Armann Taranis,Center Left Midfielder,10,0,0,-1,,,,0,0,-1,,,,2025-09-22 05:10:02
13086,725992,20856,away,1,4-1-4-1,1,1,10,364830,Marcus Rafferty,Left Midfielder,11,0,0,-1,,,,0,0,-1,,,,2025-09-22 05:10:02
13086,725992,20856,away,1,4-1-4-1,1,0,20,400141,Elias Barsoum,Substitute,0,1,325409,21,325409.0,3300.0,55',0,0,-1,,,,2025-09-22 05:10:02
13086,725992,20856,away,1,4-1-4-1,1,0,22,334867,Dijan Vukojevic,Substitute,0,1,275575,29,275575.0,4860.0,81',0,0,-1,,,,2025-09-22 05:10:02
13086,725992,20856,away,1,4-1-4-1,1,0,1,286770,Willie Jakobsson,Substitute,0,0,0,-1,,,,0,0,-1,,,,2025-09-22 05:10:02
13086,725992,20856,away,1,4-1-4-1,1,0,2,256567,Mamadouba Diaby,Substitute,0,0,0,-1,,,,0,0,-1,,,,2025-09-22 05:10:02
13086,725992,20856,away,1,4-1-4-1,1,0,30,255257,Bernardo Morgado,Substitute,0,0,0,-1,,,,0,0,-1,,,,2025-09-22 05:10:02
13086,725992,20856,away,1,4-1-4-1,1,0,28,238859,Marcus Godinho,Substitute,0,0,0,-1,,,,0,0,-1,,,,2025-09-22 05:10:02
13086,725992,20856,away,1,4-1-4-1,1,0,11,218520,Christos Gravius,Substitute,0,0,0,-1,,,,0,0,-1,,,,2025-09-22 05:10:02
13086,725992,20856,away,1,4-1-4-1,1,0,16,205158,Sebastian Ohlsson,Substitute,0,1,316173,19,316173.0,3900.0,65',0,0,-1,,,,2025-09-22 05:10:02
13086,725992,20856,away,1,4-1-4-1,1,0,15,324395,Nasiru Moro,Substitute,0,1,385769,5,385769.0,3300.0,55',0,0,-1,,,,2025-09-22 05:10:02
13086,725993,21382,home,0,4-3-3,1,1,1,277177,Hugo Keto,Goalkeeper,1,0,0,-1,,,,0,0,-1,,,,2025-09-23 05:11:02
13086,725993,21382,home,0,4-3-3,1,1,5,334035,Victor Larsson,Right Back,2,0,0,-1,,,,0,0,-1,,,,2025-09-23 05:11:02
13086,725993,21382,home,0,4-3-3,1,1,3,272272,Axel Björnström,Left Back,3,0,0,-1,,,,0,0,-1,,,,2025-09-23 05:11:02
13086,725993,21382,home,0,4-3-3,1,1,11,187920,Kent-Are Antonsen,Center Midfielder,4,0,0,-1,,,,0,0,-1,,,,2025-09-23 05:11:02
13086,725993,21382,home,0,4-3-3,1,1,4,383897,Rufai Mohammed,Center Right Defender,5,0,0,-1,,,,0,0,-1,,,,2025-09-23 05:11:02
13086,725993,21382,home,0,4-3-3,1,1,24,357202,Emin Grozdanic,Center Left Defender,6,0,0,-1,,,,0,0,-1,,,,2025-09-23 05:11:02
13086,725993,21382,home,0,4-3-3,1,1,8,366595,Otso Liimatta,Right Midfielder,7,0,0,-1,,,,0,0,-1,,,,2025-09-23 05:11:02
13086,725993,21382,home,0,4-3-3,1,1,25,312873,Noah Shamoun,Left Midfielder,8,0,0,-1,,,,1,193351,7,193351.0,3840.0,64',2025-09-23 05:11:02
13086,725993,21382,home,0,4-3-3,1,1,9,341437,Kai Meriluoto,Forward,9,0,0,-1,,,,0,0,-1,,,,2025-09-23 05:11:02
13086,725993,21382,home,0,4-3-3,1,1,18,381397,Mohammad Alsalkhadi,Right Forward,10,0,0,-1,,,,1,158993,22,158993.0,4860.0,81',2025-09-23 05:11:02
13086,725993,21382,home,0,4-3-3,1,1,10,345479,Ajdin Zeljkovic,Left Forward,11,0,0,-1,,,,0,0,-1,,,,2025-09-23 05:11:02
13086,725993,21382,home,0,4-3-3,1,0,40,409510,Adin Tihic,Substitute,0,0,0,-1,,,,0,0,-1,,,,2025-09-23 05:11:02
13086,725993,21382,home,0,4-3-3,1,0,7,193351,Carl Johansson,Substitute,0,1,312873,25,312873.0,3840.0,64',0,0,-1,,,,2025-09-23 05:11:02
13086,725993,21382,home,0,4-3-3,1,0,27,159526,Souleymane Coulibaly,Substitute,0,0,0,-1,,,,0,0,-1,,,,2025-09-23 05:11:02
13086,725993,21382,home,0,4-3-3,1,0,22,158993,Simon Thern,Substitute,0,1,381397,18,381397.0,4860.0,81',0,0,-1,,,,2025-09-23 05:11:02
13086,725993,21382,home,0,4-3-3,1,0,14,153631,Marcus Antonsson,Substitute,0,0,0,-1,,,,0,0,-1,,,,2025-09-23 05:11:02
13086,725993,21382,home,0,4-3-3,1,0,20,334028,Freddy Winsth,Substitute,0,0,0,-1,,,,0,0,-1,,,,2025-09-23 05:11:02
13086,725993,21382,home,0,4-3-3,1,0,6,267616,Hugo Andersson,Substitute,0,0,0,-1,,,,0,0,-1,,,,2025-09-23 05:11:02
13086,725993,21382,home,0,4-3-3,1,0,2,380552,Johan Rapp,Substitute,0,0,0,-1,,,,0,0,-1,,,,2025-09-23 05:11:02
13086,725993,21382,home,0,4-3-3,1,0,21,303750,Abdulrazaq Ishaq,Substitute,0,0,0,-1,,,,0,0,-1,,,,2025-09-23 05:11:02
13086,725993,3017,away,1,5-4-1,1,1,12,195094,Tim Erlandsson,Goalkeeper,1,0,0,-1,,,,0,0,-1,,,,2025-09-23 05:11:02
13086,725993,3017,away,1,5-4-1,1,1,17,303666,André Boman,Right Back,2,0,0,-1,,,,0,0,-1,,,,2025-09-23 05:11:02
13086,725993,3017,away,1,5-4-1,1,1,24,240486,Rami Kaib,Left Back,3,0,0,-1,,,,1,357142,3,357142.0,5400.0,90',2025-09-23 05:11:02
13086,725993,3017,away,1,5-4-1,1,1,2,381647,Bleon Kurtulus,Center Left Defender,4,0,0,-1,,,,0,0,-1,,,,2025-09-23 05:11:02
13086,725993,3017,away,1,5-4-1,1,1,4,289329,Filip Schyberg,Center Defender,5,0,0,-1,,,,0,0,-1,,,,2025-09-23 05:11:02
13086,725993,3017,away,1,5-4-1,1,1,5,178687,Pascal Gregor,Center Right Defender,6,0,0,-1,,,,0,0,-1,,,,2025-09-23 05:11:02
13086,725993,3017,away,1,5-4-1,1,1,11,357140,Villiam Granath,Right Midfielder,7,0,0,-1,,,,0,0,-1,,,,2025-09-23 05:11:02
13086,725993,3017,away,1,5-4-1,1,1,6,147211,Joel Allansson,Center Right Midfielder,8,0,0,-1,,,,0,0,-1,,,,2025-09-23 05:11:02
13086,725993,3017,away,1,5-4-1,1,1,99,344475,Emmanuel Damoah Yeboah,Forward,9,0,0,-1,,,,1,334002,28,334002.0,4620.0,77',2025-09-23 05:11:02
13086,725993,3017,away,1,5-4-1,1,1,27,313722,Rocco Ascone,Center Left Midfielder,10,0,0,-1,,,,1,237843,13,237843.0,5400.0,90'+1',2025-09-23 05:11:02
13086,725993,3017,away,1,5-4-1,1,1,8,289719,Niilo Mäenpää,Left Midfielder,11,0,0,-1,,,,1,357130,18,357130.0,2700.0,45',2025-09-23 05:11:02
13086,725993,3017,away,1,5-4-1,1,0,29,399508,Erik Arvidsson,Substitute,0,0,0,-1,,,,0,0,-1,,,,2025-09-23 05:11:02
13086,725993,3017,away,1,5-4-1,1,0,33,403402,Oliver Kapsimalis,Substitute,0,0,0,-1,,,,0,0,-1,,,,2025-09-23 05:11:02
13086,725993,3017,away,1,5-4-1,1,0,21,121282,Marcus Olsson,Substitute,0,0,0,-1,,,,0,0,-1,,,,2025-09-23 05:11:02
13086,725993,3017,away,1,5-4-1,1,0,13,237843,Gíisli Eyjólfsson,Substitute,0,1,313722,27,313722.0,5400.0,90'+1',0,0,-1,,,,2025-09-23 05:11:02
13086,725993,3017,away,1,5-4-1,1,0,1,264481,Tim Rönning,Substitute,0,0,0,-1,,,,0,0,-1,,,,2025-09-23 05:11:02
13086,725993,3017,away,1,5-4-1,1,0,25,321176,Aleksander Damnjanovic,Substitute,0,0,0,-1,,,,0,0,-1,,,,2025-09-23 05:11:02
13086,725993,3017,away,1,5-4-1,1,0,28,334002,Malte Persson,Substitute,0,1,344475,99,344475.0,4620.0,77',0,0,-1,,,,2025-09-23 05:11:02
13086,725993,3017,away,1,5-4-1,1,0,18,357130,Naeem Mohammed,Substitute,0,1,289719,8,289719.0,2700.0,45',0,0,-1,,,,2025-09-23 05:11:02
13086,725993,3017,away,1,5-4-1,1,0,3,357142,Gabriel Wallentin,Substitute,0,1,240486,24,240486.0,5400.0,90',0,0,-1,,,,2025-09-23 05:11:02
13086,725994,994,home,0,5-4-1,1,1,15,133993,Kristoffer Nordfeldt,Goalkeeper,1,0,0,-1,,,,0,0,-1,,,,2025-09-29 05:21:02
13086,725994,994,home,0,5-4-1,1,1,17,229692,Mads Thychosen,Right Back,2,0,0,-1,,,,1,357135,18,357135.0,4920.0,82',2025-09-29 05:21:02
13086,725994,994,home,0,5-4-1,1,1,2,312931,Eskil Edh,Left Back,3,0,0,-1,,,,0,0,-1,,,,2025-09-29 05:21:02
13086,725994,994,home,0,5-4-1,1,1,3,258904,Thomas Isherwood,Center Left Defender,4,0,0,-1,,,,0,0,-1,,,,2025-09-29 05:21:02
13086,725994,994,home,0,5-4-1,1,1,4,223140,Sotiris Papagiannopoulos,Center Defender,5,0,0,-1,,,,0,0,-1,,,,2025-09-29 05:21:02
13086,725994,994,home,0,5-4-1,1,1,32,222606,Filip Benkovic,Center Right Defender,6,0,0,-1,,,,0,0,-1,,,,2025-09-29 05:21:02
13086,725994,994,home,0,5-4-1,1,1,45,347636,Taha Ayari,Right Midfielder,7,0,0,-1,,,,1,406317,46,406317.0,4800.0,80',2025-09-29 05:21:02
13086,725994,994,home,0,5-4-1,1,1,33,322466,Áron Csongvai,Center Right Midfielder,8,0,0,-1,,,,0,0,-1,,,,2025-09-29 05:21:02
13086,725994,994,home,0,5-4-1,1,1,20,364726,Erik Flataker,Forward,9,0,0,-1,,,,1,406318,29,406318.0,4740.0,79',2025-09-29 05:21:02
13086,725994,994,home,0,5-4-1,1,1,19,237759,Dino Besirovic,Center Left Midfielder,10,0,0,-1,,,,1,407059,36,407059.0,5340.0,89',2025-09-29 05:21:02
13086,725994,994,home,0,5-4-1,1,1,10,215152,Bersant Celina,Left Midfielder,11,0,0,-1,,,,1,409815,48,409815.0,5400.0,90',2025-09-29 05:21:02
13086,725994,994,home,0,5-4-1,1,0,47,346655,Alexander Fesshaie,Substitute,0,0,0,-1,,,,0,0,-1,,,,2025-09-29 05:21:02
13086,725994,994,home,0,5-4-1,1,0,30,218410,Kalle Joelsson,Substitute,0,0,0,-1,,,,0,0,-1,,,,2025-09-29 05:21:02
13086,725994,994,home,0,5-4-1,1,0,18,357135,Abdihakim Ali,Substitute,0,1,229692,17,229692.0,4920.0,82',0,0,-1,,,,2025-09-29 05:21:02
13086,725994,994,home,0,5-4-1,1,0,46,406317,Yannick Geiger,Substitute,0,1,347636,45,347636.0,4800.0,80',0,0,-1,,,,2025-09-29 05:21:02
13086,725994,994,home,0,5-4-1,1,0,29,406318,Kevin Filling,Substitute,0,1,364726,20,364726.0,4740.0,79',0,0,-1,,,,2025-09-29 05:21:02
13086,725994,994,home,0,5-4-1,1,0,36,407059,Zadok Yohanna,Substitute,0,1,237759,19,237759.0,5340.0,89',0,0,-1,,,,2025-09-29 05:21:02
13086,725994,994,home,0,5-4-1,1,0,48,409815,Axel Kouame,Substitute,0,1,215152,10,215152.0,5400.0,90',0,0,-1,,,,2025-09-29 05:21:02
13086,725994,8222,away,0,4-3-3,1,1,1,312877,Mergim Krasniqi,Goalkeeper,1,0,0,-1,,,,1,360878,13,360878.0,2700.0,45'+3',2025-09-29 05:21:02
13086,725994,8222,away,0,4-3-3,1,1,12,356377,Robin Frej,Right Back,2,0,0,-1,,,,1,378806,6,378806.0,4080.0,68',2025-09-29 05:21:02
13086,725994,8222,away,0,4-3-3,1,1,2,400217,Matteo de Brienne,Left Back,3,0,0,-1,,,,0,0,-1,,,,2025-09-29 05:21:02
13086,725994,8222,away,0,4-3-3,1,1,7,378811,Joackim Åberg,Center Midfielder,4,0,0,-1,,,,1,313931,18,313931.0,4140.0,69',2025-09-29 05:21:02
13086,725994,8222,away,0,4-3-3,1,1,22,378820,Anes Cardaklija,Center Right Defender,5,0,0,-1,,,,0,0,-1,,,,2025-09-29 05:21:02
13086,725994,8222,away,0,4-3-3,1,1,4,333728,Oskar Ågren,Center Left Defender,6,0,0,-1,,,,0,0,-1,,,,2025-09-29 05:21:02
13086,725994,8222,away,0,4-3-3,1,1,8,312852,William Milovanovic,Right Midfielder,7,0,0,-1,,,,0,0,-1,,,,2025-09-29 05:21:02
13086,725994,8222,away,0,4-3-3,1,1,10,347031,Amin Boudri,Left Midfielder,8,0,0,-1,,,,0,0,-1,,,,2025-09-29 05:21:02
13086,725994,8222,away,0,4-3-3,1,1,19,308726,Ibrahim Diabate,Forward,9,0,0,-1,,,,1,235766,28,235766.0,4920.0,82',2025-10-28 05:13:22
13086,725994,8222,away,0,4-3-3,1,1,9,378816,Gustav Lundgren,Right Forward,10,0,0,-1,,,,0,0,-1,,,,2025-09-29 05:21:02
13086,725994,8222,away,0,4-3-3,1,1,16,400221,Rasmus Niklasson Petrovic,Left Forward,11,0,0,-1,,,,1,357143,27,357143.0,4920.0,82',2025-09-29 05:21:02
13086,725994,8222,away,0,4-3-3,1,0,11,334033,Edvin Becirovic,Substitute,0,0,0,-1,,,,0,0,-1,,,,2025-09-29 05:21:02
13086,725994,8222,away,0,4-3-3,1,0,21,409647,Shalom Ekong,Substitute,0,0,0,-1,,,,0,0,-1,,,,2025-09-29 05:21:02
13086,725994,8222,away,0,4-3-3,1,0,14,379955,Filip Gustafsson,Substitute,0,0,0,-1,,,,0,0,-1,,,,2025-09-29 05:21:02
13086,725994,8222,away,0,4-3-3,1,0,24,378826,Filip Beckman,Substitute,0,0,0,-1,,,,0,0,-1,,,,2025-09-29 05:21:02
13086,725994,8222,away,0,4-3-3,1,0,6,378806,August Wängberg,Substitute,0,1,356377,12,356377.0,4080.0,68',0,0,-1,,,,2025-09-29 05:21:02
13086,725994,8222,away,0,4-3-3,1,0,13,360878,Kees Sims,Substitute,0,1,312877,1,312877.0,2700.0,45'+3',0,0,-1,,,,2025-09-29 05:21:02
13086,725994,8222,away,0,4-3-3,1,0,27,357143,Anton Kurochkin,Substitute,0,1,400221,16,400221.0,4920.0,82',0,0,-1,,,,2025-09-29 05:21:02
13086,725994,8222,away,0,4-3-3,1,0,28,235766,Lucas Hedlund,Substitute,0,1,308726,19,308726.0,4920.0,82',0,0,-1,,,,2025-09-29 05:21:02
13086,725994,8222,away,0,4-3-3,1,0,18,313931,Kevin Holmén,Substitute,0,1,378811,7,378811.0,4140.0,69',0,0,-1,,,,2025-09-29 05:21:02
13086,725995,8221,home,0,5-3-2,1,1,25,146116,Davor Blazevic,Goalkeeper,1,0,0,-1,,,,0,0,-1,,,,2025-09-29 05:21:02
13086,725995,8221,home,0,5-3-2,1,1,21,302691,Alex Timossi Andersson,Right Back,2,0,0,-1,,,,0,0,-1,,,,2025-09-29 05:21:02
13086,725995,8221,home,0,5-3-2,1,1,11,336115,Rasmus Örqvist,Left Back,3,0,0,-1,,,,1,195090,28,195090.0,1920.0,32',2025-09-29 05:21:02
13086,725995,8221,home,0,5-3-2,1,1,6,313932,Oliver Zandén,Center Left Defender,4,0,0,-1,,,,0,0,-1,,,,2025-09-29 05:21:02
13086,725995,8221,home,0,5-3-2,1,1,3,162464,Even Hovland,Center Defender,5,0,0,-1,,,,0,0,-1,,,,2025-09-29 05:21:02
13086,725995,8221,home,0,5-3-2,1,1,5,251486,Serge-Junior Martinsson Ngouali,Center Right Defender,6,0,0,-1,,,,1,384107,14,384107.0,4920.0,82',2025-09-29 05:21:02
13086,725995,8221,home,0,5-3-2,1,1,20,232670,Issiaga Camara,Center Right Midfielder,7,0,0,-1,,,,1,386345,30,386345.0,3780.0,63',2025-09-29 05:21:02
13086,725995,8221,home,0,5-3-2,1,1,24,257624,Kevin Ackermann,Center Midfielder,8,0,0,-1,,,,0,0,-1,,,,2025-09-29 05:21:02
13086,725995,8221,home,0,5-3-2,1,1,23,399426,Ezekiel Alladoh,Center Left Forward,9,0,0,-1,,,,0,0,-1,,,,2025-09-29 05:21:02
13086,725995,8221,home,0,5-3-2,1,1,19,243322,Daleho Irandust,Center Right Forward,10,0,0,-1,,,,1,134643,39,134643.0,4920.0,82',2025-09-29 05:21:02
13086,725995,8221,home,0,5-3-2,1,1,31,399423,Love Arrhov,Center Left Midfielder,11,0,0,-1,,,,0,0,-1,,,,2025-09-29 05:21:02
13086,725995,8221,home,0,5-3-2,1,0,37,410910,Oskar Jarde,Substitute,0,0,0,-1,,,,0,0,-1,,,,2025-09-29 05:21:02
13086,725995,8221,home,0,5-3-2,1,0,8,407097,Adam Stroud,Substitute,0,0,0,-1,,,,0,0,-1,,,,2025-09-29 05:21:02
13086,725995,8221,home,0,5-3-2,1,0,1,411584,John-Oliver Lacayo,Substitute,0,0,0,-1,,,,0,0,-1,,,,2025-09-29 05:21:02
13086,725995,8221,home,0,5-3-2,1,0,2,306206,Hlynur Freyr Karlsson,Substitute,0,0,0,-1,,,,0,0,-1,,,,2025-09-29 05:21:02
13086,725995,8221,home,0,5-3-2,1,0,14,384107,Kamilcan Sever,Substitute,0,1,251486,5,251486.0,4920.0,82',0,0,-1,,,,2025-09-29 05:21:02
13086,725995,8221,home,0,5-3-2,1,0,30,386345,Lukas Björklund,Substitute,0,1,232670,20,232670.0,3780.0,63',0,0,-1,,,,2025-09-29 05:21:02
13086,725995,8221,home,0,5-3-2,1,0,4,208616,Eric Bjorkander,Substitute,0,0,0,-1,,,,0,0,-1,,,,2025-09-29 05:21:02
13086,725995,8221,home,0,5-3-2,1,0,28,195090,Isak Ssewankambo,Substitute,0,1,336115,11,336115.0,1920.0,32',0,0,-1,,,,2025-09-29 05:21:02
13086,725995,8221,home,0,5-3-2,1,0,39,134643,Nabil Bahoui,Substitute,0,1,243322,19,243322.0,4920.0,82',0,0,-1,,,,2025-09-29 05:21:02
13086,725995,20301,away,1,3-4-3,1,1,1,301377,Noel Törnqvist,Goalkeeper,1,0,0,-1,,,,0,0,-1,,,,2025-09-29 05:21:02
13086,725995,20301,away,1,3-4-3,1,1,26,357118,Uba Charles,Right Midfielder,2,0,0,-1,,,,0,0,-1,,,,2025-09-29 05:21:02
13086,725995,20301,away,1,3-4-3,1,1,11,269109,Timo Stavitski,Left Midfielder,3,0,0,-1,,,,1,293925,18,293925.0,3420.0,57',2025-09-29 05:21:02
13086,725995,20301,away,1,3-4-3,1,1,24,172917,Tom Pettersson,Center Left Defender,4,0,0,-1,,,,0,0,-1,,,,2025-09-29 05:21:02
13086,725995,20301,away,1,3-4-3,1,1,4,306289,Axel Norén,Center Defender,5,0,0,-1,,,,0,0,-1,,,,2025-09-29 05:21:02
13086,725995,20301,away,1,3-4-3,1,1,14,312876,Herman Johansson,Center Right Defender,6,0,0,-1,,,,0,0,-1,,,,2025-09-29 05:21:02
13086,725995,20301,away,1,3-4-3,1,1,7,303651,Viktor Gustafson,Center Right Midfielder,7,0,0,-1,,,,0,0,-1,,,,2025-09-29 05:21:02
13086,725995,20301,away,1,3-4-3,1,1,22,192793,Jesper Gustavsson,Center Left Midfielder,8,0,0,-1,,,,0,0,-1,,,,2025-09-29 05:21:02
13086,725995,20301,away,1,3-4-3,1,1,19,380320,Abdoulie Manneh,Forward,9,0,0,-1,,,,1,346501,27,346501.0,4800.0,80',2025-09-29 05:21:02
13086,725995,20301,away,1,3-4-3,1,1,16,301382,Alexander Johansson,Center Right Forward,10,0,0,-1,,,,1,382147,3,382147.0,3420.0,57',2025-09-29 05:21:02
13086,725995,20301,away,1,3-4-3,1,1,17,357145,Elliot Stroud,Center Left Forward,11,0,0,-1,,,,0,0,-1,,,,2025-09-29 05:21:02
13086,725995,20301,away,1,3-4-3,1,0,39,389637,Romeo Leandersson,Substitute,0,0,0,-1,,,,0,0,-1,,,,2025-09-29 05:21:02
13086,725995,20301,away,1,3-4-3,1,0,3,382147,Christian Tchouante,Substitute,0,1,301382,16,301382.0,3420.0,57',0,0,-1,,,,2025-09-29 05:21:02
13086,725995,20301,away,1,3-4-3,1,0,20,399510,Måns Isaksson,Substitute,0,0,0,-1,,,,0,0,-1,,,,2025-09-29 05:21:02
13086,725995,20301,away,1,3-4-3,1,0,27,346501,Ludvig Tidstrand,Substitute,0,1,380320,19,380320.0,4800.0,80',0,0,-1,,,,2025-09-29 05:21:02
13086,725995,20301,away,1,3-4-3,1,0,21,303653,Adam Petersson,Substitute,0,0,0,-1,,,,0,0,-1,,,,2025-09-29 05:21:02
13086,725995,20301,away,1,3-4-3,1,0,18,293925,Jacob Bergstrom,Substitute,0,1,269109,11,269109.0,3420.0,57',0,0,-1,,,,2025-09-29 05:21:02
13086,725995,20301,away,1,3-4-3,1,0,35,151931,Alexander Lundin,Substitute,0,0,0,-1,,,,0,0,-1,,,,2025-09-29 05:21:02
13086,725995,20301,away,1,3-4-3,1,0,6,356408,Ludwig Malachowski,Substitute,0,0,0,-1,,,,0,0,-1,,,,2025-09-29 05:21:02
13086,725996,2339,home,1,4-2-3-1,1,1,45,219533,Filip Manojlovic,Goalkeeper,1,0,0,-1,,,,0,0,-1,,,,2025-09-30 05:13:10
13086,725996,2339,home,1,4-2-3-1,1,1,18,269457,Adam Stahl,Right Back,2,0,0,-1,,,,0,0,-1,,,,2025-09-30 05:13:10
13086,725996,2339,home,1,4-2-3-1,1,1,12,357136,Theo Bergvall,Left Back,3,0,0,-1,,,,1,205729,2,205729.0,4860.0,81',2025-09-30 05:13:10
13086,725996,2339,home,1,4-2-3-1,1,1,20,364226,Matias Siltanen,Left Midfielder,4,0,0,-1,,,,1,378837,22,378837.0,4440.0,74',2025-09-30 05:13:10
13086,725996,2339,home,1,4-2-3-1,1,1,4,237053,Jacob Une,Center Right Defender,5,0,0,-1,,,,0,0,-1,,,,2025-09-30 05:13:10
13086,725996,2339,home,1,4-2-3-1,1,1,3,172855,Marcus Danielson,Center Left Defender,6,0,0,-1,,,,0,0,-1,,,,2025-09-30 05:13:10
13086,725996,2339,home,1,4-2-3-1,1,1,15,312383,Oskar Fallenius,Attacking Midfielder Right,7,0,0,-1,,,,0,0,-1,,,,2025-09-30 05:13:10
13086,725996,2339,home,1,4-2-3-1,1,1,13,334021,Daniel Stensson,Right Midfielder,8,0,0,-1,,,,1,120652,8,120652.0,3720.0,62',2025-09-30 05:13:10
13086,725996,2339,home,1,4-2-3-1,1,1,9,330460,August Priske,Forward,9,0,0,-1,,,,0,0,-1,,,,2025-09-30 05:13:10
13086,725996,2339,home,1,4-2-3-1,1,1,17,250697,Mikkel Anderson,Attacking Midfielder,10,0,0,-1,,,,1,397300,16,397300.0,4440.0,74',2025-09-30 05:13:10
13086,725996,2339,home,1,4-2-3-1,1,1,19,239166,Jeppe Okkels,Attacking Midfielder Left,11,0,0,-1,,,,1,164556,10,164556.0,3720.0,62',2025-09-30 05:13:10
13086,725996,2339,home,1,4-2-3-1,1,0,2,205729,Piotr Johansson,Substitute,0,1,357136,12,357136.0,4860.0,81',0,0,-1,,,,2025-09-30 05:13:10
13086,725996,2339,home,1,4-2-3-1,1,0,8,120652,Albin Ekdal,Substitute,0,1,334021,13,334021.0,3720.0,62',0,0,-1,,,,2025-09-30 05:13:10
13086,725996,2339,home,1,4-2-3-1,1,0,16,397300,Bo Hegland,Substitute,0,1,250697,17,250697.0,4440.0,74',0,0,-1,,,,2025-09-30 05:13:10
13086,725996,2339,home,1,4-2-3-1,1,0,22,378837,Patric Åslund,Substitute,0,1,364226,20,364226.0,4440.0,74',0,0,-1,,,,2025-09-30 05:13:10
13086,725996,2339,home,1,4-2-3-1,1,0,11,372767,Zakaria Sawo,Substitute,0,0,0,-1,,,,0,0,-1,,,,2025-09-30 05:13:10
13086,725996,2339,home,1,4-2-3-1,1,0,23,289519,Nino Zugelj,Substitute,0,0,0,-1,,,,0,0,-1,,,,2025-09-30 05:13:10
13086,725996,2339,home,1,4-2-3-1,1,0,14,272148,Hampus Finndell,Substitute,0,0,0,-1,,,,0,0,-1,,,,2025-09-30 05:13:10
13086,725996,2339,home,1,4-2-3-1,1,0,10,164556,Tokmac Nguen,Substitute,0,1,239166,19,239166.0,3720.0,62',0,0,-1,,,,2025-09-30 05:13:10
13086,725996,2339,home,1,4-2-3-1,1,0,35,203266,Jacob Rinne,Substitute,0,0,0,-1,,,,0,0,-1,,,,2025-09-30 05:13:10
13086,725996,8547,away,0,4-2-3-1,1,1,34,325348,David Celic,Goalkeeper,1,0,0,-1,,,,0,0,-1,,,,2025-09-30 05:13:10
13086,725996,8547,away,0,4-2-3-1,1,1,2,235919,Henrik Castegren,Right Back,2,0,0,-1,,,,0,0,-1,,,,2025-09-30 05:13:10
13086,725996,8547,away,0,4-2-3-1,1,1,22,243517,Oscar Krusnell,Left Back,3,0,0,-1,,,,1,235518,21,235518.0,4440.0,74',2025-09-30 05:13:10
13086,725996,8547,away,0,4-2-3-1,1,1,17,15527,Marcus Lindberg,Left Midfielder,4,0,0,-1,,,,1,379166,8,379166.0,4440.0,74',2025-09-30 05:13:10
13086,725996,8547,away,0,4-2-3-1,1,1,13,298341,Jakob Voelkerling Persson,Center Right Defender,5,0,0,-1,,,,0,0,-1,,,,2025-09-30 05:13:10
13086,725996,8547,away,0,4-2-3-1,1,1,4,366597,Tobias Anker,Center Left Defender,6,0,0,-1,,,,0,0,-1,,,,2025-09-30 05:13:10
13086,725996,8547,away,0,4-2-3-1,1,1,7,22706,Joakim Persson,Attacking Midfielder Right,7,0,0,-1,,,,0,0,-1,,,,2025-09-30 05:13:10
13086,725996,8547,away,0,4-2-3-1,1,1,10,358564,Melker Heier,Right Midfielder,8,0,0,-1,,,,1,315677,18,315677.0,4440.0,74',2025-09-30 05:13:10
13086,725996,8547,away,0,4-2-3-1,1,1,19,309271,Noel Milleskog,Forward,9,0,0,-1,,,,1,322993,9,322993.0,3180.0,53',2025-09-30 05:13:10
13086,725996,8547,away,0,4-2-3-1,1,1,14,323176,Leo Walta,Attacking Midfielder,10,0,0,-1,,,,0,0,-1,,,,2025-09-30 05:13:10
13086,725996,8547,away,0,4-2-3-1,1,1,29,344867,Isak Bjerkebo,Attacking Midfielder Left,11,0,0,-1,,,,1,409472,27,409472.0,5220.0,87',2025-09-30 05:13:10
13086,725996,8547,away,0,4-2-3-1,1,0,27,409472,Neo Jönsson,Substitute,0,1,344867,29,344867.0,5220.0,87',0,0,-1,,,,2025-09-30 05:13:10
13086,725996,8547,away,0,4-2-3-1,1,0,21,235518,Dennis Widgren,Substitute,0,1,243517,22,243517.0,4440.0,74',0,0,-1,,,,2025-09-30 05:13:10
13086,725996,8547,away,0,4-2-3-1,1,0,24,401059,Victor Svensson,Substitute,0,0,0,-1,,,,0,0,-1,,,,2025-09-30 05:13:10
13086,725996,8547,away,0,4-2-3-1,1,0,8,379166,Matthias Nartey,Substitute,0,1,15527,17,15527.0,4440.0,74',0,0,-1,,,,2025-09-30 05:13:10
13086,725996,8547,away,0,4-2-3-1,1,0,9,322993,Robbie Ure,Substitute,0,1,309271,19,309271.0,3180.0,53',0,0,-1,,,,2025-09-30 05:13:10
13086,725996,8547,away,0,4-2-3-1,1,0,18,315677,Adam Wikman,Substitute,0,1,358564,10,358564.0,4440.0,74',0,0,-1,,,,2025-09-30 05:13:10
13086,725996,8547,away,0,4-2-3-1,1,0,1,313973,Ismael Diawara,Substitute,0,0,0,-1,,,,0,0,-1,,,,2025-09-30 05:13:10
13086,725996,8547,away,0,4-2-3-1,1,0,3,299250,Bogdan Milovanov,Substitute,0,0,0,-1,,,,0,0,-1,,,,2025-09-30 05:13:10
13086,725996,8547,away,0,4-2-3-1,1,0,5,25076,Tobias Carlsson,Substitute,0,0,0,-1,,,,0,0,-1,,,,2025-09-30 05:13:10
13086,725997,529,home,0,4-4-2,1,1,1,400222,Simon Eriksson,Goalkeeper,1,0,0,-1,,,,0,0,-1,,,,2025-09-28 05:14:50
13086,725997,529,home,0,4-4-2,1,1,13,146012,Johan Larsson,Right Back,2,0,0,-1,,,,1,342093,25,342093.0,3600.0,60',2025-09-28 05:14:50
13086,725997,529,home,0,4-4-2,1,1,23,134644,Niklas Hult,Left Back,3,0,0,-1,,,,0,0,-1,,,,2025-09-28 05:14:50
13086,725997,529,home,0,4-4-2,1,1,7,218707,Jens Jakob Thomasen,Center Right Midfielder,4,0,0,-1,,,,1,303614,11,303614.0,2700.0,45',2025-09-28 05:14:50
13086,725997,529,home,0,4-4-2,1,1,29,341452,Ibrahim Buhari,Center Right Defender,5,0,0,-1,,,,0,0,-1,,,,2025-09-28 05:14:50
13086,725997,529,home,0,4-4-2,1,1,4,202682,Daniel Granli,Center Left Defender,6,0,0,-1,,,,0,0,-1,,,,2025-09-28 05:14:50
13086,725997,529,home,0,4-4-2,1,1,15,173040,Simon Hedlund,Right Midfielder,7,0,0,-1,,,,0,0,-1,,,,2025-09-28 05:14:50
13086,725997,529,home,0,4-4-2,1,1,5,303480,Wenderson,Center Left Midfielder,8,0,0,-1,,,,1,402326,16,402326.0,3600.0,60',2025-09-28 05:14:50
13086,725997,529,home,0,4-4-2,1,1,21,388173,Leo Östman,Center Left Forward,9,0,0,-1,,,,1,174501,17,174501.0,3600.0,60',2025-09-28 05:14:50
13086,725997,529,home,0,4-4-2,1,1,18,305401,Júlíus Magnússon,Center Right Forward,10,0,0,-1,,,,0,0,-1,,,,2025-09-28 05:14:50
13086,725997,529,home,0,4-4-2,1,1,9,202705,Arbër Zeneli,Left Midfielder,11,0,0,-1,,,,1,304180,24,304180.0,4320.0,72',2025-09-28 05:14:50
13086,725997,529,home,0,4-4-2,1,0,11,303614,Taylor Silverholt,Substitute,0,1,218707,7,218707.0,2700.0,45',0,0,-1,,,,2025-09-28 05:14:50
13086,725997,529,home,0,4-4-2,1,0,25,342093,Ari Sigurpálsson,Substitute,0,1,146012,13,146012.0,3600.0,60',0,0,-1,,,,2025-09-28 05:14:50
13086,725997,529,home,0,4-4-2,1,0,20,362584,Gottfrid Rapp,Substitute,0,0,0,-1,,,,0,0,-1,,,,2025-09-28 05:14:50
13086,725997,529,home,0,4-4-2,1,0,31,250169,Isak Pettersson,Substitute,0,0,0,-1,,,,0,0,-1,,,,2025-09-28 05:14:50
13086,725997,529,home,0,4-4-2,1,0,28,389426,Frode Aronsson,Substitute,0,0,0,-1,,,,0,0,-1,,,,2025-09-28 05:14:50
13086,725997,529,home,0,4-4-2,1,0,17,174501,Per Frick,Substitute,0,1,388173,21,388173.0,3600.0,60',0,0,-1,,,,2025-09-28 05:14:50
13086,725997,529,home,0,4-4-2,1,0,16,402326,Altti Hellemaa,Substitute,0,1,303480,5,303480.0,3600.0,60',0,0,-1,,,,2025-09-28 05:14:50
13086,725997,529,home,0,4-4-2,1,0,24,304180,Frederik Ihler,Substitute,0,1,202705,9,202705.0,4320.0,72',0,0,-1,,,,2025-09-28 05:14:50
13086,725997,20856,away,1,5-3-2,1,1,26,194803,Matvei Igonen,Goalkeeper,1,0,0,-1,,,,1,286770,1,286770.0,5400.0,90'+11',2025-09-28 05:14:50
13086,725997,20856,away,1,5-3-2,1,1,29,275575,Santeri Haarala,Right Back,2,0,0,-1,,,,1,400141,20,400141.0,4920.0,82',2025-09-28 05:14:50
13086,725997,20856,away,1,5-3-2,1,1,39,378634,Philippe Ndinga Ossibadjouo,Left Back,3,0,0,-1,,,,0,0,-1,,,,2025-09-28 05:14:50
13086,725997,20856,away,1,5-3-2,1,1,5,385769,Juhani Pikkarainen,Center Left Defender,4,0,0,-1,,,,0,0,-1,,,,2025-09-28 05:14:50
13086,725997,20856,away,1,5-3-2,1,1,4,301367,Leon Hien,Center Defender,5,0,0,-1,,,,0,0,-1,,,,2025-09-28 05:14:50
13086,725997,20856,away,1,5-3-2,1,1,6,235489,Daniel Sundgren,Center Right Defender,6,0,0,-1,,,,1,255257,30,255257.0,4920.0,82',2025-09-28 05:14:50
13086,725997,20856,away,1,5-3-2,1,1,8,301374,Nahom Netabay,Center Right Midfielder,7,0,0,-1,,,,0,0,-1,,,,2025-09-28 05:14:50
13086,725997,20856,away,1,5-3-2,1,1,21,325409,Kazper Karlsson,Center Midfielder,8,0,0,-1,,,,0,0,-1,,,,2025-09-28 05:14:50
13086,725997,20856,away,1,5-3-2,1,1,22,334867,Dijan Vukojevic,Center Left Forward,9,0,0,-1,,,,1,205158,16,205158.0,4140.0,69',2025-09-28 05:14:50
13086,725997,20856,away,1,5-3-2,1,1,17,304144,Armann Taranis,Center Right Forward,10,0,0,-1,,,,1,316173,19,316173.0,4140.0,69',2025-09-28 05:14:50
13086,725997,20856,away,1,5-3-2,1,1,10,364830,Marcus Rafferty,Center Left Midfielder,11,0,0,-1,,,,1,324395,15,324395.0,5340.0,89',2025-09-28 05:14:50
13086,725997,20856,away,1,5-3-2,1,0,19,316173,Richie Omorowa,Substitute,0,1,304144,17,304144.0,4140.0,69',0,0,-1,,,,2025-09-28 05:14:50
13086,725997,20856,away,1,5-3-2,1,0,15,324395,Nasiru Moro,Substitute,0,1,364830,10,364830.0,5340.0,89',0,0,-1,,,,2025-09-28 05:14:50
13086,725997,20856,away,1,5-3-2,1,0,2,256567,Mamadouba Diaby,Substitute,0,0,0,-1,,,,0,0,-1,,,,2025-09-28 05:14:50
13086,725997,20856,away,1,5-3-2,1,0,16,205158,Sebastian Ohlsson,Substitute,0,1,334867,22,334867.0,4140.0,69',0,0,-1,,,,2025-09-28 05:14:50
13086,725997,20856,away,1,5-3-2,1,0,30,255257,Bernardo Morgado,Substitute,0,1,235489,6,235489.0,4920.0,82',0,0,-1,,,,2025-09-28 05:14:50
13086,725997,20856,away,1,5-3-2,1,0,28,238859,Marcus Godinho,Substitute,0,0,0,-1,,,,0,0,-1,,,,2025-09-28 05:14:50
13086,725997,20856,away,1,5-3-2,1,0,9,398190,Adi Fisic,Substitute,0,0,0,-1,,,,0,0,-1,,,,2025-09-28 05:14:50
13086,725997,20856,away,1,5-3-2,1,0,20,400141,Elias Barsoum,Substitute,0,1,275575,29,275575.0,4920.0,82',0,0,-1,,,,2025-09-28 05:14:50
13086,725997,20856,away,1,5-3-2,1,0,1,286770,Willie Jakobsson,Substitute,0,1,194803,26,194803.0,5400.0,90'+11',0,0,-1,,,,2025-09-28 05:14:50
13086,725998,3017,home,1,5-4-1,1,1,12,195094,Tim Erlandsson,Goalkeeper,1,0,0,-1,,,,0,0,-1,,,,2025-09-29 05:21:02
13086,725998,3017,home,1,5-4-1,1,1,17,303666,André Boman,Right Back,2,0,0,-1,,,,1,357142,3,357142.0,5400.0,90'+4',2025-09-29 05:21:02
13086,725998,3017,home,1,5-4-1,1,1,24,240486,Rami Kaib,Left Back,3,0,0,-1,,,,0,0,-1,,,,2025-09-29 05:21:02
13086,725998,3017,home,1,5-4-1,1,1,2,381647,Bleon Kurtulus,Center Left Defender,4,0,0,-1,,,,0,0,-1,,,,2025-09-29 05:21:02
13086,725998,3017,home,1,5-4-1,1,1,4,289329,Filip Schyberg,Center Defender,5,0,0,-1,,,,0,0,-1,,,,2025-09-29 05:21:02
13086,725998,3017,home,1,5-4-1,1,1,5,178687,Pascal Gregor,Center Right Defender,6,0,0,-1,,,,0,0,-1,,,,2025-09-29 05:21:02
13086,725998,3017,home,1,5-4-1,1,1,11,357140,Villiam Granath,Right Midfielder,7,0,0,-1,,,,0,0,-1,,,,2025-09-29 05:21:02
13086,725998,3017,home,1,5-4-1,1,1,6,147211,Joel Allansson,Center Right Midfielder,8,0,0,-1,,,,0,0,-1,,,,2025-09-29 05:21:02
13086,725998,3017,home,1,5-4-1,1,1,99,344475,Emmanuel Damoah Yeboah,Forward,9,0,0,-1,,,,1,334002,28,334002.0,3660.0,61',2025-09-29 05:21:02
13086,725998,3017,home,1,5-4-1,1,1,27,313722,Rocco Ascone,Center Left Midfielder,10,0,0,-1,,,,1,357130,18,357130.0,4440.0,74',2025-09-29 05:21:02
13086,725998,3017,home,1,5-4-1,1,1,29,399508,Erik Arvidsson,Left Midfielder,11,0,0,-1,,,,1,289719,8,289719.0,3660.0,61',2025-09-29 05:21:02
13086,725998,3017,home,1,5-4-1,1,0,1,264481,Tim Rönning,Substitute,0,0,0,-1,,,,0,0,-1,,,,2025-09-29 05:21:02
13086,725998,3017,home,1,5-4-1,1,0,8,289719,Niilo Mäenpää,Substitute,0,1,399508,29,399508.0,3660.0,61',0,0,-1,,,,2025-09-29 05:21:02
13086,725998,3017,home,1,5-4-1,1,0,13,237843,Gíisli Eyjólfsson,Substitute,0,0,0,-1,,,,0,0,-1,,,,2025-09-29 05:21:02
13086,725998,3017,home,1,5-4-1,1,0,21,121282,Marcus Olsson,Substitute,0,0,0,-1,,,,0,0,-1,,,,2025-09-29 05:21:02
13086,725998,3017,home,1,5-4-1,1,0,25,321176,Aleksander Damnjanovic,Substitute,0,0,0,-1,,,,0,0,-1,,,,2025-09-29 05:21:02
13086,725998,3017,home,1,5-4-1,1,0,28,334002,Malte Persson,Substitute,0,1,344475,99,344475.0,3660.0,61',0,0,-1,,,,2025-09-29 05:21:02
13086,725998,3017,home,1,5-4-1,1,0,18,357130,Naeem Mohammed,Substitute,0,1,313722,27,313722.0,4440.0,74',0,0,-1,,,,2025-09-29 05:21:02
13086,725998,3017,home,1,5-4-1,1,0,3,357142,Gabriel Wallentin,Substitute,0,1,303666,17,303666.0,5400.0,90'+4',0,0,-1,,,,2025-09-29 05:21:02
13086,725998,3017,home,1,5-4-1,1,0,33,403402,Oliver Kapsimalis,Substitute,0,0,0,-1,,,,0,0,-1,,,,2025-09-29 05:21:02
13086,725998,2495,away,0,4-1-4-1,1,1,1,170727,Warner Hahn,Goalkeeper,1,0,0,-1,,,,0,0,-1,,,,2025-10-04 05:12:32
13086,725998,2495,away,0,4-1-4-1,1,1,2,382504,Hampus Skoglund,Right Back,2,0,0,-1,,,,1,344869,28,344869.0,3960.0,66',2025-10-04 05:12:32
13086,725998,2495,away,0,4-1-4-1,1,1,3,272714,Frederik Winther,Left Back,3,0,0,-1,,,,0,0,-1,,,,2025-10-04 05:12:32
13086,725998,2495,away,0,4-1-4-1,1,1,5,218436,Tesfaldet Tekie,Defensive Midfielder,4,0,0,-1,,,,0,0,-1,,,,2025-10-04 05:12:32
13086,725998,2495,away,0,4-1-4-1,1,1,4,334038,Victor Eriksson,Center Right Defender,5,0,0,-1,,,,0,0,-1,,,,2025-10-04 05:12:32
13086,725998,2495,away,0,4-1-4-1,1,1,6,249160,Pavle Vagic,Center Left Defender,6,0,0,-1,,,,0,0,-1,,,,2025-10-04 05:12:32
13086,725998,2495,away,0,4-1-4-1,1,1,26,312880,Montader Madjed,Right Midfielder,7,0,0,-1,,,,0,0,-1,,,,2025-10-04 05:12:32
13086,725998,2495,away,0,4-1-4-1,1,1,20,143585,Nahir Besara,Center Right Midfielder,8,0,0,-1,,,,1,308433,19,308433.0,4680.0,78',2025-10-04 05:12:32
13086,725998,2495,away,0,4-1-4-1,1,1,29,359099,Elohim Kaboré,Forward,9,0,0,-1,,,,1,378936,23,378936.0,4020.0,67',2025-10-04 05:12:32
13086,725998,2495,away,0,4-1-4-1,1,1,11,205374,Oscar Johansson Schellhas,Center Left Midfielder,10,0,0,-1,,,,1,380970,15,380970.0,4680.0,78',2025-10-04 05:12:32
13086,725998,2495,away,0,4-1-4-1,1,1,7,303670,Paulos Abraham,Left Midfielder,11,0,0,-1,,,,0,0,-1,,,,2025-10-04 05:12:32
13086,725998,2495,away,0,4-1-4-1,1,0,15,380970,Adrian Lahdo,Substitute,0,1,205374,11,205374.0,4680.0,78',0,0,-1,,,,2025-10-04 05:12:32
13086,725998,2495,away,0,4-1-4-1,1,0,28,344869,Frank Junior Adjei,Substitute,0,1,382504,2,382504.0,3960.0,66',0,0,-1,,,,2025-10-04 05:12:32
13086,725998,2495,away,0,4-1-4-1,1,0,17,313464,Ibrahima Fofana,Substitute,0,0,0,-1,,,,0,0,-1,,,,2025-10-28 05:13:22
13086,725998,2495,away,0,4-1-4-1,1,0,19,308433,Nikola Vasic,Substitute,0,1,143585,20,143585.0,4680.0,78',0,0,-1,,,,2025-10-04 05:12:32
13086,725998,2495,away,0,4-1-4-1,1,0,27,301372,Felix Jakobsson,Substitute,0,0,0,-1,,,,0,0,-1,,,,2025-10-04 05:12:32
13086,725998,2495,away,0,4-1-4-1,1,0,21,269195,Simon Strand,Substitute,0,0,0,-1,,,,0,0,-1,,,,2025-10-04 05:12:32
13086,725998,2495,away,0,4-1-4-1,1,0,22,210020,Jacob Ortmark,Substitute,0,0,0,-1,,,,0,0,-1,,,,2025-10-04 05:12:32
13086,725998,2495,away,0,4-1-4-1,1,0,8,22967,Markus Karlsson,Substitute,0,0,0,-1,,,,0,0,-1,,,,2025-10-04 05:12:32
13086,725998,2495,away,0,4-1-4-1,1,0,23,378936,Obilor Okeke,Substitute,0,1,359099,29,359099.0,4020.0,67',0,0,-1,,,,2025-10-04 05:12:32
13086,725999,7834,home,1,4-4-2,1,1,99,125312,Etrit Berisha,Goalkeeper,1,0,0,-1,,,,0,0,-1,,,,2025-09-28 05:14:50
13086,725999,7834,home,1,4-4-2,1,1,44,393324,Harry Hilvenius,Right Back,2,0,0,-1,,,,0,0,-1,,,,2025-09-28 05:14:50
13086,725999,7834,home,1,4-4-2,1,1,21,194293,Adam Lundkvist,Left Back,3,0,0,-1,,,,0,0,-1,,,,2025-09-28 05:14:50
13086,725999,7834,home,1,4-4-2,1,1,8,355408,Silas Andersen,Center Right Midfielder,4,0,0,-1,,,,0,0,-1,,,,2025-09-28 05:14:50
13086,725999,7834,home,1,4-4-2,1,1,4,271086,Marius Lode,Center Right Defender,5,0,0,-1,,,,1,336672,23,336672.0,2700.0,45',2025-09-28 05:14:50
13086,725999,7834,home,1,4-4-2,1,1,22,165722,Filip Helander,Center Left Defender,6,0,0,-1,,,,0,0,-1,,,,2025-09-28 05:14:50
13086,725999,7834,home,1,4-4-2,1,1,24,271087,Amor Layouni,Right Midfielder,7,0,0,-1,,,,1,357023,18,357023.0,5280.0,88',2025-09-28 05:14:50
13086,725999,7834,home,1,4-4-2,1,1,14,185916,Simon Gustafson,Center Left Midfielder,8,0,0,-1,,,,0,0,-1,,,,2025-09-28 05:14:50
13086,725999,7834,home,1,4-4-2,1,1,19,366143,John Paul Dembe,Center Left Forward,9,0,0,-1,,,,1,364749,39,364749.0,5400.0,90'+4',2025-09-28 05:14:50
13086,725999,7834,home,1,4-4-2,1,1,19,366143,John Paul Dembe,Center Left Forward,9,0,0,-1,,,,1,364749,39,364749.0,3660.0,61',2025-09-28 05:14:50
13086,725999,7834,home,1,4-4-2,1,1,20,407050,Adrian Svanbäck,Center Right Forward,10,0,0,-1,,,,0,0,-1,,,,2025-09-28 05:14:50
13086,725999,7834,home,1,4-4-2,1,1,11,378812,Julius Lindberg,Left Midfielder,11,0,0,-1,,,,0,0,-1,,,,2025-09-28 05:14:50
13086,725999,7834,home,1,4-4-2,1,0,7,343960,Sanders Ngabo,Substitute,0,0,0,-1,,,,0,0,-1,,,,2025-09-28 05:14:50
13086,725999,7834,home,1,4-4-2,1,0,29,366829,Severin Nioule,Substitute,0,0,0,-1,,,,0,0,-1,,,,2025-09-28 05:14:50
13086,725999,7834,home,1,4-4-2,1,0,39,364749,Isak Brusberg,Substitute,0,1,366143,19,366143.0,3660.0,61',1,356369,15,356369.0,5400.0,90'+4',2025-09-28 05:14:50
13086,725999,7834,home,1,4-4-2,1,0,13,361537,Sigge Jansson,Substitute,0,0,0,-1,,,,0,0,-1,,,,2025-09-28 05:14:50
13086,725999,7834,home,1,4-4-2,1,0,16,357139,Pontus Dahbo,Substitute,0,0,0,-1,,,,0,0,-1,,,,2025-09-28 05:14:50
13086,725999,7834,home,1,4-4-2,1,0,18,357023,Danilo Al-Saed,Substitute,0,1,271087,24,271087.0,5280.0,88',0,0,-1,,,,2025-09-28 05:14:50
13086,725999,7834,home,1,4-4-2,1,0,15,356369,Samuel Leach Holm,Substitute,0,1,364749,39,364749.0,5400.0,90'+4',0,0,-1,,,,2025-09-28 05:14:50
13086,725999,7834,home,1,4-4-2,1,0,15,356369,Samuel Leach Holm,Substitute,0,1,364749,39,364749.0,3660.0,61',0,0,-1,,,,2025-09-28 05:14:50
13086,725999,7834,home,1,4-4-2,1,0,23,336672,Olle Samuelsson,Substitute,0,1,271086,4,271086.0,2700.0,45',0,0,-1,,,,2025-09-28 05:14:50
13086,725999,7834,home,1,4-4-2,1,0,32,121827,Oscar Jansson,Substitute,0,0,0,-1,,,,0,0,-1,,,,2025-09-28 05:14:50
13086,725999,8544,away,0,4-3-3,1,1,40,19242,David Andersson,Goalkeeper,1,0,0,-1,,,,0,0,-1,,,,2025-09-28 05:14:50
13086,725999,8544,away,0,4-3-3,1,1,4,356374,Amadeus Sögaard,Right Back,2,0,0,-1,,,,0,0,-1,,,,2025-09-28 05:14:50
13086,725999,8544,away,0,4-3-3,1,1,3,359167,Marcus Baggesen,Left Back,3,0,0,-1,,,,0,0,-1,,,,2025-09-28 05:14:50
13086,725999,8544,away,0,4-3-3,1,1,25,364988,Kevin Höög Jansson,Center Midfielder,4,0,0,-1,,,,0,0,-1,,,,2025-10-03 05:13:17
13086,725999,8544,away,0,4-3-3,1,1,19,238431,Max Watson,Center Right Defender,5,0,0,-1,,,,1,400367,20,400367.0,4740.0,79',2025-09-28 05:14:50
13086,725999,8544,away,0,4-3-3,1,1,17,409648,Abdoulie Tamba,Center Left Defender,6,0,0,-1,,,,1,334015,24,334015.0,2700.0,45',2025-09-28 05:14:50
13086,725999,8544,away,0,4-3-3,1,1,7,232279,Alexander Fransson,Right Midfielder,7,0,0,-1,,,,1,287215,22,287215.0,3660.0,61',2025-09-28 05:14:50
13086,725999,8544,away,0,4-3-3,1,1,9,230353,Arnór Traustason,Left Midfielder,8,0,0,-1,,,,0,0,-1,,,,2025-10-03 05:13:17
13086,725999,8544,away,0,4-3-3,1,1,5,158978,Christoffer Nyman,Forward,9,0,0,-1,,,,1,389749,28,389749.0,5100.0,85',2025-09-28 05:14:50
13086,725999,8544,away,0,4-3-3,1,1,37,345975,Moutaz Neffati,Right Forward,10,0,0,-1,,,,1,329668,31,329668.0,3660.0,61',2025-09-28 05:14:50
13086,725999,8544,away,0,4-3-3,1,1,8,321404,Ísak Andri Sigurgeirsson,Left Forward,11,0,0,-1,,,,0,0,-1,,,,2025-09-28 05:14:50
13086,725999,8544,away,0,4-3-3,1,0,31,329668,Jesper Lindvall,Substitute,0,1,345975,37,345975.0,3660.0,61',0,0,-1,,,,2025-09-28 05:14:50
13086,725999,8544,away,0,4-3-3,1,0,22,287215,Tim Prica,Substitute,0,1,232279,7,232279.0,3660.0,61',0,0,-1,,,,2025-09-28 05:14:50
13086,725999,8544,away,0,4-3-3,1,0,30,380189,Theo Krantz,Substitute,0,0,0,-1,,,,0,0,-1,,,,2025-09-28 05:14:50
13086,725999,8544,away,0,4-3-3,1,0,28,389749,Åke Andersson,Substitute,0,1,158978,5,158978.0,5100.0,85',0,0,-1,,,,2025-09-28 05:14:50
13086,725999,8544,away,0,4-3-3,1,0,18,400219,Jónatan Gudni Arnarsson,Substitute,0,0,0,-1,,,,0,0,-1,,,,2025-09-28 05:14:50
13086,725999,8544,away,0,4-3-3,1,0,20,400367,Axel Brönner,Substitute,0,1,238431,19,238431.0,4740.0,79',0,0,-1,,,,2025-09-28 05:14:50
13086,725999,8544,away,0,4-3-3,1,0,45,409804,Christoffer Petersen,Substitute,0,0,0,-1,,,,0,0,-1,,,,2025-09-28 05:14:50
13086,725999,8544,away,0,4-3-3,1,0,14,306290,Yahya Kalley,Substitute,0,0,0,-1,,,,0,0,-1,,,,2025-09-28 05:14:50
13086,725999,8544,away,0,4-3-3,1,0,24,334015,Anton Eriksson,Substitute,0,1,409648,17,409648.0,2700.0,45',0,0,-1,,,,2025-09-28 05:14:50
13086,726000,2720,home,1,4-4-2,1,1,30,178176,Robin Olsen,Goalkeeper,1,0,0,-1,,,,0,0,-1,,,,2025-09-29 05:21:02
13086,726000,2720,home,1,4-4-2,1,1,17,193186,Jens Stryger Larsen,Right Back,2,0,0,-1,,,,0,0,-1,,,,2025-09-29 05:21:02
13086,726000,2720,home,1,4-4-2,1,1,25,301219,Busanello,Left Back,3,0,0,-1,,,,0,0,-1,,,,2025-09-29 05:21:02
13086,726000,2720,home,1,4-4-2,1,1,23,286434,Lasse Berg Johnsen,Center Right Midfielder,4,0,0,-1,,,,0,0,-1,,,,2025-09-29 05:21:02
13086,726000,2720,home,1,4-4-2,1,1,18,135579,Pontus Jansson,Center Right Defender,5,0,0,-1,,,,0,0,-1,,,,2025-09-29 05:21:02
13086,726000,2720,home,1,4-4-2,1,1,19,279135,Colin Rösler,Center Left Defender,6,0,0,-1,,,,0,0,-1,,,,2025-09-29 05:21:02
13086,726000,2720,home,1,4-4-2,1,1,11,308880,Emmanuel Ekong,Right Midfielder,7,0,0,-1,,,,1,346284,15,346284.0,4380.0,73',2025-09-29 05:21:02
13086,726000,2720,home,1,4-4-2,1,1,37,364698,Adrian Skogmar,Center Left Midfielder,8,0,0,-1,,,,1,381395,40,381395.0,3600.0,60',2025-10-04 05:12:32
13086,726000,2720,home,1,4-4-2,1,1,29,218450,Sead Haksabanovic,Center Left Forward,9,0,0,-1,,,,1,194453,21,194453.0,5220.0,87',2025-09-29 05:21:02
13086,726000,2720,home,1,4-4-2,1,1,32,360023,Daniel Gudjohnsen,Center Right Forward,10,0,0,-1,,,,1,149538,10,149538.0,3600.0,60',2025-10-04 05:12:32
13086,726000,2720,home,1,4-4-2,1,1,38,330239,Hugo Bolin,Left Midfielder,11,0,0,-1,,,,0,0,-1,,,,2025-09-29 05:21:02
13086,726000,2720,home,1,4-4-2,1,0,15,346284,Salifou Soumah,Substitute,0,1,308880,11,308880.0,4380.0,73',0,0,-1,,,,2025-09-29 05:21:02
13086,726000,2720,home,1,4-4-2,1,0,40,381395,Kenan Busuladzic,Substitute,0,1,364698,37,364698.0,3600.0,60',0,0,-1,,,,2025-10-04 05:12:32
13086,726000,2720,home,1,4-4-2,1,0,6,162738,Oscar Lewicki,Substitute,0,0,0,-1,,,,0,0,-1,,,,2025-09-29 05:21:02
13086,726000,2720,home,1,4-4-2,1,0,5,312108,Andrej Duric,Substitute,0,0,0,-1,,,,0,0,-1,,,,2025-09-29 05:21:02
13086,726000,2720,home,1,4-4-2,1,0,33,307800,Melker Ellborg,Substitute,0,0,0,-1,,,,0,0,-1,,,,2025-09-29 05:21:02
13086,726000,2720,home,1,4-4-2,1,0,21,194453,Stefano Vecchia,Substitute,0,1,218450,29,218450.0,5220.0,87',0,0,-1,,,,2025-09-29 05:21:02
13086,726000,2720,home,1,4-4-2,1,0,10,149538,Anders Christiansen,Substitute,0,1,360023,32,360023.0,3600.0,60',0,0,-1,,,,2025-10-04 05:12:32
13086,726000,2720,home,1,4-4-2,1,0,13,75987,Martin Olsson,Substitute,0,0,0,-1,,,,0,0,-1,,,,2025-09-29 05:21:02
13086,726000,2720,home,1,4-4-2,1,0,2,9101,Johan Karlsson,Substitute,0,0,0,-1,,,,0,0,-1,,,,2025-09-29 05:21:02
13086,726000,21382,away,0,4-3-3,1,1,1,277177,Hugo Keto,Goalkeeper,1,0,0,-1,,,,0,0,-1,,,,2025-09-29 05:21:02
13086,726000,21382,away,0,4-3-3,1,1,5,334035,Victor Larsson,Right Back,2,0,0,-1,,,,0,0,-1,,,,2025-09-29 05:21:02
13086,726000,21382,away,0,4-3-3,1,1,3,272272,Axel Björnström,Left Back,3,0,0,-1,,,,0,0,-1,,,,2025-09-29 05:21:02
13086,726000,21382,away,0,4-3-3,1,1,25,312873,Noah Shamoun,Center Midfielder,4,0,0,-1,,,,1,341437,9,341437.0,5100.0,85',2025-09-29 05:21:02
13086,726000,21382,away,0,4-3-3,1,1,4,383897,Rufai Mohammed,Center Right Defender,5,0,0,-1,,,,0,0,-1,,,,2025-09-29 05:21:02
13086,726000,21382,away,0,4-3-3,1,1,27,159526,Souleymane Coulibaly,Center Left Defender,6,0,0,-1,,,,0,0,-1,,,,2025-09-29 05:21:02
13086,726000,21382,away,0,4-3-3,1,1,11,187920,Kent-Are Antonsen,Right Midfielder,7,0,0,-1,,,,1,386317,16,386317.0,4620.0,77',2025-09-29 05:21:02
13086,726000,21382,away,0,4-3-3,1,1,8,366595,Otso Liimatta,Left Midfielder,8,0,0,-1,,,,1,267616,6,267616.0,5220.0,87',2025-09-29 05:21:02
13086,726000,21382,away,0,4-3-3,1,1,18,381397,Mohammad Alsalkhadi,Forward,9,0,0,-1,,,,0,0,-1,,,,2025-09-29 05:21:02
13086,726000,21382,away,0,4-3-3,1,1,7,193351,Carl Johansson,Right Forward,10,0,0,-1,,,,1,158993,22,158993.0,4620.0,77',2025-09-29 05:21:02
13086,726000,21382,away,0,4-3-3,1,1,10,345479,Ajdin Zeljkovic,Left Forward,11,0,0,-1,,,,0,0,-1,,,,2025-09-29 05:21:02
13086,726000,21382,away,0,4-3-3,1,0,21,303750,Abdulrazaq Ishaq,Substitute,0,0,0,-1,,,,0,0,-1,,,,2025-09-29 05:21:02
13086,726000,21382,away,0,4-3-3,1,0,20,334028,Freddy Winsth,Substitute,0,0,0,-1,,,,0,0,-1,,,,2025-09-29 05:21:02
13086,726000,21382,away,0,4-3-3,1,0,9,341437,Kai Meriluoto,Substitute,0,1,312873,25,312873.0,5100.0,85',0,0,-1,,,,2025-09-29 05:21:02
13086,726000,21382,away,0,4-3-3,1,0,24,357202,Emin Grozdanic,Substitute,0,0,0,-1,,,,0,0,-1,,,,2025-09-29 05:21:02
13086,726000,21382,away,0,4-3-3,1,0,2,380552,Johan Rapp,Substitute,0,0,0,-1,,,,0,0,-1,,,,2025-09-29 05:21:02
13086,726000,21382,away,0,4-3-3,1,0,6,267616,Hugo Andersson,Substitute,0,1,366595,8,366595.0,5220.0,87',0,0,-1,,,,2025-09-29 05:21:02
13086,726000,21382,away,0,4-3-3,1,0,16,386317,Antonio Kujundzic,Substitute,0,1,187920,11,187920.0,4620.0,77',0,0,-1,,,,2025-09-29 05:21:02
13086,726000,21382,away,0,4-3-3,1,0,40,409510,Adin Tihic,Substitute,0,0,0,-1,,,,0,0,-1,,,,2025-09-29 05:21:02
13086,726000,21382,away,0,4-3-3,1,0,22,158993,Simon Thern,Substitute,0,1,193351,7,193351.0,4620.0,77',0,0,-1,,,,2025-09-29 05:21:02
13086,726001,2936,home,0,4-5-1,1,1,13,400366,Robin Wallinder,Goalkeeper,1,0,0,-1,,,,0,0,-1,,,,2025-09-30 05:13:10
13086,726001,2936,home,0,4-5-1,1,1,33,354345,Tatu Varmanen,Right Back,2,0,0,-1,,,,0,0,-1,,,,2025-09-30 05:13:10
13086,726001,2936,home,0,4-5-1,1,1,14,173508,Dennis Olsson,Left Back,3,0,0,-1,,,,1,400371,21,400371.0,4140.0,69',2025-09-30 05:13:10
13086,726001,2936,home,0,4-5-1,1,1,6,307747,Noah Soderberg,Center Right Midfielder,4,0,0,-1,,,,1,312874,24,312874.0,4560.0,76',2025-09-30 05:13:10
13086,726001,2936,home,0,4-5-1,1,1,5,354352,Mattis Adolfsson,Center Right Defender,5,0,0,-1,,,,0,0,-1,,,,2025-09-30 05:13:10
13086,726001,2936,home,0,4-5-1,1,1,15,316395,Ivan Kricak,Center Left Defender,6,0,0,-1,,,,0,0,-1,,,,2025-09-30 05:13:10
13086,726001,2936,home,0,4-5-1,1,1,10,334005,Oscar Uddenas,Right Midfielder,7,0,0,-1,,,,1,380190,3,380190.0,3240.0,54',2025-09-30 05:13:10
13086,726001,2936,home,0,4-5-1,1,1,7,275993,Anssi Suhonen,Center Left Midfielder,8,0,0,-1,,,,0,0,-1,,,,2025-09-30 05:13:10
13086,726001,2936,home,0,4-5-1,1,1,20,217300,Alibek Aliev,Forward,9,0,0,-1,,,,1,289844,19,289844.0,4200.0,70',2025-09-30 05:13:10
13086,726001,2936,home,0,4-5-1,1,1,8,385181,Daniel Ask,Attacking Midfielder,10,0,0,-1,,,,0,0,-1,,,,2025-09-30 05:13:10
13086,726001,2936,home,0,4-5-1,1,1,18,311161,Daniel Ljung,Left Midfielder,11,0,0,-1,,,,1,222639,23,222639.0,4560.0,76',2025-09-30 05:13:10
13086,726001,2936,home,0,4-5-1,1,0,9,398188,Niklas Soderberg,Substitute,0,0,0,-1,,,,0,0,-1,,,,2025-09-30 05:13:10
13086,726001,2936,home,0,4-5-1,1,0,16,349204,Raymond Adjei,Substitute,0,0,0,-1,,,,0,0,-1,,,,2025-09-30 05:13:10
13086,726001,2936,home,0,4-5-1,1,0,21,400371,Lars Bergquist,Substitute,0,1,173508,14,173508.0,4140.0,69',0,0,-1,,,,2025-09-30 05:13:10
13086,726001,2936,home,0,4-5-1,1,0,24,312874,Patriot Sejdiu,Substitute,0,1,307747,6,307747.0,4560.0,76',0,0,-1,,,,2025-09-30 05:13:10
13086,726001,2936,home,0,4-5-1,1,0,3,380190,Kingsley Gyamfi,Substitute,0,1,334005,10,334005.0,3240.0,54',0,0,-1,,,,2025-09-30 05:13:10
13086,726001,2936,home,0,4-5-1,1,0,19,289844,Matias Tamminen,Substitute,0,1,217300,20,217300.0,4200.0,70',0,0,-1,,,,2025-09-30 05:13:10
13086,726001,2936,home,0,4-5-1,1,0,4,238435,Sebastian Starke Hedlund,Substitute,0,0,0,-1,,,,0,0,-1,,,,2025-09-30 05:13:10
13086,726001,2936,home,0,4-5-1,1,0,23,222639,Vladimir Rodic,Substitute,0,1,311161,18,311161.0,4560.0,76',0,0,-1,,,,2025-09-30 05:13:10
13086,726001,2936,home,0,4-5-1,1,0,32,400368,Carl Lundahl Persson,Substitute,0,0,0,-1,,,,0,0,-1,,,,2025-09-30 05:13:10
13086,726001,2556,away,1,4-1-4-1,1,1,25,359784,Elis Bishesari,Goalkeeper,1,0,0,-1,,,,0,0,-1,,,,2025-09-30 05:13:10
13086,726001,2556,away,1,4-1-4-1,1,1,18,349811,Felix Eriksson,Right Back,2,0,0,-1,,,,1,297099,11,297099.0,3600.0,60',2025-09-30 05:13:10
13086,726001,2556,away,1,4-1-4-1,1,1,22,383948,Noah Tolf,Left Back,3,0,0,-1,,,,0,0,-1,,,,2025-09-30 05:13:10
13086,726001,2556,away,1,4-1-4-1,1,1,15,307947,David Kruse,Defensive Midfielder,4,0,0,-1,,,,0,0,-1,,,,2025-09-30 05:13:10
13086,726001,2556,away,1,4-1-4-1,1,1,13,83736,Gustav Svensson,Center Right Defender,5,0,0,-1,,,,0,0,-1,,,,2025-09-30 05:13:10
13086,726001,2556,away,1,4-1-4-1,1,1,3,241163,August Erlingmark,Center Left Defender,6,0,0,-1,,,,0,0,-1,,,,2025-09-30 05:13:10
13086,726001,2556,away,1,4-1-4-1,1,1,29,343958,Thomas Santos,Right Midfielder,7,0,0,-1,,,,0,0,-1,,,,2025-09-30 05:13:10
13086,726001,2556,away,1,4-1-4-1,1,1,14,219163,Tobias Heintz,Center Right Midfielder,8,0,0,-1,,,,0,0,-1,,,,2025-09-30 05:13:10
13086,726001,2556,away,1,4-1-4-1,1,1,9,303768,Max Fenger,Forward,9,0,0,-1,,,,0,0,-1,,,,2025-09-30 05:13:10
13086,726001,2556,away,1,4-1-4-1,1,1,23,289882,Kolbeinn Thordarson,Center Left Midfielder,10,0,0,-1,,,,1,380238,26,380238.0,5400.0,90'+1',2025-09-30 05:13:10
13086,726001,2556,away,1,4-1-4-1,1,1,7,390390,Sebastian Clemmensen,Left Midfielder,11,0,0,-1,,,,1,366598,4,366598.0,4800.0,80',2025-09-30 05:13:10
13086,726001,2556,away,1,4-1-4-1,1,0,11,297099,Saidou Alioum Moubarak,Substitute,0,1,349811,18,349811.0,3600.0,60',0,0,-1,,,,2025-09-30 05:13:10
13086,726001,2556,away,1,4-1-4-1,1,0,16,343826,Linus Carlstrand,Substitute,0,0,0,-1,,,,0,0,-1,,,,2025-09-30 05:13:10
13086,726001,2556,away,1,4-1-4-1,1,0,4,366598,Rockson Yeboah,Substitute,0,1,390390,7,390390.0,4800.0,80',0,0,-1,,,,2025-09-30 05:13:10
13086,726001,2556,away,1,4-1-4-1,1,0,26,380238,Benjamin Brantlind,Substitute,0,1,289882,23,289882.0,5400.0,90'+1',0,0,-1,,,,2025-09-30 05:13:10
13086,726001,2556,away,1,4-1-4-1,1,0,1,235504,Pontus Dahlberg,Substitute,0,0,0,-1,,,,0,0,-1,,,,2025-09-30 05:13:10
13086,726001,2556,away,1,4-1-4-1,1,0,10,222784,Ramon Pascal Lundqvist,Substitute,0,0,0,-1,,,,0,0,-1,,,,2025-09-30 05:13:10
13086,726001,2556,away,1,4-1-4-1,1,0,8,297985,Imam Jagne,Substitute,0,0,0,-1,,,,0,0,-1,,,,2025-09-30 05:13:10
13086,726001,2556,away,1,4-1-4-1,1,0,27,401205,Alfons Borén,Substitute,0,0,0,-1,,,,0,0,-1,,,,2025-09-30 05:13:10
13086,726002,994,home,0,5-4-1,1,1,15,133993,Kristoffer Nordfeldt,Goalkeeper,1,0,0,-1,,,,0,0,-1,,,,2025-10-07 05:25:45
13086,726002,994,home,0,5-4-1,1,1,46,406317,Yannick Geiger,Right Back,2,0,0,-1,,,,1,364726,20,364726.0,2160.0,36',2025-10-07 05:25:45
13086,726002,994,home,0,5-4-1,1,1,10,215152,Bersant Celina,Left Back,3,0,0,-1,,,,0,0,-1,,,,2025-10-07 05:25:45
13086,726002,994,home,0,5-4-1,1,1,3,258904,Thomas Isherwood,Center Left Defender,4,0,0,-1,,,,0,0,-1,,,,2025-10-07 05:25:45
13086,726002,994,home,0,5-4-1,1,1,32,222606,Filip Benkovic,Center Defender,5,0,0,-1,,,,0,0,-1,,,,2025-10-07 05:25:45
13086,726002,994,home,0,5-4-1,1,1,14,356382,Fredrik Nissen,Center Right Defender,6,0,0,-1,,,,1,357135,18,357135.0,4140.0,69',2025-10-07 05:25:45
13086,726002,994,home,0,5-4-1,1,1,36,407059,Zadok Yohanna,Right Midfielder,7,0,0,-1,,,,1,347636,45,347636.0,1080.0,18',2025-10-07 05:25:45
13086,726002,994,home,0,5-4-1,1,1,36,407059,Zadok Yohanna,Right Midfielder,7,0,0,-1,,,,1,347636,45,347636.0,4140.0,69',2025-10-07 05:25:45
13086,726002,994,home,0,5-4-1,1,1,7,193105,Anton Saletros,Center Right Midfielder,8,0,0,-1,,,,0,0,-1,,,,2025-10-07 05:25:45
13086,726002,994,home,0,5-4-1,1,1,29,406318,Kevin Filling,Forward,9,0,0,-1,,,,1,236162,8,236162.0,2700.0,45',2025-10-07 05:25:45
13086,726002,994,home,0,5-4-1,1,1,33,322466,Áron Csongvai,Center Left Midfielder,10,0,0,-1,,,,0,0,-1,,,,2025-10-07 05:25:45
13086,726002,994,home,0,5-4-1,1,1,19,237759,Dino Besirovic,Left Midfielder,11,0,0,-1,,,,0,0,-1,,,,2025-10-07 05:25:45
13086,726002,994,home,0,5-4-1,1,0,18,357135,Abdihakim Ali,Substitute,0,1,356382,14,356382.0,4140.0,69',0,0,-1,,,,2025-10-07 05:25:45
13086,726002,994,home,0,5-4-1,1,0,20,364726,Erik Flataker,Substitute,0,1,406317,46,406317.0,2160.0,36',0,0,-1,,,,2025-10-07 05:25:45
13086,726002,994,home,0,5-4-1,1,0,47,346655,Alexander Fesshaie,Substitute,0,0,0,-1,,,,0,0,-1,,,,2025-10-07 05:25:45
13086,726002,994,home,0,5-4-1,1,0,30,218410,Kalle Joelsson,Substitute,0,0,0,-1,,,,0,0,-1,,,,2025-10-07 05:25:45
13086,726002,994,home,0,5-4-1,1,0,8,236162,Johan Hove,Substitute,0,1,406318,29,406318.0,2700.0,45',0,0,-1,,,,2025-10-07 05:25:45
13086,726002,994,home,0,5-4-1,1,0,48,409815,Axel Kouame,Substitute,0,1,347636,45,347636.0,1080.0,18',0,0,-1,,,,2025-10-07 05:25:45
13086,726002,994,home,0,5-4-1,1,0,48,409815,Axel Kouame,Substitute,0,1,347636,45,347636.0,4140.0,69',0,0,-1,,,,2025-10-07 05:25:45
13086,726002,994,home,0,5-4-1,1,0,44,411193,Tinde Teribe,Substitute,0,0,0,-1,,,,0,0,-1,,,,2025-10-07 05:25:45
13086,726002,994,home,0,5-4-1,1,0,45,347636,Taha Ayari,Substitute,0,1,407059,36,407059.0,1080.0,18',1,409815,48,409815.0,4140.0,69',2025-10-07 05:25:45
13086,726002,21382,away,1,4-3-3,1,1,1,277177,Hugo Keto,Goalkeeper,1,0,0,-1,,,,0,0,-1,,,,2025-10-07 05:25:45
13086,726002,21382,away,1,4-3-3,1,1,5,334035,Victor Larsson,Right Back,2,0,0,-1,,,,0,0,-1,,,,2025-10-07 05:25:45
13086,726002,21382,away,1,4-3-3,1,1,3,272272,Axel Björnström,Left Back,3,0,0,-1,,,,0,0,-1,,,,2025-10-07 05:25:45
13086,726002,21382,away,1,4-3-3,1,1,11,187920,Kent-Are Antonsen,Center Midfielder,4,0,0,-1,,,,0,0,-1,,,,2025-10-07 05:25:45
13086,726002,21382,away,1,4-3-3,1,1,4,383897,Rufai Mohammed,Center Right Defender,5,0,0,-1,,,,0,0,-1,,,,2025-10-07 05:25:45
13086,726002,21382,away,1,4-3-3,1,1,27,159526,Souleymane Coulibaly,Center Left Defender,6,0,0,-1,,,,0,0,-1,,,,2025-10-07 05:25:45
13086,726002,21382,away,1,4-3-3,1,1,7,193351,Carl Johansson,Right Midfielder,7,0,0,-1,,,,1,153631,14,153631.0,5160.0,86',2025-10-07 05:25:45
13086,726002,21382,away,1,4-3-3,1,1,25,312873,Noah Shamoun,Left Midfielder,8,0,0,-1,,,,1,341437,9,341437.0,3120.0,52',2025-10-07 05:25:45
13086,726002,21382,away,1,4-3-3,1,1,18,381397,Mohammad Alsalkhadi,Forward,9,0,0,-1,,,,1,158993,22,158993.0,4440.0,74',2025-10-11 02:08:36
13086,726002,21382,away,1,4-3-3,1,1,10,345479,Ajdin Zeljkovic,Right Forward,10,0,0,-1,,,,0,0,-1,,,,2025-10-11 02:08:36
13086,726002,21382,away,1,4-3-3,1,1,8,366595,Otso Liimatta,Left Forward,11,0,0,-1,,,,1,386317,16,386317.0,5160.0,86',2025-10-07 05:25:45
13086,726002,21382,away,1,4-3-3,1,0,16,386317,Antonio Kujundzic,Substitute,0,1,366595,8,366595.0,5160.0,86',0,0,-1,,,,2025-10-07 05:25:45
13086,726002,21382,away,1,4-3-3,1,0,2,380552,Johan Rapp,Substitute,0,0,0,-1,,,,0,0,-1,,,,2025-10-07 05:25:45
13086,726002,21382,away,1,4-3-3,1,0,9,341437,Kai Meriluoto,Substitute,0,1,312873,25,312873.0,3120.0,52',0,0,-1,,,,2025-10-07 05:25:45
13086,726002,21382,away,1,4-3-3,1,0,39,341335,Viktor Andersson,Substitute,0,0,0,-1,,,,0,0,-1,,,,2025-10-07 05:25:45
13086,726002,21382,away,1,4-3-3,1,0,6,267616,Hugo Andersson,Substitute,0,0,0,-1,,,,0,0,-1,,,,2025-10-07 05:25:45
13086,726002,21382,away,1,4-3-3,1,0,22,158993,Simon Thern,Substitute,0,1,381397,18,381397.0,4440.0,74',0,0,-1,,,,2025-10-07 05:25:45
13086,726002,21382,away,1,4-3-3,1,0,14,153631,Marcus Antonsson,Substitute,0,1,193351,7,193351.0,5160.0,86',0,0,-1,,,,2025-10-07 05:25:45
13086,726002,21382,away,1,4-3-3,1,0,24,357202,Emin Grozdanic,Substitute,0,0,0,-1,,,,0,0,-1,,,,2025-10-07 05:25:45
13086,726003,8221,home,0,5-3-2,1,1,25,146116,Davor Blazevic,Goalkeeper,1,0,0,-1,,,,0,0,-1,,,,2025-10-07 05:25:45
13086,726003,8221,home,0,5-3-2,1,1,21,302691,Alex Timossi Andersson,Right Back,2,0,0,-1,,,,0,0,-1,,,,2025-10-07 05:25:45
13086,726003,8221,home,0,5-3-2,1,1,6,313932,Oliver Zandén,Left Back,3,0,0,-1,,,,0,0,-1,,,,2025-10-07 05:25:45
13086,726003,8221,home,0,5-3-2,1,1,28,195090,Isak Ssewankambo,Center Left Defender,4,0,0,-1,,,,1,384107,14,384107.0,4320.0,72',2025-10-07 05:25:45
13086,726003,8221,home,0,5-3-2,1,1,3,162464,Even Hovland,Center Defender,5,0,0,-1,,,,0,0,-1,,,,2025-10-07 05:25:45
13086,726003,8221,home,0,5-3-2,1,1,27,347458,Kaare Barslund,Center Right Defender,6,0,0,-1,,,,0,0,-1,,,,2025-10-07 05:25:45
13086,726003,8221,home,0,5-3-2,1,1,19,243322,Daleho Irandust,Center Right Midfielder,7,0,0,-1,,,,1,411907,22,411907.0,5160.0,86',2025-10-07 05:25:45
13086,726003,8221,home,0,5-3-2,1,1,24,257624,Kevin Ackermann,Center Midfielder,8,0,0,-1,,,,0,0,-1,,,,2025-10-07 05:25:45
13086,726003,8221,home,0,5-3-2,1,1,23,399426,Ezekiel Alladoh,Center Left Forward,9,0,0,-1,,,,0,0,-1,,,,2025-10-07 05:25:45
13086,726003,8221,home,0,5-3-2,1,1,30,386345,Lukas Björklund,Center Right Forward,10,0,0,-1,,,,0,0,-1,,,,2025-10-07 05:25:45
13086,726003,8221,home,0,5-3-2,1,1,31,399423,Love Arrhov,Center Left Midfielder,11,0,0,-1,,,,1,399428,33,399428.0,4800.0,80',2025-10-07 05:25:45
13086,726003,8221,home,0,5-3-2,1,0,36,411166,Courage Otokwefor,Substitute,0,0,0,-1,,,,0,0,-1,,,,2025-10-07 05:25:45
13086,726003,8221,home,0,5-3-2,1,0,37,410910,Oskar Jarde,Substitute,0,0,0,-1,,,,0,0,-1,,,,2025-10-07 05:25:45
13086,726003,8221,home,0,5-3-2,1,0,14,384107,Kamilcan Sever,Substitute,0,1,195090,28,195090.0,4320.0,72',0,0,-1,,,,2025-10-07 05:25:45
13086,726003,8221,home,0,5-3-2,1,0,33,399428,Sion Oppong,Substitute,0,1,399423,31,399423.0,4800.0,80',0,0,-1,,,,2025-10-07 05:25:45
13086,726003,8221,home,0,5-3-2,1,0,1,411584,John-Oliver Lacayo,Substitute,0,0,0,-1,,,,0,0,-1,,,,2025-10-07 05:25:45
13086,726003,8221,home,0,5-3-2,1,0,22,411907,Carl Aurell,Substitute,0,1,243322,19,243322.0,5160.0,86',0,0,-1,,,,2025-10-07 05:25:45
13086,726003,8221,home,0,5-3-2,1,0,2,306206,Hlynur Freyr Karlsson,Substitute,0,0,0,-1,,,,0,0,-1,,,,2025-10-07 05:25:45
13086,726003,8221,home,0,5-3-2,1,0,38,411908,Atle Wahlund,Substitute,0,0,0,-1,,,,0,0,-1,,,,2025-10-07 05:25:45
13086,726003,8221,home,0,5-3-2,1,0,5,251486,Serge-Junior Martinsson Ngouali,Substitute,0,0,0,-1,,,,0,0,-1,,,,2025-10-07 05:25:45
13086,726003,7834,away,1,4-4-2,1,1,99,125312,Etrit Berisha,Goalkeeper,1,0,0,-1,,,,0,0,-1,,,,2025-10-07 05:25:45
13086,726003,7834,away,1,4-4-2,1,1,11,378812,Julius Lindberg,Right Back,2,0,0,-1,,,,0,0,-1,,,,2025-10-07 05:25:45
13086,726003,7834,away,1,4-4-2,1,1,21,194293,Adam Lundkvist,Left Back,3,0,0,-1,,,,0,0,-1,,,,2025-10-07 05:25:45
13086,726003,7834,away,1,4-4-2,1,1,8,355408,Silas Andersen,Center Right Midfielder,4,0,0,-1,,,,0,0,-1,,,,2025-10-07 05:25:45
13086,726003,7834,away,1,4-4-2,1,1,23,336672,Olle Samuelsson,Center Right Defender,5,0,0,-1,,,,0,0,-1,,,,2025-10-07 05:25:45
13086,726003,7834,away,1,4-4-2,1,1,22,165722,Filip Helander,Center Left Defender,6,0,0,-1,,,,0,0,-1,,,,2025-10-07 05:25:45
13086,726003,7834,away,1,4-4-2,1,1,20,407050,Adrian Svanbäck,Right Midfielder,7,0,0,-1,,,,1,366829,29,366829.0,4320.0,72',2025-10-07 05:25:45
13086,726003,7834,away,1,4-4-2,1,1,14,185916,Simon Gustafson,Center Left Midfielder,8,0,0,-1,,,,0,0,-1,,,,2025-10-07 05:25:45
13086,726003,7834,away,1,4-4-2,1,1,39,364749,Isak Brusberg,Center Left Forward,9,0,0,-1,,,,1,366143,19,366143.0,4680.0,78',2025-10-07 05:25:45
13086,726003,7834,away,1,4-4-2,1,1,10,239184,Mikkel Rygaard,Center Right Forward,10,0,0,-1,,,,1,356369,15,356369.0,5400.0,90',2025-10-07 05:25:45
13086,726003,7834,away,1,4-4-2,1,1,18,357023,Danilo Al-Saed,Left Midfielder,11,0,0,-1,,,,1,357139,16,357139.0,4680.0,78',2025-10-07 05:25:45
13086,726003,7834,away,1,4-4-2,1,0,31,407096,Lasse Madsen,Substitute,0,0,0,-1,,,,0,0,-1,,,,2025-10-07 05:25:45
13086,726003,7834,away,1,4-4-2,1,0,44,393324,Harry Hilvenius,Substitute,0,0,0,-1,,,,0,0,-1,,,,2025-10-07 05:25:45
13086,726003,7834,away,1,4-4-2,1,0,29,366829,Severin Nioule,Substitute,0,1,407050,20,407050.0,4320.0,72',0,0,-1,,,,2025-10-07 05:25:45
13086,726003,7834,away,1,4-4-2,1,0,19,366143,John Paul Dembe,Substitute,0,1,364749,39,364749.0,4680.0,78',0,0,-1,,,,2025-10-07 05:25:45
13086,726003,7834,away,1,4-4-2,1,0,13,361537,Sigge Jansson,Substitute,0,0,0,-1,,,,0,0,-1,,,,2025-10-07 05:25:45
13086,726003,7834,away,1,4-4-2,1,0,16,357139,Pontus Dahbo,Substitute,0,1,357023,18,357023.0,4680.0,78',0,0,-1,,,,2025-10-07 05:25:45
13086,726003,7834,away,1,4-4-2,1,0,15,356369,Samuel Leach Holm,Substitute,0,1,239184,10,239184.0,5400.0,90',0,0,-1,,,,2025-10-07 05:25:45
13086,726003,7834,away,1,4-4-2,1,0,7,343960,Sanders Ngabo,Substitute,0,0,0,-1,,,,0,0,-1,,,,2025-10-07 05:25:45
13086,726003,7834,away,1,4-4-2,1,0,1,177546,Andreas Linde,Substitute,0,0,0,-1,,,,0,0,-1,,,,2025-10-07 05:25:45
13086,726004,20856,home,0,4-4-2,1,1,26,194803,Matvei Igonen,Goalkeeper,1,0,0,-1,,,,0,0,-1,,,,2025-10-05 05:19:58
13086,726004,20856,home,0,4-4-2,1,1,6,235489,Daniel Sundgren,Right Back,2,0,0,-1,,,,0,0,-1,,,,2025-10-05 05:19:58
13086,726004,20856,home,0,4-4-2,1,1,39,378634,Philippe Ndinga Ossibadjouo,Left Back,3,0,0,-1,,,,1,256567,2,256567.0,3660.0,61',2025-10-05 05:19:58
13086,726004,20856,home,0,4-4-2,1,1,8,301374,Nahom Netabay,Center Right Midfielder,4,0,0,-1,,,,1,400141,20,400141.0,4500.0,75',2025-10-05 05:19:58
13086,726004,20856,home,0,4-4-2,1,1,4,301367,Leon Hien,Center Right Defender,5,0,0,-1,,,,0,0,-1,,,,2025-10-05 05:19:58
13086,726004,20856,home,0,4-4-2,1,1,5,385769,Juhani Pikkarainen,Center Left Defender,6,0,0,-1,,,,0,0,-1,,,,2025-10-05 05:19:58
13086,726004,20856,home,0,4-4-2,1,1,29,275575,Santeri Haarala,Right Midfielder,7,0,0,-1,,,,0,0,-1,,,,2025-10-05 05:19:58
13086,726004,20856,home,0,4-4-2,1,1,21,325409,Kazper Karlsson,Center Left Midfielder,8,0,0,-1,,,,0,0,-1,,,,2025-10-05 05:19:58
13086,726004,20856,home,0,4-4-2,1,1,22,334867,Dijan Vukojevic,Center Left Forward,9,0,0,-1,,,,0,0,-1,,,,2025-10-05 05:19:58
13086,726004,20856,home,0,4-4-2,1,1,17,304144,Armann Taranis,Center Right Forward,10,0,0,-1,,,,1,316173,19,316173.0,4020.0,67',2025-10-05 05:19:58
13086,726004,20856,home,0,4-4-2,1,1,10,364830,Marcus Rafferty,Left Midfielder,11,0,0,-1,,,,1,205158,16,205158.0,4500.0,75',2025-10-05 05:19:58
13086,726004,20856,home,0,4-4-2,1,0,15,324395,Nasiru Moro,Substitute,0,0,0,-1,,,,0,0,-1,,,,2025-10-05 05:19:58
13086,726004,20856,home,0,4-4-2,1,0,19,316173,Richie Omorowa,Substitute,0,1,304144,17,304144.0,4020.0,67',0,0,-1,,,,2025-10-05 05:19:58
13086,726004,20856,home,0,4-4-2,1,0,1,286770,Willie Jakobsson,Substitute,0,0,0,-1,,,,0,0,-1,,,,2025-10-05 05:19:58
13086,726004,20856,home,0,4-4-2,1,0,2,256567,Mamadouba Diaby,Substitute,0,1,378634,39,378634.0,3660.0,61',0,0,-1,,,,2025-10-05 05:19:58
13086,726004,20856,home,0,4-4-2,1,0,30,255257,Bernardo Morgado,Substitute,0,0,0,-1,,,,0,0,-1,,,,2025-10-05 05:19:58
13086,726004,20856,home,0,4-4-2,1,0,28,238859,Marcus Godinho,Substitute,0,0,0,-1,,,,0,0,-1,,,,2025-10-05 05:19:58
13086,726004,20856,home,0,4-4-2,1,0,11,218520,Christos Gravius,Substitute,0,0,0,-1,,,,0,0,-1,,,,2025-10-05 05:19:58
13086,726004,20856,home,0,4-4-2,1,0,16,205158,Sebastian Ohlsson,Substitute,0,1,364830,10,364830.0,4500.0,75',0,0,-1,,,,2025-10-05 05:19:58
13086,726004,20856,home,0,4-4-2,1,0,20,400141,Elias Barsoum,Substitute,0,1,301374,8,301374.0,4500.0,75',0,0,-1,,,,2025-10-05 05:19:58
13086,726004,2339,away,0,4-2-3-1,1,1,45,219533,Filip Manojlovic,Goalkeeper,1,0,0,-1,,,,0,0,-1,,,,2025-10-05 05:19:58
13086,726004,2339,away,0,4-2-3-1,1,1,18,269457,Adam Stahl,Right Back,2,0,0,-1,,,,0,0,-1,,,,2025-10-05 05:19:58
13086,726004,2339,away,0,4-2-3-1,1,1,12,357136,Theo Bergvall,Left Back,3,0,0,-1,,,,0,0,-1,,,,2025-10-05 05:19:58
13086,726004,2339,away,0,4-2-3-1,1,1,20,364226,Matias Siltanen,Left Midfielder,4,0,0,-1,,,,1,120652,8,120652.0,4680.0,78',2025-10-05 05:19:58
13086,726004,2339,away,0,4-2-3-1,1,1,4,237053,Jacob Une,Center Right Defender,5,0,0,-1,,,,1,289721,5,289721.0,4680.0,78',2025-10-05 05:19:58
13086,726004,2339,away,0,4-2-3-1,1,1,3,172855,Marcus Danielson,Center Left Defender,6,0,0,-1,,,,0,0,-1,,,,2025-10-05 05:19:58
13086,726004,2339,away,0,4-2-3-1,1,1,15,312383,Oskar Fallenius,Attacking Midfielder Right,7,0,0,-1,,,,1,239166,19,239166.0,3240.0,54',2025-10-05 05:19:58
13086,726004,2339,away,0,4-2-3-1,1,1,13,334021,Daniel Stensson,Right Midfielder,8,0,0,-1,,,,1,136911,6,136911.0,3240.0,54',2025-10-05 05:19:58
13086,726004,2339,away,0,4-2-3-1,1,1,9,330460,August Priske,Forward,9,0,0,-1,,,,0,0,-1,,,,2025-10-05 05:19:58
13086,726004,2339,away,0,4-2-3-1,1,1,17,250697,Mikkel Anderson,Attacking Midfielder,10,0,0,-1,,,,0,0,-1,,,,2025-10-05 05:19:58
13086,726004,2339,away,0,4-2-3-1,1,1,10,164556,Tokmac Nguen,Attacking Midfielder Left,11,0,0,-1,,,,1,205729,2,205729.0,5340.0,89',2025-10-05 05:19:58
13086,726004,2339,away,0,4-2-3-1,1,0,8,120652,Albin Ekdal,Substitute,0,1,364226,20,364226.0,4680.0,78',0,0,-1,,,,2025-10-05 05:19:58
13086,726004,2339,away,0,4-2-3-1,1,0,35,203266,Jacob Rinne,Substitute,0,0,0,-1,,,,0,0,-1,,,,2025-10-05 05:19:58
13086,726004,2339,away,0,4-2-3-1,1,0,2,205729,Piotr Johansson,Substitute,0,1,164556,10,164556.0,5340.0,89',0,0,-1,,,,2025-10-05 05:19:58
13086,726004,2339,away,0,4-2-3-1,1,0,16,397300,Bo Hegland,Substitute,0,0,0,-1,,,,0,0,-1,,,,2025-10-05 05:19:58
13086,726004,2339,away,0,4-2-3-1,1,0,22,378837,Patric Åslund,Substitute,0,0,0,-1,,,,0,0,-1,,,,2025-10-05 05:19:58
13086,726004,2339,away,0,4-2-3-1,1,0,11,372767,Zakaria Sawo,Substitute,0,0,0,-1,,,,0,0,-1,,,,2025-10-05 05:19:58
13086,726004,2339,away,0,4-2-3-1,1,0,5,289721,Miro Tenho,Substitute,0,1,237053,4,237053.0,4680.0,78',0,0,-1,,,,2025-10-05 05:19:58
13086,726004,2339,away,0,4-2-3-1,1,0,19,239166,Jeppe Okkels,Substitute,0,1,312383,15,312383.0,3240.0,54',0,0,-1,,,,2025-10-05 05:19:58
13086,726004,2339,away,0,4-2-3-1,1,0,6,136911,Rasmus Schüller,Substitute,0,1,334021,13,334021.0,3240.0,54',0,0,-1,,,,2025-10-05 05:19:58
13086,726005,8222,home,1,4-3-1-2,1,1,13,360878,Kees Sims,Goalkeeper,1,0,0,-1,,,,0,0,-1,,,,2025-10-10 12:41:50
13086,726005,8222,home,1,4-3-1-2,1,1,6,378806,August Wängberg,Right Back,2,0,0,-1,,,,1,356377,12,356377.0,4080.0,68',2025-10-10 12:41:50
13086,726005,8222,home,1,4-3-1-2,1,1,2,400217,Matteo de Brienne,Left Back,3,0,0,-1,,,,0,0,-1,,,,2025-10-10 12:41:50
13086,726005,8222,home,1,4-3-1-2,1,1,18,313931,Kevin Holmén,Center Midfielder,4,0,0,-1,,,,0,0,-1,,,,2025-10-10 12:41:50
13086,726005,8222,home,1,4-3-1-2,1,1,22,378820,Anes Cardaklija,Center Right Defender,5,0,0,-1,,,,0,0,-1,,,,2025-10-10 12:41:50
13086,726005,8222,home,1,4-3-1-2,1,1,4,333728,Oskar Ågren,Center Left Defender,6,0,0,-1,,,,0,0,-1,,,,2025-10-10 12:41:50
13086,726005,8222,home,1,4-3-1-2,1,1,8,312852,William Milovanovic,Right Midfielder,7,0,0,-1,,,,1,379955,14,379955.0,5220.0,87',2025-10-10 12:41:50
13086,726005,8222,home,1,4-3-1-2,1,1,19,308726,Ibrahim Diabate,Attacking Midfielder,8,0,0,-1,,,,1,235766,28,235766.0,4560.0,76',2025-11-03 06:14:20
13086,726005,8222,home,1,4-3-1-2,1,1,9,378816,Gustav Lundgren,Center Right Forward,9,0,0,-1,,,,0,0,-1,,,,2025-10-10 12:41:50
13086,726005,8222,home,1,4-3-1-2,1,1,16,400221,Rasmus Niklasson Petrovic,Midfielder,10,0,0,-1,,,,1,357143,27,357143.0,4080.0,68',2025-10-10 12:41:50
13086,726005,8222,home,1,4-3-1-2,1,1,10,347031,Amin Boudri,Left Midfielder,11,0,0,-1,,,,1,378811,7,378811.0,5220.0,87',2025-10-10 12:41:50
13086,726005,8222,home,1,4-3-1-2,1,0,27,357143,Anton Kurochkin,,0,1,400221,16,400221.0,4080.0,68',0,0,-1,,,,2025-10-10 12:41:50
13086,726005,8222,home,1,4-3-1-2,1,0,30,400712,Alvin Didriksson,,0,0,0,-1,,,,0,0,-1,,,,2025-10-10 12:41:50
13086,726005,8222,home,1,4-3-1-2,1,0,28,235766,Lucas Hedlund,,0,1,308726,19,308726.0,4560.0,76',0,0,-1,,,,2025-10-10 12:41:50
13086,726005,8222,home,1,4-3-1-2,1,0,14,379955,Filip Gustafsson,,0,1,312852,8,312852.0,5220.0,87',0,0,-1,,,,2025-10-10 12:41:50
13086,726005,8222,home,1,4-3-1-2,1,0,24,378826,Filip Beckman,,0,0,0,-1,,,,0,0,-1,,,,2025-10-10 12:41:50
13086,726005,8222,home,1,4-3-1-2,1,0,11,334033,Edvin Becirovic,,0,0,0,-1,,,,0,0,-1,,,,2025-10-10 12:41:50
13086,726005,8222,home,1,4-3-1-2,1,0,7,378811,Joackim Åberg,,0,1,347031,10,347031.0,5220.0,87',0,0,-1,,,,2025-10-10 12:41:50
13086,726005,8222,home,1,4-3-1-2,1,0,25,149765,Jonas Lindberg,,0,0,0,-1,,,,0,0,-1,,,,2025-10-10 12:41:50
13086,726005,8222,home,1,4-3-1-2,1,0,12,356377,Robin Frej,,0,1,378806,6,378806.0,4080.0,68',0,0,-1,,,,2025-10-10 12:41:50
13086,726005,8544,away,0,5-4-1,1,1,40,19242,David Andersson,Goalkeeper,1,0,0,-1,,,,0,0,-1,,,,2025-10-10 12:41:50
13086,726005,8544,away,0,5-4-1,1,1,37,345975,Moutaz Neffati,Right Back,2,0,0,-1,,,,0,0,-1,,,,2025-10-10 12:41:50
13086,726005,8544,away,0,5-4-1,1,1,3,359167,Marcus Baggesen,Left Back,3,0,0,-1,,,,0,0,-1,,,,2025-10-10 12:41:50
13086,726005,8544,away,0,5-4-1,1,1,17,409648,Abdoulie Tamba,Center Left Defender,4,0,0,-1,,,,1,400219,18,400219.0,4740.0,79',2025-10-10 12:41:50
13086,726005,8544,away,0,5-4-1,1,1,19,238431,Max Watson,Center Defender,5,0,0,-1,,,,0,0,-1,,,,2025-10-10 12:41:50
13086,726005,8544,away,0,5-4-1,1,1,4,356374,Amadeus Sögaard,Center Right Defender,6,0,0,-1,,,,0,0,-1,,,,2025-10-10 12:41:50
13086,726005,8544,away,0,5-4-1,1,1,20,400367,Axel Brönner,Right Midfielder,7,0,0,-1,,,,1,389749,28,389749.0,3600.0,60',2025-10-10 12:41:50
13086,726005,8544,away,0,5-4-1,1,1,7,232279,Alexander Fransson,Center Right Midfielder,8,0,0,-1,,,,0,0,-1,,,,2025-10-10 12:41:50
13086,726005,8544,away,0,5-4-1,1,1,22,287215,Tim Prica,Forward,9,0,0,-1,,,,0,0,-1,,,,2025-10-10 12:41:50
13086,726005,8544,away,0,5-4-1,1,1,25,364988,Kevin Höög Jansson,Center Left Midfielder,10,0,0,-1,,,,0,0,-1,,,,2025-10-10 12:41:50
13086,726005,8544,away,0,5-4-1,1,1,8,321404,Ísak Andri Sigurgeirsson,Left Midfielder,11,0,0,-1,,,,0,0,-1,,,,2025-10-10 12:41:50
13086,726005,8544,away,0,5-4-1,1,0,31,329668,Jesper Lindvall,Substitute,0,0,0,-1,,,,0,0,-1,,,,2025-10-10 12:41:50
13086,726005,8544,away,0,5-4-1,1,0,24,334015,Anton Eriksson,Substitute,0,0,0,-1,,,,0,0,-1,,,,2025-10-10 12:41:50
13086,726005,8544,away,0,5-4-1,1,0,33,411883,Algot Hjelm,Substitute,0,0,0,-1,,,,0,0,-1,,,,2025-10-10 12:41:50
13086,726005,8544,away,0,5-4-1,1,0,45,409804,Christoffer Petersen,Substitute,0,0,0,-1,,,,0,0,-1,,,,2025-10-10 12:41:50
13086,726005,8544,away,0,5-4-1,1,0,32,404755,William Bergman,Substitute,0,0,0,-1,,,,0,0,-1,,,,2025-10-10 12:41:50
13086,726005,8544,away,0,5-4-1,1,0,18,400219,Jónatan Gudni Arnarsson,Substitute,0,1,409648,17,409648.0,4740.0,79',0,0,-1,,,,2025-10-10 12:41:50
13086,726005,8544,away,0,5-4-1,1,0,28,389749,Åke Andersson,Substitute,0,1,400367,20,400367.0,3600.0,60',0,0,-1,,,,2025-10-10 12:41:50
13086,726005,8544,away,0,5-4-1,1,0,30,380189,Theo Krantz,Substitute,0,0,0,-1,,,,0,0,-1,,,,2025-10-10 12:41:50
13086,726005,8544,away,0,5-4-1,1,0,14,306290,Yahya Kalley,Substitute,0,0,0,-1,,,,0,0,-1,,,,2025-10-10 12:41:50
13086,726006,2556,home,0,4-4-2,1,1,25,359784,Elis Bishesari,Goalkeeper,1,0,0,-1,,,,0,0,-1,,,,2025-10-07 05:25:45
13086,726006,2556,home,0,4-4-2,1,1,29,343958,Thomas Santos,Right Back,2,0,0,-1,,,,0,0,-1,,,,2025-10-07 05:25:45
13086,726006,2556,home,0,4-4-2,1,1,18,349811,Felix Eriksson,Left Back,3,0,0,-1,,,,0,0,-1,,,,2025-10-07 05:25:45
13086,726006,2556,home,0,4-4-2,1,1,23,289882,Kolbeinn Thordarson,Center Right Midfielder,4,0,0,-1,,,,0,0,-1,,,,2025-10-07 05:25:45
13086,726006,2556,home,0,4-4-2,1,1,13,83736,Gustav Svensson,Center Right Defender,5,0,0,-1,,,,1,366598,4,366598.0,5100.0,85',2025-10-07 05:25:45
13086,726006,2556,home,0,4-4-2,1,1,3,241163,August Erlingmark,Center Left Defender,6,0,0,-1,,,,0,0,-1,,,,2025-10-07 05:25:45
13086,726006,2556,home,0,4-4-2,1,1,11,297099,Saidou Alioum Moubarak,Right Midfielder,7,0,0,-1,,,,1,343826,16,343826.0,4620.0,77',2025-10-07 05:25:45
13086,726006,2556,home,0,4-4-2,1,1,15,307947,David Kruse,Center Left Midfielder,8,0,0,-1,,,,0,0,-1,,,,2025-10-07 05:25:45
13086,726006,2556,home,0,4-4-2,1,1,14,219163,Tobias Heintz,Center Left Forward,9,0,0,-1,,,,0,0,-1,,,,2025-10-07 05:25:45
13086,726006,2556,home,0,4-4-2,1,1,9,303768,Max Fenger,Center Right Forward,10,0,0,-1,,,,0,0,-1,,,,2025-10-07 05:25:45
13086,726006,2556,home,0,4-4-2,1,1,7,390390,Sebastian Clemmensen,Left Midfielder,11,0,0,-1,,,,1,380238,26,380238.0,3600.0,60',2025-10-07 05:25:45
13086,726006,2556,home,0,4-4-2,1,0,16,343826,Linus Carlstrand,Substitute,0,1,297099,11,297099.0,4620.0,77',0,0,-1,,,,2025-10-07 05:25:45
13086,726006,2556,home,0,4-4-2,1,0,27,401205,Alfons Borén,Substitute,0,0,0,-1,,,,0,0,-1,,,,2025-10-07 05:25:45
13086,726006,2556,home,0,4-4-2,1,0,26,380238,Benjamin Brantlind,Substitute,0,1,390390,7,390390.0,3600.0,60',0,0,-1,,,,2025-10-07 05:25:45
13086,726006,2556,home,0,4-4-2,1,0,33,367361,Vilmer Tyren,Substitute,0,0,0,-1,,,,0,0,-1,,,,2025-10-07 05:25:45
13086,726006,2556,home,0,4-4-2,1,0,4,366598,Rockson Yeboah,Substitute,0,1,83736,13,83736.0,5100.0,85',0,0,-1,,,,2025-10-07 05:25:45
13086,726006,2556,home,0,4-4-2,1,0,8,297985,Imam Jagne,Substitute,0,0,0,-1,,,,0,0,-1,,,,2025-10-07 05:25:45
13086,726006,2556,home,0,4-4-2,1,0,1,235504,Pontus Dahlberg,Substitute,0,0,0,-1,,,,0,0,-1,,,,2025-10-07 05:25:45
13086,726006,2495,away,1,4-3-1-2,1,1,1,170727,Warner Hahn,Goalkeeper,1,0,0,-1,,,,0,0,-1,,,,2025-10-07 05:25:45
13086,726006,2495,away,1,4-3-1-2,1,1,17,313464,Ibrahima Fofana,Right Back,2,0,0,-1,,,,0,0,-1,,,,2025-10-30 05:15:19
13086,726006,2495,away,1,4-3-1-2,1,1,3,272714,Frederik Winther,Left Back,3,0,0,-1,,,,0,0,-1,,,,2025-10-07 05:25:45
13086,726006,2495,away,1,4-3-1-2,1,1,5,218436,Tesfaldet Tekie,Center Midfielder,4,0,0,-1,,,,1,210020,22,210020.0,5400.0,90',2025-10-07 05:25:45
13086,726006,2495,away,1,4-3-1-2,1,1,4,334038,Victor Eriksson,Center Right Defender,5,0,0,-1,,,,0,0,-1,,,,2025-10-07 05:25:45
13086,726006,2495,away,1,4-3-1-2,1,1,6,249160,Pavle Vagic,Center Left Defender,6,0,0,-1,,,,0,0,-1,,,,2025-10-07 05:25:45
13086,726006,2495,away,1,4-3-1-2,1,1,8,22967,Markus Karlsson,Right Midfielder,7,0,0,-1,,,,0,0,-1,,,,2025-10-07 05:25:45
13086,726006,2495,away,1,4-3-1-2,1,1,20,143585,Nahir Besara,Attacking Midfielder,8,0,0,-1,,,,0,0,-1,,,,2025-10-07 05:25:45
13086,726006,2495,away,1,4-3-1-2,1,1,23,378936,Obilor Okeke,Center Right Forward,9,0,0,-1,,,,1,312880,26,312880.0,4320.0,72',2025-10-07 05:25:45
13086,726006,2495,away,1,4-3-1-2,1,1,7,303670,Paulos Abraham,Midfielder,10,0,0,-1,,,,1,269195,21,269195.0,5340.0,89',2025-10-07 05:25:45
13086,726006,2495,away,1,4-3-1-2,1,1,15,380970,Adrian Lahdo,Left Midfielder,11,0,0,-1,,,,1,205374,11,205374.0,4680.0,78',2025-10-07 05:25:45
13086,726006,2495,away,1,4-3-1-2,1,0,11,205374,Oscar Johansson Schellhas,,0,1,380970,15,380970.0,4680.0,78',0,0,-1,,,,2025-10-07 05:25:45
13086,726006,2495,away,1,4-3-1-2,1,0,22,210020,Jacob Ortmark,,0,1,218436,5,218436.0,5400.0,90',0,0,-1,,,,2025-10-07 05:25:45
13086,726006,2495,away,1,4-3-1-2,1,0,21,269195,Simon Strand,,0,1,303670,7,303670.0,5340.0,89',0,0,-1,,,,2025-10-07 05:25:45
13086,726006,2495,away,1,4-3-1-2,1,0,25,396023,Elton Fischerström Opancar,,0,0,0,-1,,,,0,0,-1,,,,2025-10-07 05:25:45
13086,726006,2495,away,1,4-3-1-2,1,0,34,396022,Wilson Lindberg Uhrström,,0,0,0,-1,,,,0,0,-1,,,,2025-10-07 05:25:45
13086,726006,2495,away,1,4-3-1-2,1,0,29,359099,Elohim Kaboré,,0,0,0,-1,,,,0,0,-1,,,,2025-10-07 05:25:45
13086,726006,2495,away,1,4-3-1-2,1,0,26,312880,Montader Madjed,,0,1,378936,23,378936.0,4320.0,72',0,0,-1,,,,2025-10-07 05:25:45
13086,726007,20301,home,1,3-4-3,1,1,1,301377,Noel Törnqvist,Goalkeeper,1,0,0,-1,,,,0,0,-1,,,,2025-10-05 05:19:58
13086,726007,20301,home,1,3-4-3,1,1,14,312876,Herman Johansson,Right Midfielder,2,0,0,-1,,,,0,0,-1,,,,2025-10-05 05:19:58
13086,726007,20301,home,1,3-4-3,1,1,11,269109,Timo Stavitski,Left Midfielder,3,0,0,-1,,,,1,305758,10,305758.0,3960.0,66',2025-10-05 05:19:58
13086,726007,20301,home,1,3-4-3,1,1,24,172917,Tom Pettersson,Center Left Defender,4,0,0,-1,,,,0,0,-1,,,,2025-10-05 05:19:58
13086,726007,20301,home,1,3-4-3,1,1,4,306289,Axel Norén,Center Defender,5,0,0,-1,,,,0,0,-1,,,,2025-10-05 05:19:58
13086,726007,20301,home,1,3-4-3,1,1,5,356281,Abdullah Iqbal,Center Right Defender,6,0,0,-1,,,,0,0,-1,,,,2025-10-05 05:19:58
13086,726007,20301,home,1,3-4-3,1,1,7,303651,Viktor Gustafson,Center Right Midfielder,7,0,0,-1,,,,1,303653,21,303653.0,5160.0,86',2025-10-05 05:19:58
13086,726007,20301,home,1,3-4-3,1,1,39,389637,Romeo Leandersson,Center Left Midfielder,8,0,0,-1,,,,1,356408,6,356408.0,3960.0,66',2025-10-05 05:19:58
13086,726007,20301,home,1,3-4-3,1,1,18,293925,Jacob Bergstrom,Forward,9,0,0,-1,,,,0,0,-1,,,,2025-10-05 05:19:58
13086,726007,20301,home,1,3-4-3,1,1,17,357145,Elliot Stroud,Center Right Forward,10,0,0,-1,,,,0,0,-1,,,,2025-10-05 05:19:58
13086,726007,20301,home,1,3-4-3,1,1,19,380320,Abdoulie Manneh,Center Left Forward,11,0,0,-1,,,,1,301382,16,301382.0,5160.0,86',2025-10-05 05:19:58
13086,726007,20301,home,1,3-4-3,1,0,3,382147,Christian Tchouante,Substitute,0,0,0,-1,,,,0,0,-1,,,,2025-10-05 05:19:58
13086,726007,20301,home,1,3-4-3,1,0,20,399510,Måns Isaksson,Substitute,0,0,0,-1,,,,0,0,-1,,,,2025-10-05 05:19:58
13086,726007,20301,home,1,3-4-3,1,0,10,305758,Jeppe Kjaer Jensen,Substitute,0,1,269109,11,269109.0,3960.0,66',0,0,-1,,,,2025-10-05 05:19:58
13086,726007,20301,home,1,3-4-3,1,0,21,303653,Adam Petersson,Substitute,0,1,303651,7,303651.0,5160.0,86',0,0,-1,,,,2025-10-05 05:19:58
13086,726007,20301,home,1,3-4-3,1,0,16,301382,Alexander Johansson,Substitute,0,1,380320,19,380320.0,5160.0,86',0,0,-1,,,,2025-10-05 05:19:58
13086,726007,20301,home,1,3-4-3,1,0,6,356408,Ludwig Malachowski,Substitute,0,1,389637,39,389637.0,3960.0,66',0,0,-1,,,,2025-10-05 05:19:58
13086,726007,20301,home,1,3-4-3,1,0,27,346501,Ludvig Tidstrand,Substitute,0,0,0,-1,,,,0,0,-1,,,,2025-10-05 05:19:58
13086,726007,20301,home,1,3-4-3,1,0,35,151931,Alexander Lundin,Substitute,0,0,0,-1,,,,0,0,-1,,,,2025-10-05 05:19:58
13086,726007,529,away,0,4-2-3-1,1,1,31,250169,Isak Pettersson,Goalkeeper,1,0,0,-1,,,,0,0,-1,,,,2025-10-05 05:19:58
13086,726007,529,away,0,4-2-3-1,1,1,6,286729,Rasmus Wikstrom,Right Back,2,0,0,-1,,,,0,0,-1,,,,2025-10-05 05:19:58
13086,726007,529,away,0,4-2-3-1,1,1,28,389426,Frode Aronsson,Left Back,3,0,0,-1,,,,1,342093,25,342093.0,3840.0,64',2025-10-05 05:19:58
13086,726007,529,away,0,4-2-3-1,1,1,5,303480,Wenderson,Left Midfielder,4,0,0,-1,,,,1,402326,16,402326.0,4620.0,77',2025-10-10 12:41:50
13086,726007,529,away,0,4-2-3-1,1,1,29,341452,Ibrahim Buhari,Center Right Defender,5,0,0,-1,,,,0,0,-1,,,,2025-10-05 05:19:58
13086,726007,529,away,0,4-2-3-1,1,1,4,202682,Daniel Granli,Center Left Defender,6,0,0,-1,,,,0,0,-1,,,,2025-10-05 05:19:58
13086,726007,529,away,0,4-2-3-1,1,1,15,173040,Simon Hedlund,Attacking Midfielder Right,7,0,0,-1,,,,0,0,-1,,,,2025-10-05 05:19:58
13086,726007,529,away,0,4-2-3-1,1,1,27,334024,Besfort Zeneli,Right Midfielder,8,0,0,-1,,,,0,0,-1,,,,2025-10-10 12:41:50
13086,726007,529,away,0,4-2-3-1,1,1,21,388173,Leo Östman,Forward,9,0,0,-1,,,,1,174501,17,174501.0,3840.0,64',2025-10-05 05:19:58
13086,726007,529,away,0,4-2-3-1,1,1,18,305401,Júlíus Magnússon,Attacking Midfielder,10,0,0,-1,,,,1,304180,24,304180.0,5100.0,85',2025-10-05 05:19:58
13086,726007,529,away,0,4-2-3-1,1,1,9,202705,Arbër Zeneli,Attacking Midfielder Left,11,0,0,-1,,,,1,362584,20,362584.0,4620.0,77',2025-10-05 05:19:58
13086,726007,529,away,0,4-2-3-1,1,0,1,400222,Simon Eriksson,Substitute,0,0,0,-1,,,,0,0,-1,,,,2025-10-05 05:19:58
13086,726007,529,away,0,4-2-3-1,1,0,20,362584,Gottfrid Rapp,Substitute,0,1,202705,9,202705.0,4620.0,77',0,0,-1,,,,2025-10-05 05:19:58
13086,726007,529,away,0,4-2-3-1,1,0,25,342093,Ari Sigurpálsson,Substitute,0,1,389426,28,389426.0,3840.0,64',0,0,-1,,,,2025-10-05 05:19:58
13086,726007,529,away,0,4-2-3-1,1,0,24,304180,Frederik Ihler,Substitute,0,1,305401,18,305401.0,5100.0,85',0,0,-1,,,,2025-10-05 05:19:58
13086,726007,529,away,0,4-2-3-1,1,0,11,303614,Taylor Silverholt,Substitute,0,0,0,-1,,,,0,0,-1,,,,2025-10-05 05:19:58
13086,726007,529,away,0,4-2-3-1,1,0,7,218707,Jens Jakob Thomasen,Substitute,0,0,0,-1,,,,0,0,-1,,,,2025-10-05 05:19:58
13086,726007,529,away,0,4-2-3-1,1,0,17,174501,Per Frick,Substitute,0,1,388173,21,388173.0,3840.0,64',0,0,-1,,,,2025-10-05 05:19:58
13086,726007,529,away,0,4-2-3-1,1,0,13,146012,Johan Larsson,Substitute,0,0,0,-1,,,,0,0,-1,,,,2025-10-05 05:19:58
13086,726007,529,away,0,4-2-3-1,1,0,16,402326,Altti Hellemaa,Substitute,0,1,303480,5,303480.0,4620.0,77',0,0,-1,,,,2025-10-05 05:19:58
13086,726008,8547,home,1,4-2-3-1,1,1,34,325348,David Celic,Goalkeeper,1,0,0,-1,,,,0,0,-1,,,,2025-10-07 05:25:45
13086,726008,8547,home,1,4-2-3-1,1,1,2,235919,Henrik Castegren,Right Back,2,0,0,-1,,,,0,0,-1,,,,2025-10-07 05:25:45
13086,726008,8547,home,1,4-2-3-1,1,1,22,243517,Oscar Krusnell,Left Back,3,0,0,-1,,,,1,315677,18,315677.0,5400.0,90'+1',2025-10-07 05:25:45
13086,726008,8547,home,1,4-2-3-1,1,1,17,15527,Marcus Lindberg,Left Midfielder,4,0,0,-1,,,,1,379166,8,379166.0,5280.0,88',2025-10-07 05:25:45
13086,726008,8547,home,1,4-2-3-1,1,1,15,186504,Simon Sandberg,Center Right Defender,5,0,0,-1,,,,0,0,-1,,,,2025-10-07 05:25:45
13086,726008,8547,home,1,4-2-3-1,1,1,4,366597,Tobias Anker,Center Left Defender,6,0,0,-1,,,,0,0,-1,,,,2025-10-07 05:25:45
13086,726008,8547,home,1,4-2-3-1,1,1,7,22706,Joakim Persson,Attacking Midfielder Right,7,0,0,-1,,,,0,0,-1,,,,2025-10-07 05:25:45
13086,726008,8547,home,1,4-2-3-1,1,1,10,358564,Melker Heier,Right Midfielder,8,0,0,-1,,,,1,235518,21,235518.0,5400.0,90'+1',2025-10-07 05:25:45
13086,726008,8547,home,1,4-2-3-1,1,1,9,322993,Robbie Ure,Forward,9,0,0,-1,,,,1,309271,19,309271.0,5280.0,88',2025-10-07 05:25:45
13086,726008,8547,home,1,4-2-3-1,1,1,14,323176,Leo Walta,Attacking Midfielder,10,0,0,-1,,,,0,0,-1,,,,2025-10-07 05:25:45
13086,726008,8547,home,1,4-2-3-1,1,1,29,344867,Isak Bjerkebo,Attacking Midfielder Left,11,0,0,-1,,,,1,401059,24,401059.0,4620.0,77',2025-10-07 05:25:45
13086,726008,8547,home,1,4-2-3-1,1,0,13,298341,Jakob Voelkerling Persson,Substitute,0,0,0,-1,,,,0,0,-1,,,,2025-10-07 05:25:45
13086,726008,8547,home,1,4-2-3-1,1,0,21,235518,Dennis Widgren,Substitute,0,1,358564,10,358564.0,5400.0,90'+1',0,0,-1,,,,2025-10-07 05:25:45
13086,726008,8547,home,1,4-2-3-1,1,0,5,25076,Tobias Carlsson,Substitute,0,0,0,-1,,,,0,0,-1,,,,2025-10-07 05:25:45
13086,726008,8547,home,1,4-2-3-1,1,0,19,309271,Noel Milleskog,Substitute,0,1,322993,9,322993.0,5280.0,88',0,0,-1,,,,2025-10-07 05:25:45
13086,726008,8547,home,1,4-2-3-1,1,0,1,313973,Ismael Diawara,Substitute,0,0,0,-1,,,,0,0,-1,,,,2025-10-07 05:25:45
13086,726008,8547,home,1,4-2-3-1,1,0,18,315677,Adam Wikman,Substitute,0,1,243517,22,243517.0,5400.0,90'+1',0,0,-1,,,,2025-10-07 05:25:45
13086,726008,8547,home,1,4-2-3-1,1,0,8,379166,Matthias Nartey,Substitute,0,1,15527,17,15527.0,5280.0,88',0,0,-1,,,,2025-10-07 05:25:45
13086,726008,8547,home,1,4-2-3-1,1,0,24,401059,Victor Svensson,Substitute,0,1,344867,29,344867.0,4620.0,77',0,0,-1,,,,2025-10-07 05:25:45
13086,726008,8547,home,1,4-2-3-1,1,0,27,409472,Neo Jönsson,Substitute,0,0,0,-1,,,,0,0,-1,,,,2025-10-07 05:25:45
13086,726008,2720,away,0,4-4-2,1,1,30,178176,Robin Olsen,Goalkeeper,1,0,0,-1,,,,0,0,-1,,,,2025-10-07 05:25:45
13086,726008,2720,away,0,4-4-2,1,1,17,193186,Jens Stryger Larsen,Right Back,2,0,0,-1,,,,0,0,-1,,,,2025-10-07 05:25:45
13086,726008,2720,away,0,4-4-2,1,1,25,301219,Busanello,Left Back,3,0,0,-1,,,,1,75987,13,75987.0,5040.0,84',2025-10-07 05:25:45
13086,726008,2720,away,0,4-4-2,1,1,7,315679,Otto Rosengren,Center Right Midfielder,4,0,0,-1,,,,1,162738,6,162738.0,4980.0,83',2025-10-07 05:25:45
13086,726008,2720,away,0,4-4-2,1,1,5,312108,Andrej Duric,Center Right Defender,5,0,0,-1,,,,0,0,-1,,,,2025-10-07 05:25:45
13086,726008,2720,away,0,4-4-2,1,1,19,279135,Colin Rösler,Center Left Defender,6,0,0,-1,,,,0,0,-1,,,,2025-10-07 05:25:45
13086,726008,2720,away,0,4-4-2,1,1,37,364698,Adrian Skogmar,Right Midfielder,7,0,0,-1,,,,1,346284,15,346284.0,4140.0,69',2025-10-07 05:25:45
13086,726008,2720,away,0,4-4-2,1,1,23,286434,Lasse Berg Johnsen,Center Left Midfielder,8,0,0,-1,,,,0,0,-1,,,,2025-10-07 05:25:45
13086,726008,2720,away,0,4-4-2,1,1,32,360023,Daniel Gudjohnsen,Center Left Forward,9,0,0,-1,,,,1,194453,21,194453.0,5280.0,88',2025-10-07 05:25:45
13086,726008,2720,away,0,4-4-2,1,1,11,308880,Emmanuel Ekong,Center Right Forward,10,0,0,-1,,,,1,138055,16,138055.0,4140.0,69',2025-10-07 05:25:45
13086,726008,2720,away,0,4-4-2,1,1,38,330239,Hugo Bolin,Left Midfielder,11,0,0,-1,,,,0,0,-1,,,,2025-10-07 05:25:45
13086,726008,2720,away,0,4-4-2,1,0,6,162738,Oscar Lewicki,Substitute,0,1,315679,7,315679.0,4980.0,83',0,0,-1,,,,2025-10-07 05:25:45
13086,726008,2720,away,0,4-4-2,1,0,21,194453,Stefano Vecchia,Substitute,0,1,360023,32,360023.0,5280.0,88',0,0,-1,,,,2025-10-07 05:25:45
13086,726008,2720,away,0,4-4-2,1,0,16,138055,Oliver Berg,Substitute,0,1,308880,11,308880.0,4140.0,69',0,0,-1,,,,2025-10-07 05:25:45
13086,726008,2720,away,0,4-4-2,1,0,33,307800,Melker Ellborg,Substitute,0,0,0,-1,,,,0,0,-1,,,,2025-10-07 05:25:45
13086,726008,2720,away,0,4-4-2,1,0,2,9101,Johan Karlsson,Substitute,0,0,0,-1,,,,0,0,-1,,,,2025-10-07 05:25:45
13086,726008,2720,away,0,4-4-2,1,0,13,75987,Martin Olsson,Substitute,0,1,301219,25,301219.0,5040.0,84',0,0,-1,,,,2025-10-07 05:25:45
13086,726008,2720,away,0,4-4-2,1,0,15,346284,Salifou Soumah,Substitute,0,1,364698,37,364698.0,4140.0,69',0,0,-1,,,,2025-10-07 05:25:45
13086,726008,2720,away,0,4-4-2,1,0,40,381395,Kenan Busuladzic,Substitute,0,0,0,-1,,,,0,0,-1,,,,2025-10-07 05:25:45
13086,726008,2720,away,0,4-4-2,1,0,45,411015,Anton Höög,Substitute,0,0,0,-1,,,,0,0,-1,,,,2025-10-07 05:25:45
13086,726009,2936,home,1,4-2-3-1,1,1,13,400366,Robin Wallinder,Goalkeeper,1,0,0,-1,,,,0,0,-1,,,,2025-10-05 05:19:58
13086,726009,2936,home,1,4-2-3-1,1,1,33,354345,Tatu Varmanen,Right Back,2,0,0,-1,,,,0,0,-1,,,,2025-10-05 05:19:58
13086,726009,2936,home,1,4-2-3-1,1,1,14,173508,Dennis Olsson,Left Back,3,0,0,-1,,,,0,0,-1,,,,2025-10-05 05:19:58
13086,726009,2936,home,1,4-2-3-1,1,1,8,385181,Daniel Ask,Left Midfielder,4,0,0,-1,,,,1,398188,9,398188.0,5280.0,88',2025-10-05 05:19:58
13086,726009,2936,home,1,4-2-3-1,1,1,5,354352,Mattis Adolfsson,Center Right Defender,5,0,0,-1,,,,0,0,-1,,,,2025-10-05 05:19:58
13086,726009,2936,home,1,4-2-3-1,1,1,3,380190,Kingsley Gyamfi,Center Left Defender,6,0,0,-1,,,,0,0,-1,,,,2025-10-05 05:19:58
13086,726009,2936,home,1,4-2-3-1,1,1,10,334005,Oscar Uddenas,Attacking Midfielder Right,7,0,0,-1,,,,1,222639,23,222639.0,4080.0,68',2025-10-05 05:19:58
13086,726009,2936,home,1,4-2-3-1,1,1,26,238868,Magnus Christensen,Right Midfielder,8,0,0,-1,,,,0,0,-1,,,,2025-10-05 05:19:58
13086,726009,2936,home,1,4-2-3-1,1,1,20,217300,Alibek Aliev,Forward,9,0,0,-1,,,,1,162497,29,,,,2025-10-05 05:19:58
13086,726009,2936,home,1,4-2-3-1,1,1,7,275993,Anssi Suhonen,Attacking Midfielder,10,0,0,-1,,,,1,307747,6,307747.0,4440.0,74',2025-10-05 05:19:58
13086,726009,2936,home,1,4-2-3-1,1,1,18,311161,Daniel Ljung,Attacking Midfielder Left,11,0,0,-1,,,,1,400371,21,400371.0,5280.0,88',2025-10-05 05:19:58
13086,726009,2936,home,1,4-2-3-1,1,0,9,398188,Niklas Soderberg,Substitute,0,1,385181,8,385181.0,5280.0,88',0,0,-1,,,,2025-10-05 05:19:58
13086,726009,2936,home,1,4-2-3-1,1,0,32,400368,Carl Lundahl Persson,Substitute,0,0,0,-1,,,,0,0,-1,,,,2025-10-05 05:19:58
13086,726009,2936,home,1,4-2-3-1,1,0,21,400371,Lars Bergquist,Substitute,0,1,311161,18,311161.0,5280.0,88',0,0,-1,,,,2025-10-05 05:19:58
13086,726009,2936,home,1,4-2-3-1,1,0,4,238435,Sebastian Starke Hedlund,Substitute,0,0,0,-1,,,,0,0,-1,,,,2025-10-05 05:19:58
13086,726009,2936,home,1,4-2-3-1,1,0,6,307747,Noah Soderberg,Substitute,0,1,275993,7,275993.0,4440.0,74',0,0,-1,,,,2025-10-05 05:19:58
13086,726009,2936,home,1,4-2-3-1,1,0,19,289844,Matias Tamminen,Substitute,0,0,0,-1,,,,0,0,-1,,,,2025-10-05 05:19:58
13086,726009,2936,home,1,4-2-3-1,1,0,23,222639,Vladimir Rodic,Substitute,0,1,334005,10,334005.0,4080.0,68',0,0,-1,,,,2025-10-05 05:19:58
13086,726009,2936,home,1,4-2-3-1,1,0,29,162497,Christian Kouakou,Substitute,0,1,217300,20,217300.0,4080.0,68',0,0,-1,,,,2025-11-03 06:14:20
13086,726009,2936,home,1,4-2-3-1,1,0,16,349204,Raymond Adjei,Substitute,0,0,0,-1,,,,0,0,-1,,,,2025-10-05 05:19:58
13086,726009,3017,away,0,3-4-3,1,1,12,195094,Tim Erlandsson,Goalkeeper,1,0,0,-1,,,,0,0,-1,,,,2025-10-05 05:19:58
13086,726009,3017,away,0,3-4-3,1,1,17,303666,André Boman,Right Midfielder,2,0,0,-1,,,,1,401274,19,401274.0,4740.0,79',2025-10-05 05:19:58
13086,726009,3017,away,0,3-4-3,1,1,33,403402,Oliver Kapsimalis,Left Midfielder,3,0,0,-1,,,,1,159454,14,159454.0,3720.0,62',2025-10-05 05:19:58
13086,726009,3017,away,0,3-4-3,1,1,2,381647,Bleon Kurtulus,Center Left Defender,4,0,0,-1,,,,0,0,-1,,,,2025-10-05 05:19:58
13086,726009,3017,away,0,3-4-3,1,1,4,289329,Filip Schyberg,Center Defender,5,0,0,-1,,,,0,0,-1,,,,2025-10-05 05:19:58
13086,726009,3017,away,0,3-4-3,1,1,5,178687,Pascal Gregor,Center Right Defender,6,0,0,-1,,,,0,0,-1,,,,2025-10-05 05:19:58
13086,726009,3017,away,0,3-4-3,1,1,6,147211,Joel Allansson,Center Right Midfielder,7,0,0,-1,,,,0,0,-1,,,,2025-10-05 05:19:58
13086,726009,3017,away,0,3-4-3,1,1,27,313722,Rocco Ascone,Center Left Midfielder,8,0,0,-1,,,,0,0,-1,,,,2025-10-05 05:19:58
13086,726009,3017,away,0,3-4-3,1,1,99,344475,Emmanuel Damoah Yeboah,Forward,9,0,0,-1,,,,1,357130,18,357130.0,3720.0,62',2025-10-05 05:19:58
13086,726009,3017,away,0,3-4-3,1,1,11,357140,Villiam Granath,Center Right Forward,10,0,0,-1,,,,0,0,-1,,,,2025-10-05 05:19:58
13086,726009,3017,away,0,3-4-3,1,1,29,399508,Erik Arvidsson,Center Left Forward,11,0,0,-1,,,,1,334002,28,334002.0,2520.0,42',2025-10-05 05:19:58
13086,726009,3017,away,0,3-4-3,1,0,19,401274,Marvin Illary,Substitute,0,1,303666,17,303666.0,4740.0,79',0,0,-1,,,,2025-10-05 05:19:58
13086,726009,3017,away,0,3-4-3,1,0,8,289719,Niilo Mäenpää,Substitute,0,0,0,-1,,,,0,0,-1,,,,2025-10-05 05:19:58
13086,726009,3017,away,0,3-4-3,1,0,3,357142,Gabriel Wallentin,Substitute,0,0,0,-1,,,,0,0,-1,,,,2025-10-05 05:19:58
13086,726009,3017,away,0,3-4-3,1,0,18,357130,Naeem Mohammed,Substitute,0,1,344475,99,344475.0,3720.0,62',0,0,-1,,,,2025-10-05 05:19:58
13086,726009,3017,away,0,3-4-3,1,0,28,334002,Malte Persson,Substitute,0,1,399508,29,399508.0,2520.0,42',0,0,-1,,,,2025-10-05 05:19:58
13086,726009,3017,away,0,3-4-3,1,0,1,264481,Tim Rönning,Substitute,0,0,0,-1,,,,0,0,-1,,,,2025-10-05 05:19:58
13086,726009,3017,away,0,3-4-3,1,0,13,237843,Gíisli Eyjólfsson,Substitute,0,0,0,-1,,,,0,0,-1,,,,2025-10-05 05:19:58
13086,726009,3017,away,0,3-4-3,1,0,14,159454,Blair Turgott,Substitute,0,1,403402,33,403402.0,3720.0,62',0,0,-1,,,,2025-10-05 05:19:58
13086,726009,3017,away,0,3-4-3,1,0,21,121282,Marcus Olsson,Substitute,0,0,0,-1,,,,0,0,-1,,,,2025-10-05 05:19:58
13086,726010,20856,home,0,4-1-4-1,1,1,26,194803,Matvei Igonen,Goalkeeper,1,0,0,-1,,,,0,0,-1,,,,2025-10-25 05:16:14
13086,726010,20856,home,0,4-1-4-1,1,1,6,235489,Daniel Sundgren,Right Back,2,0,0,-1,,,,0,0,-1,,,,2025-10-25 05:16:14
13086,726010,20856,home,0,4-1-4-1,1,1,39,378634,Philippe Ndinga Ossibadjouo,Left Back,3,0,0,-1,,,,0,0,-1,,,,2025-10-25 05:16:14
13086,726010,20856,home,0,4-1-4-1,1,1,21,325409,Kazper Karlsson,Defensive Midfielder,4,0,0,-1,,,,0,0,-1,,,,2025-10-25 05:16:14
13086,726010,20856,home,0,4-1-4-1,1,1,4,301367,Leon Hien,Center Right Defender,5,0,0,-1,,,,0,0,-1,,,,2025-10-25 05:16:14
13086,726010,20856,home,0,4-1-4-1,1,1,5,385769,Juhani Pikkarainen,Center Left Defender,6,0,0,-1,,,,0,0,-1,,,,2025-10-25 05:16:14
13086,726010,20856,home,0,4-1-4-1,1,1,16,205158,Sebastian Ohlsson,Right Midfielder,7,0,0,-1,,,,0,0,-1,,,,2025-10-25 05:16:14
13086,726010,20856,home,0,4-1-4-1,1,1,8,301374,Nahom Netabay,Center Right Midfielder,8,0,0,-1,,,,0,0,-1,,,,2025-10-25 05:16:14
13086,726010,20856,home,0,4-1-4-1,1,1,19,316173,Richie Omorowa,Forward,9,0,0,-1,,,,0,0,-1,,,,2025-10-25 05:16:14
13086,726010,20856,home,0,4-1-4-1,1,1,22,334867,Dijan Vukojevic,Center Left Midfielder,10,0,0,-1,,,,0,0,-1,,,,2025-10-25 05:16:14
13086,726010,20856,home,0,4-1-4-1,1,1,10,364830,Marcus Rafferty,Left Midfielder,11,0,0,-1,,,,0,0,-1,,,,2025-10-25 05:16:14
13086,726010,20856,home,0,4-1-4-1,1,0,15,324395,Nasiru Moro,Substitute,0,0,0,-1,,,,0,0,-1,,,,2025-10-25 05:16:14
13086,726010,20856,home,0,4-1-4-1,1,0,29,275575,Santeri Haarala,Substitute,0,0,0,-1,,,,0,0,-1,,,,2025-10-25 05:16:14
13086,726010,20856,home,0,4-1-4-1,1,0,30,255257,Bernardo Morgado,Substitute,0,0,0,-1,,,,0,0,-1,,,,2025-10-25 05:16:14
13086,726010,20856,home,0,4-1-4-1,1,0,28,238859,Marcus Godinho,Substitute,0,0,0,-1,,,,0,0,-1,,,,2025-10-25 05:16:14
13086,726010,20856,home,0,4-1-4-1,1,0,11,218520,Christos Gravius,Substitute,0,0,0,-1,,,,0,0,-1,,,,2025-10-25 05:16:14
13086,726010,20856,home,0,4-1-4-1,1,0,17,304144,Armann Taranis,Substitute,0,0,0,-1,,,,0,0,-1,,,,2025-10-25 05:16:14
13086,726010,20856,home,0,4-1-4-1,1,0,20,400141,Elias Barsoum,Substitute,0,0,0,-1,,,,0,0,-1,,,,2025-10-25 05:16:14
13086,726010,20856,home,0,4-1-4-1,1,0,25,412985,Liam Karlsson,Substitute,0,0,0,-1,,,,0,0,-1,,,,2025-10-25 05:16:14
13086,726010,3017,away,1,3-4-3,1,1,12,195094,Tim Erlandsson,Goalkeeper,1,0,0,-1,,,,0,0,-1,,,,2025-10-21 05:14:31
13086,726010,3017,away,1,3-4-3,1,1,17,303666,André Boman,Right Midfielder,2,0,0,-1,,,,0,0,-1,,,,2025-10-21 05:14:31
13086,726010,3017,away,1,3-4-3,1,1,24,240486,Rami Kaib,Left Midfielder,3,0,0,-1,,,,0,0,-1,,,,2025-10-21 05:14:31
13086,726010,3017,away,1,3-4-3,1,1,2,381647,Bleon Kurtulus,Center Left Defender,4,0,0,-1,,,,0,0,-1,,,,2025-10-21 05:14:31
13086,726010,3017,away,1,3-4-3,1,1,4,289329,Filip Schyberg,Center Defender,5,0,0,-1,,,,0,0,-1,,,,2025-10-21 05:14:31
13086,726010,3017,away,1,3-4-3,1,1,5,178687,Pascal Gregor,Center Right Defender,6,0,0,-1,,,,0,0,-1,,,,2025-10-21 05:14:31
13086,726010,3017,away,1,3-4-3,1,1,6,147211,Joel Allansson,Center Right Midfielder,7,0,0,-1,,,,0,0,-1,,,,2025-10-21 05:14:31
13086,726010,3017,away,1,3-4-3,1,1,27,313722,Rocco Ascone,Center Left Midfielder,8,0,0,-1,,,,0,0,-1,,,,2025-10-21 05:14:31
13086,726010,3017,away,1,3-4-3,1,1,99,344475,Emmanuel Damoah Yeboah,Forward,9,0,0,-1,,,,0,0,-1,,,,2025-10-21 05:14:31
13086,726010,3017,away,1,3-4-3,1,1,11,357140,Villiam Granath,Center Right Forward,10,0,0,-1,,,,0,0,-1,,,,2025-10-21 05:14:31
13086,726010,3017,away,1,3-4-3,1,1,18,357130,Naeem Mohammed,Center Left Forward,11,0,0,-1,,,,0,0,-1,,,,2025-10-21 05:14:31
13086,726010,3017,away,1,3-4-3,1,0,3,357142,Gabriel Wallentin,Substitute,0,0,0,-1,,,,0,0,-1,,,,2025-10-21 05:14:31
13086,726010,3017,away,1,3-4-3,1,0,28,334002,Malte Persson,Substitute,0,0,0,-1,,,,0,0,-1,,,,2025-10-21 05:14:31
13086,726010,3017,away,1,3-4-3,1,0,25,321176,Aleksander Damnjanovic,Substitute,0,0,0,-1,,,,0,0,-1,,,,2025-10-21 05:14:31
13086,726010,3017,away,1,3-4-3,1,0,8,289719,Niilo Mäenpää,Substitute,0,0,0,-1,,,,0,0,-1,,,,2025-10-21 05:14:31
13086,726010,3017,away,1,3-4-3,1,0,1,264481,Tim Rönning,Substitute,0,0,0,-1,,,,0,0,-1,,,,2025-10-21 05:14:31
13086,726010,3017,away,1,3-4-3,1,0,13,237843,Gíisli Eyjólfsson,Substitute,0,0,0,-1,,,,0,0,-1,,,,2025-10-21 05:14:31
13086,726010,3017,away,1,3-4-3,1,0,14,159454,Blair Turgott,Substitute,0,0,0,-1,,,,0,0,-1,,,,2025-10-21 05:14:31
13086,726010,3017,away,1,3-4-3,1,0,29,399508,Erik Arvidsson,Substitute,0,0,0,-1,,,,0,0,-1,,,,2025-10-21 05:14:31
13086,726010,3017,away,1,3-4-3,1,0,21,121282,Marcus Olsson,Substitute,0,0,0,-1,,,,0,0,-1,,,,2025-10-21 05:14:31
13086,726011,529,home,1,4-2-3-1,1,1,31,250169,Isak Pettersson,Goalkeeper,1,0,0,-1,,,,0,0,-1,,,,2025-10-20 05:19:51
13086,726011,529,home,1,4-2-3-1,1,1,6,286729,Rasmus Wikstrom,Right Back,2,0,0,-1,,,,1,389426,28,389426.0,4620.0,77',2025-10-20 05:19:51
13086,726011,529,home,1,4-2-3-1,1,1,23,134644,Niklas Hult,Left Back,3,0,0,-1,,,,0,0,-1,,,,2025-10-20 05:19:51
13086,726011,529,home,1,4-2-3-1,1,1,18,305401,Júlíus Magnússon,Left Midfielder,4,0,0,-1,,,,0,0,-1,,,,2025-10-20 05:19:51
13086,726011,529,home,1,4-2-3-1,1,1,29,341452,Ibrahim Buhari,Center Right Defender,5,0,0,-1,,,,0,0,-1,,,,2025-10-20 05:19:51
13086,726011,529,home,1,4-2-3-1,1,1,4,202682,Daniel Granli,Center Left Defender,6,0,0,-1,,,,0,0,-1,,,,2025-10-20 05:19:51
13086,726011,529,home,1,4-2-3-1,1,1,25,342093,Ari Sigurpálsson,Attacking Midfielder Right,7,0,0,-1,,,,1,146012,13,146012.0,4620.0,77',2025-10-20 05:19:51
13086,726011,529,home,1,4-2-3-1,1,1,10,245883,Simon Olsson,Right Midfielder,8,0,0,-1,,,,1,303480,5,303480.0,3720.0,62',2025-10-20 05:19:51
13086,726011,529,home,1,4-2-3-1,1,1,11,303614,Taylor Silverholt,Forward,9,0,0,-1,,,,1,174501,17,174501.0,4140.0,69',2025-10-20 05:19:51
13086,726011,529,home,1,4-2-3-1,1,1,27,334024,Besfort Zeneli,Attacking Midfielder,10,0,0,-1,,,,0,0,-1,,,,2025-10-20 05:19:51
13086,726011,529,home,1,4-2-3-1,1,1,9,202705,Arbër Zeneli,Attacking Midfielder Left,11,0,0,-1,,,,1,362584,20,362584.0,4680.0,78',2025-10-20 05:19:51
13086,726011,529,home,1,4-2-3-1,1,0,7,218707,Jens Jakob Thomasen,Substitute,0,0,0,-1,,,,0,0,-1,,,,2025-10-20 05:19:51
13086,726011,529,home,1,4-2-3-1,1,0,16,402326,Altti Hellemaa,Substitute,0,0,0,-1,,,,0,0,-1,,,,2025-10-20 05:19:51
13086,726011,529,home,1,4-2-3-1,1,0,1,400222,Simon Eriksson,Substitute,0,0,0,-1,,,,0,0,-1,,,,2025-10-20 05:19:51
13086,726011,529,home,1,4-2-3-1,1,0,28,389426,Frode Aronsson,Substitute,0,1,286729,6,286729.0,4620.0,77',0,0,-1,,,,2025-10-20 05:19:51
13086,726011,529,home,1,4-2-3-1,1,0,21,388173,Leo Östman,Substitute,0,0,0,-1,,,,0,0,-1,,,,2025-10-20 05:19:51
13086,726011,529,home,1,4-2-3-1,1,0,13,146012,Johan Larsson,Substitute,0,1,342093,25,342093.0,4620.0,77',0,0,-1,,,,2025-10-20 05:19:51
13086,726011,529,home,1,4-2-3-1,1,0,5,303480,Wenderson,Substitute,0,1,245883,10,245883.0,3720.0,62',0,0,-1,,,,2025-10-20 05:19:51
13086,726011,529,home,1,4-2-3-1,1,0,17,174501,Per Frick,Substitute,0,1,303614,11,303614.0,4140.0,69',0,0,-1,,,,2025-10-20 05:19:51
13086,726011,529,home,1,4-2-3-1,1,0,20,362584,Gottfrid Rapp,Substitute,0,1,202705,9,202705.0,4680.0,78',0,0,-1,,,,2025-10-20 05:19:51
13086,726011,2936,away,0,4-3-3,1,1,13,400366,Robin Wallinder,Goalkeeper,1,0,0,-1,,,,0,0,-1,,,,2025-10-20 05:19:51
13086,726011,2936,away,0,4-3-3,1,1,33,354345,Tatu Varmanen,Right Back,2,0,0,-1,,,,1,349204,16,349204.0,3780.0,63',2025-10-20 05:19:51
13086,726011,2936,away,0,4-3-3,1,1,14,173508,Dennis Olsson,Left Back,3,0,0,-1,,,,1,400371,21,400371.0,3780.0,63',2025-10-20 05:19:51
13086,726011,2936,away,0,4-3-3,1,1,7,275993,Anssi Suhonen,Center Midfielder,4,0,0,-1,,,,0,0,-1,,,,2025-10-20 05:19:51
13086,726011,2936,away,0,4-3-3,1,1,5,354352,Mattis Adolfsson,Center Right Defender,5,0,0,-1,,,,0,0,-1,,,,2025-10-20 05:19:51
13086,726011,2936,away,0,4-3-3,1,1,3,380190,Kingsley Gyamfi,Center Left Defender,6,0,0,-1,,,,1,316395,15,316395.0,3780.0,63',2025-10-20 05:19:51
13086,726011,2936,away,0,4-3-3,1,1,26,238868,Magnus Christensen,Right Midfielder,7,0,0,-1,,,,0,0,-1,,,,2025-10-20 05:19:51
13086,726011,2936,away,0,4-3-3,1,1,8,385181,Daniel Ask,Left Midfielder,8,0,0,-1,,,,1,398188,9,398188.0,3780.0,63',2025-10-20 05:19:51
13086,726011,2936,away,0,4-3-3,1,1,20,217300,Alibek Aliev,Forward,9,0,0,-1,,,,0,0,-1,,,,2025-10-20 05:19:51
13086,726011,2936,away,0,4-3-3,1,1,10,334005,Oscar Uddenas,Right Forward,10,0,0,-1,,,,1,222639,23,222639.0,4680.0,78',2025-10-20 05:19:51
13086,726011,2936,away,0,4-3-3,1,1,18,311161,Daniel Ljung,Left Forward,11,0,0,-1,,,,0,0,-1,,,,2025-10-20 05:19:51
13086,726011,2936,away,0,4-3-3,1,0,21,400371,Lars Bergquist,Substitute,0,1,173508,14,173508.0,3780.0,63',0,0,-1,,,,2025-10-20 05:19:51
13086,726011,2936,away,0,4-3-3,1,0,32,400368,Carl Lundahl Persson,Substitute,0,0,0,-1,,,,0,0,-1,,,,2025-10-20 05:19:51
13086,726011,2936,away,0,4-3-3,1,0,16,349204,Raymond Adjei,Substitute,0,1,354345,33,354345.0,3780.0,63',0,0,-1,,,,2025-10-20 05:19:51
13086,726011,2936,away,0,4-3-3,1,0,9,398188,Niklas Soderberg,Substitute,0,1,385181,8,385181.0,3780.0,63',0,0,-1,,,,2025-10-20 05:19:51
13086,726011,2936,away,0,4-3-3,1,0,15,316395,Ivan Kricak,Substitute,0,1,380190,3,380190.0,3780.0,63',0,0,-1,,,,2025-10-20 05:19:51
13086,726011,2936,away,0,4-3-3,1,0,6,307747,Noah Soderberg,Substitute,0,0,0,-1,,,,0,0,-1,,,,2025-10-20 05:19:51
13086,726011,2936,away,0,4-3-3,1,0,19,289844,Matias Tamminen,Substitute,0,0,0,-1,,,,0,0,-1,,,,2025-10-20 05:19:51
13086,726011,2936,away,0,4-3-3,1,0,4,238435,Sebastian Starke Hedlund,Substitute,0,0,0,-1,,,,0,0,-1,,,,2025-10-20 05:19:51
13086,726011,2936,away,0,4-3-3,1,0,23,222639,Vladimir Rodic,Substitute,0,1,334005,10,334005.0,4680.0,78',0,0,-1,,,,2025-10-20 05:19:51
13086,726012,8222,home,1,4-3-3,1,1,13,360878,Kees Sims,Goalkeeper,1,0,0,-1,,,,0,0,-1,,,,2025-10-20 05:19:51
13086,726012,8222,home,1,4-3-3,1,1,6,378806,August Wängberg,Right Back,2,0,0,-1,,,,0,0,-1,,,,2025-10-20 05:19:51
13086,726012,8222,home,1,4-3-3,1,1,5,379958,Robin Wendin Thomasson,Left Back,3,0,0,-1,,,,1,400217,2,400217.0,3960.0,66',2025-10-20 05:19:51
13086,726012,8222,home,1,4-3-3,1,1,7,378811,Joackim Åberg,Center Midfielder,4,0,0,-1,,,,1,313931,18,313931.0,3480.0,58',2025-10-20 05:19:51
13086,726012,8222,home,1,4-3-3,1,1,12,356377,Robin Frej,Center Right Defender,5,0,0,-1,,,,0,0,-1,,,,2025-10-20 05:19:51
13086,726012,8222,home,1,4-3-3,1,1,4,333728,Oskar Ågren,Center Left Defender,6,0,0,-1,,,,0,0,-1,,,,2025-10-20 05:19:51
13086,726012,8222,home,1,4-3-3,1,1,8,312852,William Milovanovic,Right Midfielder,7,0,0,-1,,,,0,0,-1,,,,2025-10-20 05:19:51
13086,726012,8222,home,1,4-3-3,1,1,10,347031,Amin Boudri,Left Midfielder,8,0,0,-1,,,,1,149765,25,149765.0,4920.0,82',2025-10-20 05:19:51
13086,726012,8222,home,1,4-3-3,1,1,19,308726,Ibrahim Diabaté,Forward,9,0,0,-1,,,,1,235766,28,235766.0,4980.0,83',2025-11-11 06:10:14
13086,726012,8222,home,1,4-3-3,1,1,9,378816,Gustav Lundgren,Right Forward,10,0,0,-1,,,,0,0,-1,,,,2025-10-20 05:19:51
13086,726012,8222,home,1,4-3-3,1,1,16,400221,Rasmus Niklasson Petrovic,Left Forward,11,0,0,-1,,,,1,334033,11,334033.0,3960.0,66',2025-10-20 05:19:51
13086,726012,8222,home,1,4-3-3,1,0,30,400712,Alvin Didriksson,Substitute,0,0,0,-1,,,,0,0,-1,,,,2025-10-20 05:19:51
13086,726012,8222,home,1,4-3-3,1,0,2,400217,Matteo de Brienne,Substitute,0,1,379958,5,379958.0,3960.0,66',0,0,-1,,,,2025-10-20 05:19:51
13086,726012,8222,home,1,4-3-3,1,0,24,378826,Filip Beckman,Substitute,0,0,0,-1,,,,0,0,-1,,,,2025-10-20 05:19:51
13086,726012,8222,home,1,4-3-3,1,0,22,378820,Anes Cardaklija,Substitute,0,0,0,-1,,,,0,0,-1,,,,2025-10-20 05:19:51
13086,726012,8222,home,1,4-3-3,1,0,27,357143,Anton Kurochkin,Substitute,0,0,0,-1,,,,0,0,-1,,,,2025-10-20 05:19:51
13086,726012,8222,home,1,4-3-3,1,0,11,334033,Edvin Becirovic,Substitute,0,1,400221,16,400221.0,3960.0,66',0,0,-1,,,,2025-10-20 05:19:51
13086,726012,8222,home,1,4-3-3,1,0,25,149765,Jonas Lindberg,Substitute,0,1,347031,10,347031.0,4920.0,82',0,0,-1,,,,2025-10-20 05:19:51
13086,726012,8222,home,1,4-3-3,1,0,28,235766,Lucas Hedlund,Substitute,0,1,308726,19,308726.0,4980.0,83',0,0,-1,,,,2025-10-20 05:19:51
13086,726012,8222,home,1,4-3-3,1,0,18,313931,Kevin Holmén,Substitute,0,1,378811,7,378811.0,3480.0,58',0,0,-1,,,,2025-10-20 05:19:51
13086,726012,2339,away,0,4-3-3,1,1,45,219533,Filip Manojlovic,Goalkeeper,1,0,0,-1,,,,1,203266,35,203266.0,2700.0,45',2025-10-20 05:19:51
13086,726012,2339,away,0,4-3-3,1,1,12,357136,Theo Bergvall,Right Back,2,0,0,-1,,,,1,378837,22,378837.0,2700.0,45',2025-10-20 05:19:51
13086,726012,2339,away,0,4-3-3,1,1,27,371596,Keita Kosugi,Left Back,3,0,0,-1,,,,0,0,-1,,,,2025-10-20 05:19:51
13086,726012,2339,away,0,4-3-3,1,1,17,250697,Mikkel Anderson,Center Midfielder,4,0,0,-1,,,,1,372767,11,372767.0,5340.0,89',2025-10-20 05:19:51
13086,726012,2339,away,0,4-3-3,1,1,5,289721,Miro Tenho,Center Right Defender,5,0,0,-1,,,,0,0,-1,,,,2025-10-20 05:19:51
13086,726012,2339,away,0,4-3-3,1,1,3,172855,Marcus Danielson,Center Left Defender,6,0,0,-1,,,,0,0,-1,,,,2025-10-20 05:19:51
13086,726012,2339,away,0,4-3-3,1,1,6,136911,Rasmus Schüller,Right Midfielder,7,0,0,-1,,,,1,120652,8,120652.0,4800.0,80',2025-10-20 05:19:51
13086,726012,2339,away,0,4-3-3,1,1,20,364226,Matias Siltanen,Left Midfielder,8,0,0,-1,,,,1,334021,13,334021.0,4860.0,81',2025-10-20 05:19:51
13086,726012,2339,away,0,4-3-3,1,1,9,330460,August Priske,Forward,9,0,0,-1,,,,0,0,-1,,,,2025-10-20 05:19:51
13086,726012,2339,away,0,4-3-3,1,1,18,269457,Adam Stahl,Right Forward,10,0,0,-1,,,,0,0,-1,,,,2025-10-20 05:19:51
13086,726012,2339,away,0,4-3-3,1,1,10,164556,Tokmac Nguen,Left Forward,11,0,0,-1,,,,0,0,-1,,,,2025-10-20 05:19:51
13086,726012,2339,away,0,4-3-3,1,0,22,378837,Patric Åslund,Substitute,0,1,357136,12,357136.0,2700.0,45',0,0,-1,,,,2025-10-20 05:19:51
13086,726012,2339,away,0,4-3-3,1,0,8,120652,Albin Ekdal,Substitute,0,1,136911,6,136911.0,4800.0,80',0,0,-1,,,,2025-10-20 05:19:51
13086,726012,2339,away,0,4-3-3,1,0,19,239166,Jeppe Okkels,Substitute,0,0,0,-1,,,,0,0,-1,,,,2025-10-20 05:19:51
13086,726012,2339,away,0,4-3-3,1,0,15,312383,Oskar Fallenius,Substitute,0,0,0,-1,,,,0,0,-1,,,,2025-10-20 05:19:51
13086,726012,2339,away,0,4-3-3,1,0,13,334021,Daniel Stensson,Substitute,0,1,364226,20,364226.0,4860.0,81',0,0,-1,,,,2025-10-20 05:19:51
13086,726012,2339,away,0,4-3-3,1,0,35,203266,Jacob Rinne,Substitute,0,1,219533,45,219533.0,2700.0,45',0,0,-1,,,,2025-10-20 05:19:51
13086,726012,2339,away,0,4-3-3,1,0,2,205729,Piotr Johansson,Substitute,0,0,0,-1,,,,0,0,-1,,,,2025-10-20 05:19:51
13086,726012,2339,away,0,4-3-3,1,0,4,237053,Jacob Une,Substitute,0,0,0,-1,,,,0,0,-1,,,,2025-10-20 05:19:51
13086,726012,2339,away,0,4-3-3,1,0,11,372767,Zakaria Sawo,Substitute,0,1,250697,17,250697.0,5340.0,89',0,0,-1,,,,2025-10-20 05:19:51
13086,726013,2495,home,1,4-3-1-2,1,1,1,170727,Warner Hahn,Goalkeeper,1,0,0,-1,,,,0,0,-1,,,,2025-10-20 05:19:51
13086,726013,2495,home,1,4-3-1-2,1,1,17,313464,Ibrahim Fofana,Right Back,2,0,0,-1,,,,1,382504,2,382504.0,4380.0,73',2025-11-11 06:10:14
13086,726013,2495,home,1,4-3-1-2,1,1,3,272714,Frederik Winther,Left Back,3,0,0,-1,,,,0,0,-1,,,,2025-10-20 05:19:51
13086,726013,2495,home,1,4-3-1-2,1,1,5,218436,Tesfaldet Tekie,Center Midfielder,4,0,0,-1,,,,1,269195,21,269195.0,5400.0,90'+2',2025-10-20 05:19:51
13086,726013,2495,home,1,4-3-1-2,1,1,4,334038,Victor Eriksson,Center Right Defender,5,0,0,-1,,,,0,0,-1,,,,2025-10-20 05:19:51
13086,726013,2495,home,1,4-3-1-2,1,1,6,249160,Pavle Vagic,Center Left Defender,6,0,0,-1,,,,0,0,-1,,,,2025-10-20 05:19:51
13086,726013,2495,home,1,4-3-1-2,1,1,8,22967,Markus Karlsson,Right Midfielder,7,0,0,-1,,,,0,0,-1,,,,2025-10-20 05:19:51
13086,726013,2495,home,1,4-3-1-2,1,1,20,143585,Nahir Besara,Attacking Midfielder,8,0,0,-1,,,,0,0,-1,,,,2025-10-20 05:19:51
13086,726013,2495,home,1,4-3-1-2,1,1,26,312880,Montader Madjed,Center Right Forward,9,0,0,-1,,,,1,378936,23,378936.0,4800.0,80',2025-10-20 05:19:51
13086,726013,2495,home,1,4-3-1-2,1,1,7,303670,Paulos Abraham,Midfielder,10,0,0,-1,,,,1,344869,28,344869.0,5400.0,90'+3',2025-10-20 05:19:51
13086,726013,2495,home,1,4-3-1-2,1,1,15,380970,Adrian Lahdo,Left Midfielder,11,0,0,-1,,,,1,205374,11,205374.0,4380.0,73',2025-10-20 05:19:51
13086,726013,2495,home,1,4-3-1-2,1,0,28,344869,Frank Junior Adjei,,0,1,303670,7,303670.0,5400.0,90'+3',0,0,-1,,,,2025-10-20 05:19:51
13086,726013,2495,home,1,4-3-1-2,1,0,27,301372,Felix Jakobsson,,0,0,0,-1,,,,0,0,-1,,,,2025-10-20 05:19:51
13086,726013,2495,home,1,4-3-1-2,1,0,29,359099,Elohim Kaboré,,0,0,0,-1,,,,0,0,-1,,,,2025-10-20 05:19:51
13086,726013,2495,home,1,4-3-1-2,1,0,21,269195,Simon Strand,,0,1,218436,5,218436.0,5400.0,90'+2',0,0,-1,,,,2025-10-20 05:19:51
13086,726013,2495,home,1,4-3-1-2,1,0,23,378936,Obilor Okeke,,0,1,312880,26,312880.0,4800.0,80',0,0,-1,,,,2025-10-20 05:19:51
13086,726013,2495,home,1,4-3-1-2,1,0,11,205374,Oscar Johansson Schellhas,,0,1,380970,15,380970.0,4380.0,73',0,0,-1,,,,2025-10-20 05:19:51
13086,726013,2495,home,1,4-3-1-2,1,0,2,382504,Hampus Skoglund,,0,1,313464,17,313464.0,4380.0,73',0,0,-1,,,,2025-10-20 05:19:51
13086,726013,2495,home,1,4-3-1-2,1,0,19,308433,Nikola Vasic,,0,0,0,-1,,,,0,0,-1,,,,2025-10-20 05:19:51
13086,726013,994,away,0,5-4-1,1,1,15,133993,Kristoffer Nordfeldt,Goalkeeper,1,0,0,-1,,,,0,0,-1,,,,2025-10-20 05:19:51
13086,726013,994,away,0,5-4-1,1,1,17,229692,Mads Thychosen,Right Back,2,0,0,-1,,,,1,406317,46,406317.0,4260.0,71',2025-10-20 05:19:51
13086,726013,994,away,0,5-4-1,1,1,36,407059,Zadok Yohanna,Left Back,3,0,0,-1,,,,1,409815,48,409815.0,4260.0,71',2025-10-20 05:19:51
13086,726013,994,away,0,5-4-1,1,1,14,356382,Fredrik Nissen,Center Left Defender,4,0,0,-1,,,,0,0,-1,,,,2025-10-20 05:19:51
13086,726013,994,away,0,5-4-1,1,1,4,223140,Sotiris Papagiannopoulos,Center Defender,5,0,0,-1,,,,0,0,-1,,,,2025-10-20 05:19:51
13086,726013,994,away,0,5-4-1,1,1,33,322466,Áron Csongvai,Center Right Defender,6,0,0,-1,,,,0,0,-1,,,,2025-10-20 05:19:51
13086,726013,994,away,0,5-4-1,1,1,45,347636,Taha Ayari,Right Midfielder,7,0,0,-1,,,,0,0,-1,,,,2025-10-20 05:19:51
13086,726013,994,away,0,5-4-1,1,1,7,193105,Anton Saletros,Center Right Midfielder,8,0,0,-1,,,,0,0,-1,,,,2025-10-20 05:19:51
13086,726013,994,away,0,5-4-1,1,1,20,364726,Erik Flataker,Forward,9,0,0,-1,,,,1,406318,29,406318.0,4860.0,81',2025-10-20 05:19:51
13086,726013,994,away,0,5-4-1,1,1,18,357135,Abdihakim Ali,Center Left Midfielder,10,0,0,-1,,,,1,346655,47,346655.0,5400.0,90'+2',2025-10-20 05:19:51
13086,726013,994,away,0,5-4-1,1,1,8,236162,Johan Hove,Left Midfielder,11,0,0,-1,,,,1,146893,11,146893.0,4860.0,81',2025-10-20 05:19:51
13086,726013,994,away,0,5-4-1,1,0,48,409815,Axel Kouame,Substitute,0,1,407059,36,407059.0,4260.0,71',0,0,-1,,,,2025-10-20 05:19:51
13086,726013,994,away,0,5-4-1,1,0,41,412892,Ladji Camara,Substitute,0,0,0,-1,,,,0,0,-1,,,,2025-10-20 05:19:51
13086,726013,994,away,0,5-4-1,1,0,11,146893,John Guidetti,Substitute,0,1,236162,8,236162.0,4860.0,81',0,0,-1,,,,2025-10-20 05:19:51
13086,726013,994,away,0,5-4-1,1,0,30,218410,Kalle Joelsson,Substitute,0,0,0,-1,,,,0,0,-1,,,,2025-10-20 05:19:51
13086,726013,994,away,0,5-4-1,1,0,32,222606,Filip Benkovic,Substitute,0,0,0,-1,,,,0,0,-1,,,,2025-10-20 05:19:51
13086,726013,994,away,0,5-4-1,1,0,47,346655,Alexander Fesshaie,Substitute,0,1,357135,18,357135.0,5400.0,90'+2',0,0,-1,,,,2025-10-20 05:19:51
13086,726013,994,away,0,5-4-1,1,0,46,406317,Yannick Geiger,Substitute,0,1,229692,17,229692.0,4260.0,71',0,0,-1,,,,2025-10-20 05:19:51
13086,726013,994,away,0,5-4-1,1,0,29,406318,Kevin Filling,Substitute,0,1,364726,20,364726.0,4860.0,81',0,0,-1,,,,2025-10-20 05:19:51
13086,726014,7834,home,0,4-4-2,1,1,1,177546,Andreas Linde,Goalkeeper,1,0,0,-1,,,,0,0,-1,,,,2025-10-19 05:19:20
13086,726014,7834,home,0,4-4-2,1,1,11,378812,Julius Lindberg,Right Back,2,0,0,-1,,,,1,366829,29,366829.0,4920.0,82',2025-10-19 05:19:20
13086,726014,7834,home,0,4-4-2,1,1,21,194293,Adam Lundkvist,Left Back,3,0,0,-1,,,,0,0,-1,,,,2025-10-19 05:19:20
13086,726014,7834,home,0,4-4-2,1,1,8,355408,Silas Andersen,Center Right Midfielder,4,0,0,-1,,,,1,356369,15,356369.0,4860.0,81',2025-10-19 05:19:20
13086,726014,7834,home,0,4-4-2,1,1,4,271086,Marius Lode,Center Right Defender,5,0,0,-1,,,,0,0,-1,,,,2025-10-19 05:19:20
13086,726014,7834,home,0,4-4-2,1,1,22,165722,Filip Helander,Center Left Defender,6,0,0,-1,,,,0,0,-1,,,,2025-10-19 05:19:20
13086,726014,7834,home,0,4-4-2,1,1,20,407050,Adrian Svanbäck,Right Midfielder,7,0,0,-1,,,,0,0,-1,,,,2025-10-19 05:19:20
13086,726014,7834,home,0,4-4-2,1,1,14,185916,Simon Gustafson,Center Left Midfielder,8,0,0,-1,,,,0,0,-1,,,,2025-10-19 05:19:20
13086,726014,7834,home,0,4-4-2,1,1,39,364749,Isak Brusberg,Center Left Forward,9,0,0,-1,,,,1,366143,19,366143.0,4500.0,75',2025-10-19 05:19:20
13086,726014,7834,home,0,4-4-2,1,1,10,239184,Mikkel Rygaard,Center Right Forward,10,0,0,-1,,,,0,0,-1,,,,2025-10-19 05:19:20
13086,726014,7834,home,0,4-4-2,1,1,18,357023,Danilo Al-Saed,Left Midfielder,11,0,0,-1,,,,1,206253,5,206253.0,3960.0,66',2025-10-19 05:19:20
13086,726014,7834,home,0,4-4-2,1,0,16,357139,Pontus Dahbo,Substitute,0,0,0,-1,,,,0,0,-1,,,,2025-10-19 05:19:20
13086,726014,7834,home,0,4-4-2,1,0,32,121827,Oscar Jansson,Substitute,0,0,0,-1,,,,0,0,-1,,,,2025-10-19 05:19:20
13086,726014,7834,home,0,4-4-2,1,0,44,393324,Harry Hilvenius,Substitute,0,0,0,-1,,,,0,0,-1,,,,2025-10-19 05:19:20
13086,726014,7834,home,0,4-4-2,1,0,29,366829,Severin Nioule,Substitute,0,1,378812,11,378812.0,4920.0,82',0,0,-1,,,,2025-10-19 05:19:20
13086,726014,7834,home,0,4-4-2,1,0,19,366143,John Paul Dembe,Substitute,0,1,364749,39,364749.0,4500.0,75',0,0,-1,,,,2025-10-19 05:19:20
13086,726014,7834,home,0,4-4-2,1,0,15,356369,Samuel Leach Holm,Substitute,0,1,355408,8,355408.0,4860.0,81',0,0,-1,,,,2025-10-19 05:19:20
13086,726014,7834,home,0,4-4-2,1,0,7,343960,Sanders Ngabo,Substitute,0,0,0,-1,,,,0,0,-1,,,,2025-10-19 05:19:20
13086,726014,7834,home,0,4-4-2,1,0,23,336672,Olle Samuelsson,Substitute,0,0,0,-1,,,,0,0,-1,,,,2025-10-19 05:19:20
13086,726014,7834,home,0,4-4-2,1,0,5,206253,Brice Wembangomo,Substitute,0,1,357023,18,357023.0,3960.0,66',0,0,-1,,,,2025-10-19 05:19:20
13086,726014,8547,away,0,4-2-3-1,1,1,34,325348,David Celic,Goalkeeper,1,0,0,-1,,,,0,0,-1,,,,2025-10-19 05:19:20
13086,726014,8547,away,0,4-2-3-1,1,1,2,235919,Henrik Castegren,Right Back,2,0,0,-1,,,,0,0,-1,,,,2025-10-19 05:19:20
13086,726014,8547,away,0,4-2-3-1,1,1,22,243517,Oscar Krusnell,Left Back,3,0,0,-1,,,,0,0,-1,,,,2025-10-19 05:19:20
13086,726014,8547,away,0,4-2-3-1,1,1,17,15527,Marcus Lindberg,Left Midfielder,4,0,0,-1,,,,0,0,-1,,,,2025-10-19 05:19:20
13086,726014,8547,away,0,4-2-3-1,1,1,15,186504,Simon Sandberg,Center Right Defender,5,0,0,-1,,,,0,0,-1,,,,2025-10-19 05:19:20
13086,726014,8547,away,0,4-2-3-1,1,1,4,366597,Tobias Anker,Center Left Defender,6,0,0,-1,,,,0,0,-1,,,,2025-10-19 05:19:20
13086,726014,8547,away,0,4-2-3-1,1,1,7,22706,Joakim Persson,Attacking Midfielder Right,7,0,0,-1,,,,1,309271,19,309271.0,3840.0,64',2025-10-19 05:19:20
13086,726014,8547,away,0,4-2-3-1,1,1,10,358564,Melker Heier,Right Midfielder,8,0,0,-1,,,,0,0,-1,,,,2025-10-19 05:19:20
13086,726014,8547,away,0,4-2-3-1,1,1,9,322993,Robbie Ure,Forward,9,0,0,-1,,,,0,0,-1,,,,2025-10-19 05:19:20
13086,726014,8547,away,0,4-2-3-1,1,1,14,323176,Leo Walta,Attacking Midfielder,10,0,0,-1,,,,0,0,-1,,,,2025-10-19 05:19:20
13086,726014,8547,away,0,4-2-3-1,1,1,29,344867,Isak Bjerkebo,Attacking Midfielder Left,11,0,0,-1,,,,1,401059,24,401059.0,5280.0,88',2025-10-19 05:19:20
13086,726014,8547,away,0,4-2-3-1,1,0,3,299250,Bogdan Milovanov,Substitute,0,0,0,-1,,,,0,0,-1,,,,2025-10-19 05:19:20
13086,726014,8547,away,0,4-2-3-1,1,0,13,298341,Jakob Voelkerling Persson,Substitute,0,0,0,-1,,,,0,0,-1,,,,2025-10-19 05:19:20
13086,726014,8547,away,0,4-2-3-1,1,0,24,401059,Victor Svensson,Substitute,0,1,344867,29,344867.0,5280.0,88',0,0,-1,,,,2025-10-19 05:19:20
13086,726014,8547,away,0,4-2-3-1,1,0,8,379166,Matthias Nartey,Substitute,0,0,0,-1,,,,0,0,-1,,,,2025-10-19 05:19:20
13086,726014,8547,away,0,4-2-3-1,1,0,5,25076,Tobias Carlsson,Substitute,0,0,0,-1,,,,0,0,-1,,,,2025-10-19 05:19:20
13086,726014,8547,away,0,4-2-3-1,1,0,21,235518,Dennis Widgren,Substitute,0,0,0,-1,,,,0,0,-1,,,,2025-10-19 05:19:20
13086,726014,8547,away,0,4-2-3-1,1,0,18,315677,Adam Wikman,Substitute,0,0,0,-1,,,,0,0,-1,,,,2025-10-19 05:19:20
13086,726014,8547,away,0,4-2-3-1,1,0,1,313973,Ismael Diawara,Substitute,0,0,0,-1,,,,0,0,-1,,,,2025-10-19 05:19:20
13086,726014,8547,away,0,4-2-3-1,1,0,19,309271,Noel Milleskog,Substitute,0,1,22706,7,22706.0,3840.0,64',0,0,-1,,,,2025-10-19 05:19:20
13086,726015,2556,home,0,4-3-3,1,1,25,359784,Elis Bishesari,Goalkeeper,1,0,0,-1,,,,0,0,-1,,,,2025-10-21 05:14:31
13086,726015,2556,home,0,4-3-3,1,1,18,349811,Felix Eriksson,Right Back,2,0,0,-1,,,,0,0,-1,,,,2025-10-21 05:14:31
13086,726015,2556,home,0,4-3-3,1,1,22,383948,Noah Tolf,Left Back,3,0,0,-1,,,,0,0,-1,,,,2025-10-21 05:14:31
13086,726015,2556,home,0,4-3-3,1,1,15,307947,David Kruse,Center Midfielder,4,0,0,-1,,,,0,0,-1,,,,2025-10-21 05:14:31
13086,726015,2556,home,0,4-3-3,1,1,13,83736,Gustav Svensson,Center Right Defender,5,0,0,-1,,,,0,0,-1,,,,2025-10-21 05:14:31
13086,726015,2556,home,0,4-3-3,1,1,3,241163,August Erlingmark,Center Left Defender,6,0,0,-1,,,,0,0,-1,,,,2025-10-21 05:14:31
13086,726015,2556,home,0,4-3-3,1,1,8,297985,Imam Jagne,Right Midfielder,7,0,0,-1,,,,0,0,-1,,,,2025-10-21 05:14:31
13086,726015,2556,home,0,4-3-3,1,1,14,219163,Tobias Heintz,Left Midfielder,8,0,0,-1,,,,0,0,-1,,,,2025-10-21 05:14:31
13086,726015,2556,home,0,4-3-3,1,1,9,303768,Max Fenger,Forward,9,0,0,-1,,,,0,0,-1,,,,2025-10-21 05:14:31
13086,726015,2556,home,0,4-3-3,1,1,29,343958,Thomas Santos,Right Forward,10,0,0,-1,,,,0,0,-1,,,,2025-10-21 05:14:31
13086,726015,2556,home,0,4-3-3,1,1,11,297099,Saidou Alioum Moubarak,Left Forward,11,0,0,-1,,,,0,0,-1,,,,2025-10-21 05:14:31
13086,726015,2556,home,0,4-3-3,1,0,16,343826,Linus Carlstrand,Substitute,0,0,0,-1,,,,0,0,-1,,,,2025-10-21 05:14:31
13086,726015,2556,home,0,4-3-3,1,0,1,235504,Pontus Dahlberg,Substitute,0,0,0,-1,,,,0,0,-1,,,,2025-10-21 05:14:31
13086,726015,2556,home,0,4-3-3,1,0,10,222784,Ramon Pascal Lundqvist,Substitute,0,0,0,-1,,,,0,0,-1,,,,2025-10-21 05:14:31
13086,726015,2556,home,0,4-3-3,1,0,4,366598,Rockson Yeboah,Substitute,0,0,0,-1,,,,0,0,-1,,,,2025-10-21 05:14:31
13086,726015,2556,home,0,4-3-3,1,0,33,367361,Vilmer Tyren,Substitute,0,0,0,-1,,,,0,0,-1,,,,2025-10-21 05:14:31
13086,726015,2556,home,0,4-3-3,1,0,26,380238,Benjamin Brantlind,Substitute,0,0,0,-1,,,,0,0,-1,,,,2025-10-21 05:14:31
13086,726015,2556,home,0,4-3-3,1,0,27,401205,Alfons Borén,Substitute,0,0,0,-1,,,,0,0,-1,,,,2025-10-21 05:14:31
13086,726015,20301,away,1,3-4-3,1,1,1,301377,Noel Törnqvist,Goalkeeper,1,0,0,-1,,,,0,0,-1,,,,2025-10-21 05:14:31
13086,726015,20301,away,1,3-4-3,1,1,14,312876,Herman Johansson,Right Midfielder,2,0,0,-1,,,,0,0,-1,,,,2025-10-21 05:14:31
13086,726015,20301,away,1,3-4-3,1,1,11,269109,Timo Stavitski,Left Midfielder,3,0,0,-1,,,,0,0,-1,,,,2025-10-21 05:14:31
13086,726015,20301,away,1,3-4-3,1,1,24,172917,Tom Pettersson,Center Left Defender,4,0,0,-1,,,,0,0,-1,,,,2025-10-21 05:14:31
13086,726015,20301,away,1,3-4-3,1,1,4,306289,Axel Norén,Center Defender,5,0,0,-1,,,,0,0,-1,,,,2025-10-21 05:14:31
13086,726015,20301,away,1,3-4-3,1,1,5,356281,Abdullah Iqbal,Center Right Defender,6,0,0,-1,,,,0,0,-1,,,,2025-10-21 05:14:31
13086,726015,20301,away,1,3-4-3,1,1,22,192793,Jesper Gustavsson,Center Right Midfielder,7,0,0,-1,,,,0,0,-1,,,,2025-10-21 05:14:31
13086,726015,20301,away,1,3-4-3,1,1,19,380320,Abdoulie Manneh,Center Left Midfielder,8,0,0,-1,,,,0,0,-1,,,,2025-10-21 05:14:31
13086,726015,20301,away,1,3-4-3,1,1,18,293925,Jacob Bergstrom,Forward,9,0,0,-1,,,,0,0,-1,,,,2025-10-21 05:14:31
13086,726015,20301,away,1,3-4-3,1,1,7,303651,Viktor Gustafson,Center Right Forward,10,0,0,-1,,,,0,0,-1,,,,2025-10-21 05:14:31
13086,726015,20301,away,1,3-4-3,1,1,17,357145,Elliot Stroud,Center Left Forward,11,0,0,-1,,,,0,0,-1,,,,2025-10-21 05:14:31
13086,726015,20301,away,1,3-4-3,1,0,15,361860,Bork Bang-Kittilsen,Substitute,0,0,0,-1,,,,0,0,-1,,,,2025-10-21 05:14:31
13086,726015,20301,away,1,3-4-3,1,0,39,389637,Romeo Leandersson,Substitute,0,0,0,-1,,,,0,0,-1,,,,2025-10-21 05:14:31
13086,726015,20301,away,1,3-4-3,1,0,3,382147,Christian Tchouante,Substitute,0,0,0,-1,,,,0,0,-1,,,,2025-10-21 05:14:31
13086,726015,20301,away,1,3-4-3,1,0,26,357118,Uba Charles,Substitute,0,0,0,-1,,,,0,0,-1,,,,2025-10-21 05:14:31
13086,726015,20301,away,1,3-4-3,1,0,6,356408,Ludwig Malachowski,Substitute,0,0,0,-1,,,,0,0,-1,,,,2025-10-21 05:14:31
13086,726015,20301,away,1,3-4-3,1,0,27,346501,Ludvig Tidstrand,Substitute,0,0,0,-1,,,,0,0,-1,,,,2025-10-21 05:14:31
13086,726015,20301,away,1,3-4-3,1,0,35,151931,Alexander Lundin,Substitute,0,0,0,-1,,,,0,0,-1,,,,2025-10-21 05:14:31
13086,726015,20301,away,1,3-4-3,1,0,10,305758,Jeppe Kjaer Jensen,Substitute,0,0,0,-1,,,,0,0,-1,,,,2025-10-21 05:14:31
13086,726015,20301,away,1,3-4-3,1,0,16,301382,Alexander Johansson,Substitute,0,0,0,-1,,,,0,0,-1,,,,2025-10-21 05:14:31
13086,726016,8544,home,0,4-3-3,1,1,40,19242,David Andersson,Goalkeeper,1,0,0,-1,,,,0,0,-1,,,,2025-10-19 05:19:20
13086,726016,8544,home,0,4-3-3,1,1,37,345975,Moutaz Neffati,Right Back,2,0,0,-1,,,,0,0,-1,,,,2025-10-19 05:19:20
13086,726016,8544,home,0,4-3-3,1,1,17,409648,Abdoulie Tamba,Left Back,3,0,0,-1,,,,1,286930,11,286930.0,3720.0,62',2025-10-19 05:19:20
13086,726016,8544,home,0,4-3-3,1,1,25,364988,Kevin Höög Jansson,Center Midfielder,4,0,0,-1,,,,0,0,-1,,,,2025-10-19 05:19:20
13086,726016,8544,home,0,4-3-3,1,1,4,356374,Amadeus Sögaard,Center Right Defender,5,0,0,-1,,,,0,0,-1,,,,2025-10-19 05:19:20
13086,726016,8544,home,0,4-3-3,1,1,19,238431,Max Watson,Center Left Defender,6,0,0,-1,,,,0,0,-1,,,,2025-10-19 05:19:20
13086,726016,8544,home,0,4-3-3,1,1,7,232279,Alexander Fransson,Right Midfielder,7,0,0,-1,,,,1,400219,18,400219.0,4980.0,83',2025-10-19 05:19:20
13086,726016,8544,home,0,4-3-3,1,1,9,230353,Arnór Traustason,Left Midfielder,8,0,0,-1,,,,0,0,-1,,,,2025-10-19 05:19:20
13086,726016,8544,home,0,4-3-3,1,1,5,158978,Christoffer Nyman,Forward,9,0,0,-1,,,,0,0,-1,,,,2025-10-19 05:19:20
13086,726016,8544,home,0,4-3-3,1,1,22,287215,Tim Prica,Right Forward,10,0,0,-1,,,,1,306290,14,306290.0,5340.0,89',2025-10-19 05:19:20
13086,726016,8544,home,0,4-3-3,1,1,8,321404,Ísak Andri Sigurgeirsson,Left Forward,11,0,0,-1,,,,0,0,-1,,,,2025-10-19 05:19:20
13086,726016,8544,home,0,4-3-3,1,0,28,389749,Åke Andersson,Substitute,0,0,0,-1,,,,0,0,-1,,,,2025-10-19 05:19:20
13086,726016,8544,home,0,4-3-3,1,0,11,286930,Ismet Lushaku,Substitute,0,1,409648,17,409648.0,3720.0,62',0,0,-1,,,,2025-10-19 05:19:20
13086,726016,8544,home,0,4-3-3,1,0,14,306290,Yahya Kalley,Substitute,0,1,287215,22,287215.0,5340.0,89',0,0,-1,,,,2025-10-19 05:19:20
13086,726016,8544,home,0,4-3-3,1,0,30,380189,Theo Krantz,Substitute,0,0,0,-1,,,,0,0,-1,,,,2025-10-19 05:19:20
13086,726016,8544,home,0,4-3-3,1,0,18,400219,Jónatan Gudni Arnarsson,Substitute,0,1,232279,7,232279.0,4980.0,83',0,0,-1,,,,2025-10-19 05:19:20
13086,726016,8544,home,0,4-3-3,1,0,31,329668,Jesper Lindvall,Substitute,0,0,0,-1,,,,0,0,-1,,,,2025-10-19 05:19:20
13086,726016,8544,home,0,4-3-3,1,0,20,400367,Axel Brönner,Substitute,0,0,0,-1,,,,0,0,-1,,,,2025-10-19 05:19:20
13086,726016,8544,home,0,4-3-3,1,0,24,334015,Anton Eriksson,Substitute,0,0,0,-1,,,,0,0,-1,,,,2025-10-19 05:19:20
13086,726016,8544,home,0,4-3-3,1,0,45,409804,Christoffer Petersen,Substitute,0,0,0,-1,,,,0,0,-1,,,,2025-10-19 05:19:20
13086,726016,2720,away,1,4-4-2,1,1,30,178176,Robin Olsen,Goalkeeper,1,0,0,-1,,,,0,0,-1,,,,2025-10-19 05:19:20
13086,726016,2720,away,1,4-4-2,1,1,17,193186,Jens Stryger Larsen,Right Back,2,0,0,-1,,,,0,0,-1,,,,2025-10-19 05:19:20
13086,726016,2720,away,1,4-4-2,1,1,13,75987,Martin Olsson,Left Back,3,0,0,-1,,,,1,301219,25,301219.0,3720.0,62',2025-10-19 05:19:20
13086,726016,2720,away,1,4-4-2,1,1,37,364698,Adrian Skogmar,Center Right Midfielder,4,0,0,-1,,,,0,0,-1,,,,2025-10-19 05:19:20
13086,726016,2720,away,1,4-4-2,1,1,18,135579,Pontus Jansson,Center Right Defender,5,0,0,-1,,,,0,0,-1,,,,2025-10-19 05:19:20
13086,726016,2720,away,1,4-4-2,1,1,19,279135,Colin Rösler,Center Left Defender,6,0,0,-1,,,,0,0,-1,,,,2025-10-19 05:19:20
13086,726016,2720,away,1,4-4-2,1,1,38,330239,Hugo Bolin,Right Midfielder,7,0,0,-1,,,,1,194453,21,194453.0,5280.0,88',2025-10-19 05:19:20
13086,726016,2720,away,1,4-4-2,1,1,7,315679,Otto Rosengren,Center Left Midfielder,8,0,0,-1,,,,0,0,-1,,,,2025-10-19 05:19:20
13086,726016,2720,away,1,4-4-2,1,1,16,138055,Oliver Berg,Center Left Forward,9,0,0,-1,,,,1,162738,6,162738.0,5280.0,88',2025-10-19 05:19:20
13086,726016,2720,away,1,4-4-2,1,1,11,308880,Emmanuel Ekong,Center Right Forward,10,0,0,-1,,,,1,360023,32,360023.0,5220.0,87',2025-10-19 05:19:20
13086,726016,2720,away,1,4-4-2,1,1,29,218450,Sead Haksabanovic,Left Midfielder,11,0,0,-1,,,,1,314164,22,314164.0,4140.0,69',2025-10-19 05:19:20
13086,726016,2720,away,1,4-4-2,1,0,33,307800,Melker Ellborg,Substitute,0,0,0,-1,,,,0,0,-1,,,,2025-10-19 05:19:20
13086,726016,2720,away,1,4-4-2,1,0,21,194453,Stefano Vecchia,Substitute,0,1,330239,38,330239.0,5280.0,88',0,0,-1,,,,2025-10-19 05:19:20
13086,726016,2720,away,1,4-4-2,1,0,40,381395,Kenan Busuladzic,Substitute,0,0,0,-1,,,,0,0,-1,,,,2025-10-19 05:19:20
13086,726016,2720,away,1,4-4-2,1,0,32,360023,Daniel Gudjohnsen,Substitute,0,1,308880,11,308880.0,5220.0,87',0,0,-1,,,,2025-10-19 05:19:20
13086,726016,2720,away,1,4-4-2,1,0,15,346284,Salifou Soumah,Substitute,0,0,0,-1,,,,0,0,-1,,,,2025-10-19 05:19:20
13086,726016,2720,away,1,4-4-2,1,0,22,314164,Taha Ali,Substitute,0,1,218450,29,218450.0,4140.0,69',0,0,-1,,,,2025-10-19 05:19:20
13086,726016,2720,away,1,4-4-2,1,0,5,312108,Andrej Duric,Substitute,0,0,0,-1,,,,0,0,-1,,,,2025-10-19 05:19:20
13086,726016,2720,away,1,4-4-2,1,0,25,301219,Busanello,Substitute,0,1,75987,13,75987.0,3720.0,62',0,0,-1,,,,2025-10-19 05:19:20
13086,726016,2720,away,1,4-4-2,1,0,6,162738,Oscar Lewicki,Substitute,0,1,138055,16,138055.0,5280.0,88',0,0,-1,,,,2025-10-19 05:19:20
13086,726017,21382,home,0,4-3-3,1,1,1,277177,Hugo Keto,Goalkeeper,1,0,0,-1,,,,0,0,-1,,,,2025-10-20 05:19:51
13086,726017,21382,home,0,4-3-3,1,1,5,334035,Victor Larsson,Right Back,2,0,0,-1,,,,0,0,-1,,,,2025-10-20 05:19:51
13086,726017,21382,home,0,4-3-3,1,1,3,272272,Axel Björnström,Left Back,3,0,0,-1,,,,0,0,-1,,,,2025-10-20 05:19:51
13086,726017,21382,home,0,4-3-3,1,1,11,187920,Kent-Are Antonsen,Center Midfielder,4,0,0,-1,,,,0,0,-1,,,,2025-10-20 05:19:51
13086,726017,21382,home,0,4-3-3,1,1,4,383897,Rufai Mohammed,Center Right Defender,5,0,0,-1,,,,0,0,-1,,,,2025-10-20 05:19:51
13086,726017,21382,home,0,4-3-3,1,1,27,159526,Souleymane Coulibaly,Center Left Defender,6,0,0,-1,,,,1,357202,24,357202.0,2700.0,45',2025-10-20 05:19:51
13086,726017,21382,home,0,4-3-3,1,1,25,312873,Noah Shamoun,Right Midfielder,7,0,0,-1,,,,1,153631,14,153631.0,2700.0,45',2025-10-20 05:19:51
13086,726017,21382,home,0,4-3-3,1,1,22,158993,Simon Thern,Left Midfielder,8,0,0,-1,,,,1,386317,16,386317.0,4140.0,69',2025-10-20 05:19:51
13086,726017,21382,home,0,4-3-3,1,1,10,345479,Ajdin Zeljkovic,Forward,9,0,0,-1,,,,0,0,-1,,,,2025-10-20 05:19:51
13086,726017,21382,home,0,4-3-3,1,1,18,381397,Mohammad Alsalkhadi,Right Forward,10,0,0,-1,,,,1,341437,9,341437.0,4140.0,69',2025-10-20 05:19:51
13086,726017,21382,home,0,4-3-3,1,1,8,366595,Otso Liimatta,Left Forward,11,0,0,-1,,,,1,267616,6,267616.0,4980.0,83',2025-10-20 05:19:51
13086,726017,21382,home,0,4-3-3,1,0,6,267616,Hugo Andersson,Substitute,0,1,366595,8,366595.0,4980.0,83',0,0,-1,,,,2025-10-20 05:19:51
13086,726017,21382,home,0,4-3-3,1,0,14,153631,Marcus Antonsson,Substitute,0,1,312873,25,312873.0,2700.0,45',0,0,-1,,,,2025-10-20 05:19:51
13086,726017,21382,home,0,4-3-3,1,0,20,334028,Freddy Winsth,Substitute,0,0,0,-1,,,,0,0,-1,,,,2025-10-20 05:19:51
13086,726017,21382,home,0,4-3-3,1,0,39,341335,Viktor Andersson,Substitute,0,0,0,-1,,,,0,0,-1,,,,2025-10-20 05:19:51
13086,726017,21382,home,0,4-3-3,1,0,9,341437,Kai Meriluoto,Substitute,0,1,381397,18,381397.0,4140.0,69',0,0,-1,,,,2025-10-20 05:19:51
13086,726017,21382,home,0,4-3-3,1,0,24,357202,Emin Grozdanic,Substitute,0,1,159526,27,159526.0,2700.0,45',0,0,-1,,,,2025-10-20 05:19:51
13086,726017,21382,home,0,4-3-3,1,0,16,386317,Antonio Kujundzic,Substitute,0,1,158993,22,158993.0,4140.0,69',0,0,-1,,,,2025-10-20 05:19:51
13086,726017,21382,home,0,4-3-3,1,0,21,409583,Mamadou Cellou Diallo,Substitute,0,0,0,-1,,,,0,0,-1,,,,2025-10-20 05:19:51
13086,726017,8221,away,0,4-4-2,1,1,1,411584,John-Oliver Lacayo,Goalkeeper,1,0,0,-1,,,,0,0,-1,,,,2025-10-20 05:19:51
13086,726017,8221,away,0,4-4-2,1,1,21,302691,Alex Timossi Andersson,Right Back,2,0,0,-1,,,,1,347458,27,347458.0,4680.0,78',2025-10-20 05:19:51
13086,726017,8221,away,0,4-4-2,1,1,6,313932,Oliver Zandén,Left Back,3,0,0,-1,,,,0,0,-1,,,,2025-10-20 05:19:51
13086,726017,8221,away,0,4-4-2,1,1,5,251486,Serge-Junior Martinsson Ngouali,Center Right Midfielder,4,0,0,-1,,,,1,232670,20,232670.0,4680.0,78',2025-10-20 05:19:51
13086,726017,8221,away,0,4-4-2,1,1,28,195090,Isak Ssewankambo,Center Right Defender,5,0,0,-1,,,,0,0,-1,,,,2025-10-20 05:19:51
13086,726017,8221,away,0,4-4-2,1,1,3,162464,Even Hovland,Center Left Defender,6,0,0,-1,,,,0,0,-1,,,,2025-10-20 05:19:51
13086,726017,8221,away,0,4-4-2,1,1,19,243322,Daleho Irandust,Right Midfielder,7,0,0,-1,,,,1,208616,4,208616.0,5340.0,89',2025-10-20 05:19:51
13086,726017,8221,away,0,4-4-2,1,1,24,257624,Kevin Ackermann,Center Left Midfielder,8,0,0,-1,,,,0,0,-1,,,,2025-10-20 05:19:51
13086,726017,8221,away,0,4-4-2,1,1,30,386345,Lukas Björklund,Center Left Forward,9,0,0,-1,,,,0,0,-1,,,,2025-10-20 05:19:51
13086,726017,8221,away,0,4-4-2,1,1,23,399426,Ezekiel Alladoh,Center Right Forward,10,0,0,-1,,,,0,0,-1,,,,2025-10-20 05:19:51
13086,726017,8221,away,0,4-4-2,1,1,31,399423,Love Arrhov,Left Midfielder,11,0,0,-1,,,,1,320883,7,320883.0,4200.0,70',2025-10-20 05:19:51
13086,726017,8221,away,0,4-4-2,1,0,4,208616,Eric Bjorkander,Substitute,0,1,243322,19,243322.0,5340.0,89',0,0,-1,,,,2025-10-20 05:19:51
13086,726017,8221,away,0,4-4-2,1,0,41,412896,Philip Isaksson,Substitute,0,0,0,-1,,,,0,0,-1,,,,2025-10-20 05:19:51
13086,726017,8221,away,0,4-4-2,1,0,20,232670,Issiaga Camara,Substitute,0,1,251486,5,251486.0,4680.0,78',0,0,-1,,,,2025-10-20 05:19:51
13086,726017,8221,away,0,4-4-2,1,0,27,347458,Kaare Barslund,Substitute,0,1,302691,21,302691.0,4680.0,78',0,0,-1,,,,2025-10-20 05:19:51
13086,726017,8221,away,0,4-4-2,1,0,14,384107,Kamilcan Sever,Substitute,0,0,0,-1,,,,0,0,-1,,,,2025-10-20 05:19:51
13086,726017,8221,away,0,4-4-2,1,0,7,320883,Victor Lind,Substitute,0,1,399423,31,399423.0,4200.0,70',0,0,-1,,,,2025-10-20 05:19:51
13086,726017,8221,away,0,4-4-2,1,0,35,410909,Baba Apiiga,Substitute,0,0,0,-1,,,,0,0,-1,,,,2025-10-20 05:19:51
13086,726017,8221,away,0,4-4-2,1,0,37,410910,Oskar Jarde,Substitute,0,0,0,-1,,,,0,0,-1,,,,2025-10-20 05:19:51
13086,726017,8221,away,0,4-4-2,1,0,36,411166,Courage Otokwefor,Substitute,0,0,0,-1,,,,0,0,-1,,,,2025-10-20 05:19:51
13086,726018,994,home,0,5-4-1,1,1,15,133993,Kristoffer Nordfeldt,Goalkeeper,1,0,0,-1,,,,0,0,-1,,,,2025-10-27 05:16:32
13086,726018,994,home,0,5-4-1,1,1,17,229692,Mads Thychosen,Right Back,2,0,0,-1,,,,1,236162,8,236162.0,4800.0,80',2025-10-27 05:16:32
13086,726018,994,home,0,5-4-1,1,1,33,322466,Áron Csongvai,Left Back,3,0,0,-1,,,,0,0,-1,,,,2025-10-27 05:16:32
13086,726018,994,home,0,5-4-1,1,1,3,258904,Thomas Isherwood,Center Left Defender,4,0,0,-1,,,,0,0,-1,,,,2025-10-27 05:16:32
13086,726018,994,home,0,5-4-1,1,1,4,223140,Sotiris Papagiannopoulos,Center Defender,5,0,0,-1,,,,0,0,-1,,,,2025-10-27 05:16:32
13086,726018,994,home,0,5-4-1,1,1,32,222606,Filip Benkovic,Center Right Defender,6,0,0,-1,,,,1,356382,14,356382.0,4620.0,77',2025-10-27 05:16:32
13086,726018,994,home,0,5-4-1,1,1,19,237759,Dino Besirovic,Right Midfielder,7,0,0,-1,,,,0,0,-1,,,,2025-10-27 05:16:32
13086,726018,994,home,0,5-4-1,1,1,7,193105,Anton Saletros,Center Right Midfielder,8,0,0,-1,,,,0,0,-1,,,,2025-10-27 05:16:32
13086,726018,994,home,0,5-4-1,1,1,20,364726,Erik Flataker,Forward,9,0,0,-1,,,,1,146893,11,146893.0,5100.0,85',2025-10-27 05:16:32
13086,726018,994,home,0,5-4-1,1,1,18,357135,Abdihakim Ali,Center Left Midfielder,10,0,0,-1,,,,1,409815,48,409815.0,5100.0,85',2025-10-27 05:16:32
13086,726018,994,home,0,5-4-1,1,1,10,215152,Bersant Celina,Left Midfielder,11,0,0,-1,,,,1,347636,45,347636.0,5100.0,85',2025-10-27 05:16:32
13086,726018,994,home,0,5-4-1,1,0,29,406318,Kevin Filling,Substitute,0,0,0,-1,,,,0,0,-1,,,,2025-10-27 05:16:32
13086,726018,994,home,0,5-4-1,1,0,48,409815,Axel Kouame,Substitute,0,1,357135,18,357135.0,5100.0,85',0,0,-1,,,,2025-10-27 05:16:32
13086,726018,994,home,0,5-4-1,1,0,46,406317,Yannick Geiger,Substitute,0,0,0,-1,,,,0,0,-1,,,,2025-10-27 05:16:32
13086,726018,994,home,0,5-4-1,1,0,45,347636,Taha Ayari,Substitute,0,1,215152,10,215152.0,5100.0,85',0,0,-1,,,,2025-10-27 05:16:32
13086,726018,994,home,0,5-4-1,1,0,47,346655,Alexander Fesshaie,Substitute,0,0,0,-1,,,,0,0,-1,,,,2025-10-27 05:16:32
13086,726018,994,home,0,5-4-1,1,0,11,146893,John Guidetti,Substitute,0,1,364726,20,364726.0,5100.0,85',0,0,-1,,,,2025-10-27 05:16:32
13086,726018,994,home,0,5-4-1,1,0,8,236162,Johan Hove,Substitute,0,1,229692,17,229692.0,4800.0,80',0,0,-1,,,,2025-10-27 05:16:32
13086,726018,994,home,0,5-4-1,1,0,30,218410,Kalle Joelsson,Substitute,0,0,0,-1,,,,0,0,-1,,,,2025-10-27 05:16:32
13086,726018,994,home,0,5-4-1,1,0,14,356382,Fredrik Nissen,Substitute,0,1,222606,32,222606.0,4620.0,77',0,0,-1,,,,2025-10-27 05:16:32
13086,726018,7834,away,0,4-2-3-1,1,1,99,125312,Etrit Berisha,Goalkeeper,1,0,0,-1,,,,0,0,-1,,,,2025-10-27 05:16:32
13086,726018,7834,away,0,4-2-3-1,1,1,11,378812,Julius Lindberg,Right Back,2,0,0,-1,,,,0,0,-1,,,,2025-10-27 05:16:32
13086,726018,7834,away,0,4-2-3-1,1,1,21,194293,Adam Lundkvist,Left Back,3,0,0,-1,,,,1,271086,4,271086.0,2700.0,45',2025-10-27 05:16:32
13086,726018,7834,away,0,4-2-3-1,1,1,14,185916,Simon Gustafson,Left Midfielder,4,0,0,-1,,,,0,0,-1,,,,2025-10-27 05:16:32
13086,726018,7834,away,0,4-2-3-1,1,1,23,336672,Olle Samuelsson,Center Right Defender,5,0,0,-1,,,,1,206253,5,206253.0,4500.0,75',2025-10-27 05:16:32
13086,726018,7834,away,0,4-2-3-1,1,1,22,165722,Filip Helander,Center Left Defender,6,0,0,-1,,,,0,0,-1,,,,2025-10-27 05:16:32
13086,726018,7834,away,0,4-2-3-1,1,1,20,407050,Adrian Svanbäck,Attacking Midfielder Right,7,0,0,-1,,,,0,0,-1,,,,2025-10-27 05:16:32
13086,726018,7834,away,0,4-2-3-1,1,1,15,356369,Samuel Leach Holm,Right Midfielder,8,0,0,-1,,,,1,366143,19,366143.0,4560.0,76',2025-10-27 05:16:32
13086,726018,7834,away,0,4-2-3-1,1,1,39,364749,Isak Brusberg,Forward,9,0,0,-1,,,,1,357023,18,357023.0,1320.0,22',2025-10-27 05:16:32
13086,726018,7834,away,0,4-2-3-1,1,1,10,239184,Mikkel Rygaard,Attacking Midfielder,10,0,0,-1,,,,0,0,-1,,,,2025-10-27 05:16:32
13086,726018,7834,away,0,4-2-3-1,1,1,16,357139,Pontus Dahbo,Attacking Midfielder Left,11,0,0,-1,,,,1,271087,24,271087.0,3600.0,60',2025-10-27 05:16:32
13086,726018,7834,away,0,4-2-3-1,1,0,7,343960,Sanders Ngabo,Substitute,0,0,0,-1,,,,0,0,-1,,,,2025-10-27 05:16:32
13086,726018,7834,away,0,4-2-3-1,1,0,4,271086,Marius Lode,Substitute,0,1,194293,21,194293.0,2700.0,45',0,0,-1,,,,2025-10-27 05:16:32
13086,726018,7834,away,0,4-2-3-1,1,0,18,357023,Danilo Al-Saed,Substitute,0,1,364749,39,364749.0,1320.0,22',0,0,-1,,,,2025-10-27 05:16:32
13086,726018,7834,away,0,4-2-3-1,1,0,19,366143,John Paul Dembe,Substitute,0,1,356369,15,356369.0,4560.0,76',0,0,-1,,,,2025-10-27 05:16:32
13086,726018,7834,away,0,4-2-3-1,1,0,29,366829,Severin Nioule,Substitute,0,0,0,-1,,,,0,0,-1,,,,2025-10-27 05:16:32
13086,726018,7834,away,0,4-2-3-1,1,0,5,206253,Brice Wembangomo,Substitute,0,1,336672,23,336672.0,4500.0,75',0,0,-1,,,,2025-10-27 05:16:32
13086,726018,7834,away,0,4-2-3-1,1,0,44,393324,Harry Hilvenius,Substitute,0,0,0,-1,,,,0,0,-1,,,,2025-10-27 05:16:32
13086,726018,7834,away,0,4-2-3-1,1,0,1,177546,Andreas Linde,Substitute,0,0,0,-1,,,,0,0,-1,,,,2025-10-27 05:16:32
13086,726018,7834,away,0,4-2-3-1,1,0,24,271087,Amor Layouni,Substitute,0,1,357139,16,357139.0,3600.0,60',0,0,-1,,,,2025-10-27 05:16:32
13086,726019,8221,home,0,4-4-2,1,1,1,411584,John-Oliver Lacayo,Goalkeeper,1,0,0,-1,,,,0,0,-1,,,,2025-10-28 05:13:22
13086,726019,8221,home,0,4-4-2,1,1,21,302691,Alex Timossi Andersson,Right Back,2,0,0,-1,,,,0,0,-1,,,,2025-10-28 05:13:22
13086,726019,8221,home,0,4-4-2,1,1,6,313932,Oliver Zandén,Left Back,3,0,0,-1,,,,0,0,-1,,,,2025-10-28 05:13:22
13086,726019,8221,home,0,4-4-2,1,1,5,251486,Serge-Junior Martinsson Ngouali,Center Right Midfielder,4,0,0,-1,,,,1,134643,39,134643.0,4620.0,77',2025-10-28 05:13:22
13086,726019,8221,home,0,4-4-2,1,1,28,195090,Isak Ssewankambo,Center Right Defender,5,0,0,-1,,,,0,0,-1,,,,2025-10-28 05:13:22
13086,726019,8221,home,0,4-4-2,1,1,3,162464,Even Hovland,Center Left Defender,6,0,0,-1,,,,0,0,-1,,,,2025-10-28 05:13:22
13086,726019,8221,home,0,4-4-2,1,1,19,243322,Daleho Irandust,Right Midfielder,7,0,0,-1,,,,0,0,-1,,,,2025-10-28 05:13:22
13086,726019,8221,home,0,4-4-2,1,1,24,257624,Kevin Ackermann,Center Left Midfielder,8,0,0,-1,,,,0,0,-1,,,,2025-10-28 05:13:22
13086,726019,8221,home,0,4-4-2,1,1,20,232670,Issiaga Camara,Center Left Forward,9,0,0,-1,,,,1,336115,11,336115.0,2700.0,45',2025-10-28 05:13:22
13086,726019,8221,home,0,4-4-2,1,1,23,399426,Ezekiel Alladoh,Center Right Forward,10,0,0,-1,,,,1,347458,27,347458.0,4620.0,77',2025-10-28 05:13:22
13086,726019,8221,home,0,4-4-2,1,1,7,320883,Victor Lind,Left Midfielder,11,0,0,-1,,,,1,413946,18,413946.0,5220.0,87',2025-10-28 05:13:22
13086,726019,8221,home,0,4-4-2,1,0,18,413946,Elton Hedstrom,Substitute,0,1,320883,7,320883.0,5220.0,87',0,0,-1,,,,2025-10-28 05:13:22
13086,726019,8221,home,0,4-4-2,1,0,41,412896,Philip Isaksson,Substitute,0,0,0,-1,,,,0,0,-1,,,,2025-10-28 05:13:22
13086,726019,8221,home,0,4-4-2,1,0,11,336115,Rasmus Örqvist,Substitute,0,1,232670,20,232670.0,2700.0,45',0,0,-1,,,,2025-10-28 05:13:22
13086,726019,8221,home,0,4-4-2,1,0,37,410910,Oskar Jarde,Substitute,0,0,0,-1,,,,0,0,-1,,,,2025-10-28 05:13:22
13086,726019,8221,home,0,4-4-2,1,0,14,384107,Kamilcan Sever,Substitute,0,0,0,-1,,,,0,0,-1,,,,2025-10-28 05:13:22
13086,726019,8221,home,0,4-4-2,1,0,27,347458,Kaare Barslund,Substitute,0,1,399426,23,399426.0,4620.0,77',0,0,-1,,,,2025-10-28 05:13:22
13086,726019,8221,home,0,4-4-2,1,0,39,134643,Nabil Bahoui,Substitute,0,1,251486,5,251486.0,4620.0,77',0,0,-1,,,,2025-10-28 05:13:22
13086,726019,8221,home,0,4-4-2,1,0,4,208616,Eric Bjorkander,Substitute,0,0,0,-1,,,,0,0,-1,,,,2025-10-28 05:13:22
13086,726019,8221,home,0,4-4-2,1,0,8,407097,Adam Stroud,Substitute,0,0,0,-1,,,,0,0,-1,,,,2025-10-28 05:13:22
13086,726019,8222,away,1,4-3-3,1,1,13,360878,Kees Sims,Goalkeeper,1,0,0,-1,,,,0,0,-1,,,,2025-10-28 05:13:22
13086,726019,8222,away,1,4-3-3,1,1,6,378806,August Wängberg,Right Back,2,0,0,-1,,,,0,0,-1,,,,2025-10-28 05:13:22
13086,726019,8222,away,1,4-3-3,1,1,5,379958,Robin Wendin Thomasson,Left Back,3,0,0,-1,,,,0,0,-1,,,,2025-10-28 05:13:22
13086,726019,8222,away,1,4-3-3,1,1,7,378811,Joackim Åberg,Center Midfielder,4,0,0,-1,,,,1,334033,11,334033.0,4320.0,72',2025-10-28 05:13:22
13086,726019,8222,away,1,4-3-3,1,1,4,333728,Oskar Ågren,Center Right Defender,5,0,0,-1,,,,0,0,-1,,,,2025-10-28 05:13:22
13086,726019,8222,away,1,4-3-3,1,1,24,378826,Filip Beckman,Center Left Defender,6,0,0,-1,,,,0,0,-1,,,,2025-10-28 05:13:22
13086,726019,8222,away,1,4-3-3,1,1,8,312852,William Milovanovic,Right Midfielder,7,0,0,-1,,,,0,0,-1,,,,2025-10-28 05:13:22
13086,726019,8222,away,1,4-3-3,1,1,18,313931,Kevin Holmén,Left Midfielder,8,0,0,-1,,,,1,379955,14,379955.0,5220.0,87',2025-10-28 05:13:22
13086,726019,8222,away,1,4-3-3,1,1,19,308726,Ibrahim Diabaté,Forward,9,0,0,-1,,,,1,235766,28,235766.0,4860.0,81',2025-11-11 06:10:14
13086,726019,8222,away,1,4-3-3,1,1,9,378816,Gustav Lundgren,Right Forward,10,0,0,-1,,,,1,357143,27,357143.0,5220.0,87',2025-10-28 05:13:22
13086,726019,8222,away,1,4-3-3,1,1,16,400221,Rasmus Niklasson Petrovic,Left Forward,11,0,0,-1,,,,1,149765,25,149765.0,4860.0,81',2025-10-28 05:13:22
13086,726019,8222,away,1,4-3-3,1,0,27,357143,Anton Kurochkin,Substitute,0,1,378816,9,378816.0,5220.0,87',0,0,-1,,,,2025-10-28 05:13:22
13086,726019,8222,away,1,4-3-3,1,0,30,400712,Alvin Didriksson,Substitute,0,0,0,-1,,,,0,0,-1,,,,2025-10-28 05:13:22
13086,726019,8222,away,1,4-3-3,1,0,21,409647,Shalom Ekong,Substitute,0,0,0,-1,,,,0,0,-1,,,,2025-10-28 05:13:22
13086,726019,8222,away,1,4-3-3,1,0,14,379955,Filip Gustafsson,Substitute,0,1,313931,18,313931.0,5220.0,87',0,0,-1,,,,2025-10-28 05:13:22
13086,726019,8222,away,1,4-3-3,1,0,22,378820,Anes Cardaklija,Substitute,0,0,0,-1,,,,0,0,-1,,,,2025-10-28 05:13:22
13086,726019,8222,away,1,4-3-3,1,0,12,356377,Robin Frej,Substitute,0,0,0,-1,,,,0,0,-1,,,,2025-10-28 05:13:22
13086,726019,8222,away,1,4-3-3,1,0,11,334033,Edvin Becirovic,Substitute,0,1,378811,7,378811.0,4320.0,72',0,0,-1,,,,2025-10-28 05:13:22
13086,726019,8222,away,1,4-3-3,1,0,28,235766,Lucas Hedlund,Substitute,0,1,308726,19,308726.0,4860.0,81',0,0,-1,,,,2025-10-28 05:13:22
13086,726019,8222,away,1,4-3-3,1,0,25,149765,Jonas Lindberg,Substitute,0,1,400221,16,400221.0,4860.0,81',0,0,-1,,,,2025-10-28 05:13:22
13086,726020,2339,home,1,4-2-3-1,1,1,45,219533,Filip Manojlovic,Goalkeeper,1,0,0,-1,,,,0,0,-1,,,,2025-10-26 05:20:30
13086,726020,2339,home,1,4-2-3-1,1,1,18,269457,Adam Stahl,Right Back,2,0,0,-1,,,,0,0,-1,,,,2025-10-26 05:20:30
13086,726020,2339,home,1,4-2-3-1,1,1,27,371596,Keita Kosugi,Left Back,3,0,0,-1,,,,1,357136,12,357136.0,2700.0,45',2025-10-26 05:20:30
13086,726020,2339,home,1,4-2-3-1,1,1,20,364226,Matias Siltanen,Left Midfielder,4,0,0,-1,,,,0,0,-1,,,,2025-10-26 05:20:30
13086,726020,2339,home,1,4-2-3-1,1,1,5,289721,Miro Tenho,Center Right Defender,5,0,0,-1,,,,0,0,-1,,,,2025-10-26 05:20:30
13086,726020,2339,home,1,4-2-3-1,1,1,3,172855,Marcus Danielson,Center Left Defender,6,0,0,-1,,,,0,0,-1,,,,2025-10-26 05:20:30
13086,726020,2339,home,1,4-2-3-1,1,1,15,312383,Oskar Fallenius,Attacking Midfielder Right,7,0,0,-1,,,,1,403140,31,403140.0,4020.0,67',2025-10-26 05:20:30
13086,726020,2339,home,1,4-2-3-1,1,1,6,136911,Rasmus Schüller,Right Midfielder,8,0,0,-1,,,,1,334021,13,334021.0,4020.0,67',2025-10-26 05:20:30
13086,726020,2339,home,1,4-2-3-1,1,1,9,330460,August Priske,Forward,9,0,0,-1,,,,0,0,-1,,,,2025-10-26 05:20:30
13086,726020,2339,home,1,4-2-3-1,1,1,17,250697,Mikkel Anderson,Attacking Midfielder,10,0,0,-1,,,,1,378837,22,378837.0,4020.0,67',2025-10-26 05:20:30
13086,726020,2339,home,1,4-2-3-1,1,1,10,164556,Tokmac Nguen,Attacking Midfielder Left,11,0,0,-1,,,,1,239166,19,239166.0,4560.0,76',2025-10-26 05:20:30
13086,726020,2339,home,1,4-2-3-1,1,0,22,378837,Patric Åslund,Substitute,0,1,250697,17,250697.0,4020.0,67',0,0,-1,,,,2025-10-26 05:20:30
13086,726020,2339,home,1,4-2-3-1,1,0,31,403140,Ahmed Saeed,Substitute,0,1,312383,15,312383.0,4020.0,67',0,0,-1,,,,2025-10-26 05:20:30
13086,726020,2339,home,1,4-2-3-1,1,0,11,372767,Zakaria Sawo,Substitute,0,0,0,-1,,,,0,0,-1,,,,2025-10-26 05:20:30
13086,726020,2339,home,1,4-2-3-1,1,0,13,334021,Daniel Stensson,Substitute,0,1,136911,6,136911.0,4020.0,67',0,0,-1,,,,2025-10-26 05:20:30
13086,726020,2339,home,1,4-2-3-1,1,0,8,120652,Albin Ekdal,Substitute,0,0,0,-1,,,,0,0,-1,,,,2025-10-26 05:20:30
13086,726020,2339,home,1,4-2-3-1,1,0,19,239166,Jeppe Okkels,Substitute,0,1,164556,10,164556.0,4560.0,76',0,0,-1,,,,2025-10-26 05:20:30
13086,726020,2339,home,1,4-2-3-1,1,0,12,357136,Theo Bergvall,Substitute,0,1,371596,27,371596.0,2700.0,45',0,0,-1,,,,2025-10-26 05:20:30
13086,726020,2339,home,1,4-2-3-1,1,0,2,205729,Piotr Johansson,Substitute,0,0,0,-1,,,,0,0,-1,,,,2025-10-26 05:20:30
13086,726020,2339,home,1,4-2-3-1,1,0,35,203266,Jacob Rinne,Substitute,0,0,0,-1,,,,0,0,-1,,,,2025-10-26 05:20:30
13086,726020,21382,away,0,4-3-3,1,1,1,277177,Hugo Keto,Goalkeeper,1,0,0,-1,,,,0,0,-1,,,,2025-10-26 05:20:30
13086,726020,21382,away,0,4-3-3,1,1,2,380552,Johan Rapp,Right Back,2,0,0,-1,,,,1,407158,19,407158.0,4980.0,83',2025-10-26 05:20:30
13086,726020,21382,away,0,4-3-3,1,1,3,272272,Axel Björnström,Left Back,3,0,0,-1,,,,0,0,-1,,,,2025-10-26 05:20:30
13086,726020,21382,away,0,4-3-3,1,1,11,187920,Kent-Are Antonsen,Center Midfielder,4,0,0,-1,,,,0,0,-1,,,,2025-10-26 05:20:30
13086,726020,21382,away,0,4-3-3,1,1,4,383897,Rufai Mohammed,Center Right Defender,5,0,0,-1,,,,0,0,-1,,,,2025-10-26 05:20:30
13086,726020,21382,away,0,4-3-3,1,1,24,357202,Emin Grozdanic,Center Left Defender,6,0,0,-1,,,,0,0,-1,,,,2025-10-26 05:20:30
13086,726020,21382,away,0,4-3-3,1,1,22,158993,Simon Thern,Right Midfielder,7,0,0,-1,,,,1,381397,18,381397.0,4080.0,68',2025-10-26 05:20:30
13086,726020,21382,away,0,4-3-3,1,1,25,312873,Noah Shamoun,Left Midfielder,8,0,0,-1,,,,1,366595,8,366595.0,2700.0,45',2025-10-26 05:20:30
13086,726020,21382,away,0,4-3-3,1,1,14,153631,Marcus Antonsson,Forward,9,0,0,-1,,,,1,409583,21,409583.0,4560.0,76',2025-10-26 05:20:30
13086,726020,21382,away,0,4-3-3,1,1,9,341437,Kai Meriluoto,Right Forward,10,0,0,-1,,,,0,0,-1,,,,2025-10-26 05:20:30
13086,726020,21382,away,0,4-3-3,1,1,10,345479,Ajdin Zeljkovic,Left Forward,11,0,0,-1,,,,1,386317,16,386317.0,4020.0,67',2025-10-26 05:20:30
13086,726020,21382,away,0,4-3-3,1,0,21,409583,Mamadou Cellou Diallo,Substitute,0,1,153631,14,153631.0,4560.0,76',0,0,-1,,,,2025-10-26 05:20:30
13086,726020,21382,away,0,4-3-3,1,0,19,407158,Erik Freij,Substitute,0,1,380552,2,380552.0,4980.0,83',0,0,-1,,,,2025-10-26 05:20:30
13086,726020,21382,away,0,4-3-3,1,0,16,386317,Antonio Kujundzic,Substitute,0,1,345479,10,345479.0,4020.0,67',0,0,-1,,,,2025-10-26 05:20:30
13086,726020,21382,away,0,4-3-3,1,0,27,159526,Souleymane Coulibaly,Substitute,0,0,0,-1,,,,0,0,-1,,,,2025-10-26 05:20:30
13086,726020,21382,away,0,4-3-3,1,0,18,381397,Mohammad Alsalkhadi,Substitute,0,1,158993,22,158993.0,4080.0,68',0,0,-1,,,,2025-10-26 05:20:30
13086,726020,21382,away,0,4-3-3,1,0,8,366595,Otso Liimatta,Substitute,0,1,312873,25,312873.0,2700.0,45',0,0,-1,,,,2025-10-26 05:20:30
13086,726020,21382,away,0,4-3-3,1,0,39,341335,Viktor Andersson,Substitute,0,0,0,-1,,,,0,0,-1,,,,2025-10-26 05:20:30
13086,726020,21382,away,0,4-3-3,1,0,20,334028,Freddy Winsth,Substitute,0,0,0,-1,,,,0,0,-1,,,,2025-10-26 05:20:30
13086,726020,21382,away,0,4-3-3,1,0,6,267616,Hugo Andersson,Substitute,0,0,0,-1,,,,0,0,-1,,,,2025-10-26 05:20:30
13086,726021,3017,home,0,5-4-1,1,1,12,195094,Tim Erlandsson,Goalkeeper,1,0,0,-1,,,,0,0,-1,,,,2025-10-27 05:16:32
13086,726021,3017,home,0,5-4-1,1,1,17,303666,André Boman,Right Back,2,0,0,-1,,,,0,0,-1,,,,2025-10-27 05:16:32
13086,726021,3017,home,0,5-4-1,1,1,24,240486,Rami Kaib,Left Back,3,0,0,-1,,,,0,0,-1,,,,2025-10-27 05:16:32
13086,726021,3017,home,0,5-4-1,1,1,21,121282,Marcus Olsson,Center Left Defender,4,0,0,-1,,,,1,357142,3,357142.0,3660.0,61',2025-10-27 05:16:32
13086,726021,3017,home,0,5-4-1,1,1,4,289329,Filip Schyberg,Center Defender,5,0,0,-1,,,,0,0,-1,,,,2025-10-27 05:16:32
13086,726021,3017,home,0,5-4-1,1,1,5,178687,Pascal Gregor,Center Right Defender,6,0,0,-1,,,,0,0,-1,,,,2025-10-27 05:16:32
13086,726021,3017,home,0,5-4-1,1,1,18,357130,Naeem Mohammed,Right Midfielder,7,0,0,-1,,,,1,399508,29,399508.0,5340.0,89',2025-10-27 05:16:32
13086,726021,3017,home,0,5-4-1,1,1,6,147211,Joel Allansson,Center Right Midfielder,8,0,0,-1,,,,0,0,-1,,,,2025-10-27 05:16:32
13086,726021,3017,home,0,5-4-1,1,1,99,344475,Emmanuel Damoah Yeboah,Forward,9,0,0,-1,,,,1,334002,28,334002.0,4320.0,72',2025-10-27 05:16:32
13086,726021,3017,home,0,5-4-1,1,1,27,313722,Rocco Ascone,Center Left Midfielder,10,0,0,-1,,,,1,321176,25,321176.0,4260.0,71',2025-10-27 05:16:32
13086,726021,3017,home,0,5-4-1,1,1,8,289719,Niilo Mäenpää,Left Midfielder,11,0,0,-1,,,,1,401274,19,401274.0,3600.0,60',2025-10-27 05:16:32
13086,726021,3017,home,0,5-4-1,1,0,33,403402,Oliver Kapsimalis,Substitute,0,0,0,-1,,,,0,0,-1,,,,2025-10-27 05:16:32
13086,726021,3017,home,0,5-4-1,1,0,1,264481,Tim Rönning,Substitute,0,0,0,-1,,,,0,0,-1,,,,2025-10-27 05:16:32
13086,726021,3017,home,0,5-4-1,1,0,13,237843,Gíisli Eyjólfsson,Substitute,0,0,0,-1,,,,0,0,-1,,,,2025-10-27 05:16:32
13086,726021,3017,home,0,5-4-1,1,0,14,159454,Blair Turgott,Substitute,0,0,0,-1,,,,0,0,-1,,,,2025-10-27 05:16:32
13086,726021,3017,home,0,5-4-1,1,0,25,321176,Aleksander Damnjanovic,Substitute,0,1,313722,27,313722.0,4260.0,71',0,0,-1,,,,2025-10-27 05:16:32
13086,726021,3017,home,0,5-4-1,1,0,28,334002,Malte Persson,Substitute,0,1,344475,99,344475.0,4320.0,72',0,0,-1,,,,2025-10-27 05:16:32
13086,726021,3017,home,0,5-4-1,1,0,3,357142,Gabriel Wallentin,Substitute,0,1,121282,21,121282.0,3660.0,61',0,0,-1,,,,2025-10-27 05:16:32
13086,726021,3017,home,0,5-4-1,1,0,29,399508,Erik Arvidsson,Substitute,0,1,357130,18,357130.0,5340.0,89',0,0,-1,,,,2025-10-27 05:16:32
13086,726021,3017,home,0,5-4-1,1,0,19,401274,Marvin Illary,Substitute,0,1,289719,8,289719.0,3600.0,60',0,0,-1,,,,2025-10-27 05:16:32
13086,726021,2556,away,1,4-1-4-1,1,1,25,359784,Elis Bishesari,Goalkeeper,1,0,0,-1,,,,0,0,-1,,,,2025-10-27 05:16:32
13086,726021,2556,away,1,4-1-4-1,1,1,18,349811,Felix Eriksson,Right Back,2,0,0,-1,,,,0,0,-1,,,,2025-10-27 05:16:32
13086,726021,2556,away,1,4-1-4-1,1,1,22,383948,Noah Tolf,Left Back,3,0,0,-1,,,,0,0,-1,,,,2025-10-27 05:16:32
13086,726021,2556,away,1,4-1-4-1,1,1,13,83736,Gustav Svensson,Defensive Midfielder,4,0,0,-1,,,,0,0,-1,,,,2025-10-27 05:16:32
13086,726021,2556,away,1,4-1-4-1,1,1,4,366598,Rockson Yeboah,Center Right Defender,5,0,0,-1,,,,0,0,-1,,,,2025-10-27 05:16:32
13086,726021,2556,away,1,4-1-4-1,1,1,3,241163,August Erlingmark,Center Left Defender,6,0,0,-1,,,,0,0,-1,,,,2025-10-27 05:16:32
13086,726021,2556,away,1,4-1-4-1,1,1,29,343958,Thomas Santos,Right Midfielder,7,0,0,-1,,,,1,297099,11,297099.0,3840.0,64',2025-10-27 05:16:32
13086,726021,2556,away,1,4-1-4-1,1,1,23,289882,Kolbeinn Thordarson,Center Right Midfielder,8,0,0,-1,,,,1,380238,26,380238.0,4800.0,80',2025-10-27 05:16:32
13086,726021,2556,away,1,4-1-4-1,1,1,9,303768,Max Fenger,Forward,9,0,0,-1,,,,1,401205,27,401205.0,5340.0,89',2025-10-27 05:16:32
13086,726021,2556,away,1,4-1-4-1,1,1,15,307947,David Kruse,Center Left Midfielder,10,0,0,-1,,,,0,0,-1,,,,2025-10-27 05:16:32
13086,726021,2556,away,1,4-1-4-1,1,1,14,219163,Tobias Heintz,Left Midfielder,11,0,0,-1,,,,0,0,-1,,,,2025-10-27 05:16:32
13086,726021,2556,away,1,4-1-4-1,1,0,16,343826,Linus Carlstrand,Substitute,0,0,0,-1,,,,0,0,-1,,,,2025-10-27 05:16:32
13086,726021,2556,away,1,4-1-4-1,1,0,26,380238,Benjamin Brantlind,Substitute,0,1,289882,23,289882.0,4800.0,80',0,0,-1,,,,2025-10-27 05:16:32
13086,726021,2556,away,1,4-1-4-1,1,0,27,401205,Alfons Borén,Substitute,0,1,303768,9,303768.0,5340.0,89',0,0,-1,,,,2025-10-27 05:16:32
13086,726021,2556,away,1,4-1-4-1,1,0,8,297985,Imam Jagne,Substitute,0,0,0,-1,,,,0,0,-1,,,,2025-10-27 05:16:32
13086,726021,2556,away,1,4-1-4-1,1,0,11,297099,Saidou Alioum Moubarak,Substitute,0,1,343958,29,343958.0,3840.0,64',0,0,-1,,,,2025-10-27 05:16:32
13086,726021,2556,away,1,4-1-4-1,1,0,5,220974,Jonas Bager,Substitute,0,0,0,-1,,,,0,0,-1,,,,2025-10-27 05:16:32
13086,726021,2556,away,1,4-1-4-1,1,0,1,235504,Pontus Dahlberg,Substitute,0,0,0,-1,,,,0,0,-1,,,,2025-10-27 05:16:32
13086,726021,2556,away,1,4-1-4-1,1,0,33,367361,Vilmer Tyren,Substitute,0,0,0,-1,,,,0,0,-1,,,,2025-10-27 05:16:32
13086,726022,2720,home,0,4-4-2,1,1,30,178176,Robin Olsen,Goalkeeper,1,0,0,-1,,,,0,0,-1,,,,2025-10-28 05:13:22
13086,726022,2720,home,0,4-4-2,1,1,17,193186,Jens Stryger Larsen,Right Back,2,0,0,-1,,,,0,0,-1,,,,2025-10-28 05:13:22
13086,726022,2720,home,0,4-4-2,1,1,13,75987,Martin Olsson,Left Back,3,0,0,-1,,,,1,301219,25,301219.0,3780.0,63',2025-10-28 05:13:22
13086,726022,2720,home,0,4-4-2,1,1,6,162738,Oscar Lewicki,Center Right Midfielder,4,0,0,-1,,,,0,0,-1,,,,2025-10-28 05:13:22
13086,726022,2720,home,0,4-4-2,1,1,18,135579,Pontus Jansson,Center Right Defender,5,0,0,-1,,,,0,0,-1,,,,2025-10-28 05:13:22
13086,726022,2720,home,0,4-4-2,1,1,19,279135,Colin Rösler,Center Left Defender,6,0,0,-1,,,,0,0,-1,,,,2025-10-28 05:13:22
13086,726022,2720,home,0,4-4-2,1,1,38,330239,Hugo Bolin,Right Midfielder,7,0,0,-1,,,,1,346284,15,346284.0,3780.0,63',2025-10-28 05:13:22
13086,726022,2720,home,0,4-4-2,1,1,7,315679,Otto Rosengren,Center Left Midfielder,8,0,0,-1,,,,0,0,-1,,,,2025-10-28 05:13:22
13086,726022,2720,home,0,4-4-2,1,1,32,360023,Daniel Gudjohnsen,Center Left Forward,9,0,0,-1,,,,1,308880,11,308880.0,2700.0,45',2025-10-28 05:13:22
13086,726022,2720,home,0,4-4-2,1,1,37,364698,Adrian Skogmar,Center Right Forward,10,0,0,-1,,,,1,314164,22,314164.0,2700.0,45',2025-10-28 05:13:22
13086,726022,2720,home,0,4-4-2,1,1,29,218450,Sead Haksabanovic,Left Midfielder,11,0,0,-1,,,,1,381395,40,381395.0,4560.0,76',2025-10-28 05:13:22
13086,726022,2720,home,0,4-4-2,1,0,2,9101,Johan Karlsson,Substitute,0,0,0,-1,,,,0,0,-1,,,,2025-10-28 05:13:22
13086,726022,2720,home,0,4-4-2,1,0,11,308880,Emmanuel Ekong,Substitute,0,1,360023,32,360023.0,2700.0,45',0,0,-1,,,,2025-10-28 05:13:22
13086,726022,2720,home,0,4-4-2,1,0,33,307800,Melker Ellborg,Substitute,0,0,0,-1,,,,0,0,-1,,,,2025-10-28 05:13:22
13086,726022,2720,home,0,4-4-2,1,0,25,301219,Busanello,Substitute,0,1,75987,13,75987.0,3780.0,63',0,0,-1,,,,2025-10-28 05:13:22
13086,726022,2720,home,0,4-4-2,1,0,45,413450,Theodor Lundbergh,Substitute,0,0,0,-1,,,,0,0,-1,,,,2025-10-30 05:15:19
13086,726022,2720,home,0,4-4-2,1,0,5,312108,Andrej Duric,Substitute,0,0,0,-1,,,,0,0,-1,,,,2025-10-28 05:13:22
13086,726022,2720,home,0,4-4-2,1,0,22,314164,Taha Ali,Substitute,0,1,364698,37,364698.0,2700.0,45',0,0,-1,,,,2025-10-28 05:13:22
13086,726022,2720,home,0,4-4-2,1,0,40,381395,Kenan Busuladzic,Substitute,0,1,218450,29,218450.0,4560.0,76',0,0,-1,,,,2025-10-28 05:13:22
13086,726022,2720,home,0,4-4-2,1,0,15,346284,Salifou Soumah,Substitute,0,1,330239,38,330239.0,3780.0,63',0,0,-1,,,,2025-10-28 05:13:22
13086,726022,2495,away,1,4-3-1-2,1,1,1,170727,Warner Hahn,Goalkeeper,1,0,0,-1,,,,0,0,-1,,,,2025-10-28 05:13:22
13086,726022,2495,away,1,4-3-1-2,1,1,2,382504,Hampus Skoglund,Right Back,2,0,0,-1,,,,0,0,-1,,,,2025-10-28 05:13:22
13086,726022,2495,away,1,4-3-1-2,1,1,3,272714,Frederik Winther,Left Back,3,0,0,-1,,,,0,0,-1,,,,2025-10-28 05:13:22
13086,726022,2495,away,1,4-3-1-2,1,1,5,218436,Tesfaldet Tekie,Center Midfielder,4,0,0,-1,,,,1,344869,28,344869.0,4800.0,80',2025-10-28 05:13:22
13086,726022,2495,away,1,4-3-1-2,1,1,4,334038,Victor Eriksson,Center Right Defender,5,0,0,-1,,,,0,0,-1,,,,2025-10-28 05:13:22
13086,726022,2495,away,1,4-3-1-2,1,1,6,249160,Pavle Vagic,Center Left Defender,6,0,0,-1,,,,0,0,-1,,,,2025-10-28 05:13:22
13086,726022,2495,away,1,4-3-1-2,1,1,8,22967,Markus Karlsson,Right Midfielder,7,0,0,-1,,,,0,0,-1,,,,2025-10-28 05:13:22
13086,726022,2495,away,1,4-3-1-2,1,1,20,143585,Nahir Besara,Attacking Midfielder,8,0,0,-1,,,,1,359099,29,359099.0,5400.0,90'+3',2025-10-28 05:13:22
13086,726022,2495,away,1,4-3-1-2,1,1,26,312880,Montader Madjed,Center Right Forward,9,0,0,-1,,,,1,269195,21,269195.0,4800.0,80',2025-10-28 05:13:22
13086,726022,2495,away,1,4-3-1-2,1,1,7,303670,Paulos Abraham,Midfielder,10,0,0,-1,,,,1,378936,23,378936.0,4800.0,80',2025-10-28 05:13:22
13086,726022,2495,away,1,4-3-1-2,1,1,15,380970,Adrian Lahdo,Left Midfielder,11,0,0,-1,,,,1,205374,11,205374.0,3780.0,63',2025-10-28 05:13:22
13086,726022,2495,away,1,4-3-1-2,1,0,23,378936,Obilor Okeke,,0,1,303670,7,303670.0,4800.0,80',0,0,-1,,,,2025-10-28 05:13:22
13086,726022,2495,away,1,4-3-1-2,1,0,29,359099,Elohim Kaboré,,0,1,143585,20,143585.0,5400.0,90'+3',0,0,-1,,,,2025-10-28 05:13:22
13086,726022,2495,away,1,4-3-1-2,1,0,28,344869,Frank Junior Adjei,,0,1,218436,5,218436.0,4800.0,80',0,0,-1,,,,2025-10-28 05:13:22
13086,726022,2495,away,1,4-3-1-2,1,0,17,313464,Ibrahim Fofana,,0,0,0,-1,,,,0,0,-1,,,,2025-11-11 06:10:14
13086,726022,2495,away,1,4-3-1-2,1,0,19,308433,Nikola Vasic,,0,0,0,-1,,,,0,0,-1,,,,2025-10-28 05:13:22
13086,726022,2495,away,1,4-3-1-2,1,0,27,301372,Felix Jakobsson,,0,0,0,-1,,,,0,0,-1,,,,2025-10-28 05:13:22
13086,726022,2495,away,1,4-3-1-2,1,0,21,269195,Simon Strand,,0,1,312880,26,312880.0,4800.0,80',0,0,-1,,,,2025-10-28 05:13:22
13086,726022,2495,away,1,4-3-1-2,1,0,22,210020,Jacob Ortmark,,0,0,0,-1,,,,0,0,-1,,,,2025-10-28 05:13:22
13086,726022,2495,away,1,4-3-1-2,1,0,11,205374,Oscar Johansson Schellhas,,0,1,380970,15,380970.0,3780.0,63',0,0,-1,,,,2025-10-28 05:13:22
13086,726023,20301,home,1,3-4-3,1,1,1,301377,Noel Törnqvist,Goalkeeper,1,0,0,-1,,,,0,0,-1,,,,2025-10-27 05:16:32
13086,726023,20301,home,1,3-4-3,1,1,6,356408,Ludwig Malachowski,Right Midfielder,2,0,0,-1,,,,1,305758,10,305758.0,4020.0,67',2025-10-27 05:16:32
13086,726023,20301,home,1,3-4-3,1,1,11,269109,Timo Stavitski,Left Midfielder,3,0,0,-1,,,,1,312876,14,312876.0,2700.0,45',2025-10-27 05:16:32
13086,726023,20301,home,1,3-4-3,1,1,5,356281,Abdullah Iqbal,Center Left Defender,4,0,0,-1,,,,0,0,-1,,,,2025-10-27 05:16:32
13086,726023,20301,home,1,3-4-3,1,1,4,306289,Axel Norén,Center Defender,5,0,0,-1,,,,0,0,-1,,,,2025-10-27 05:16:32
13086,726023,20301,home,1,3-4-3,1,1,3,382147,Christian Tchouante,Center Right Defender,6,0,0,-1,,,,1,172917,24,172917.0,2700.0,45',2025-10-27 05:16:32
13086,726023,20301,home,1,3-4-3,1,1,22,192793,Jesper Gustavsson,Center Right Midfielder,7,0,0,-1,,,,0,0,-1,,,,2025-10-27 05:16:32
13086,726023,20301,home,1,3-4-3,1,1,39,389637,Romeo Leandersson,Center Left Midfielder,8,0,0,-1,,,,1,303651,7,303651.0,2700.0,45',2025-10-27 05:16:32
13086,726023,20301,home,1,3-4-3,1,1,18,293925,Jacob Bergstrom,Forward,9,0,0,-1,,,,0,0,-1,,,,2025-10-27 05:16:32
13086,726023,20301,home,1,3-4-3,1,1,26,357118,Uba Charles,Center Right Forward,10,0,0,-1,,,,1,346501,27,346501.0,5400.0,90'+1',2025-10-27 05:16:32
13086,726023,20301,home,1,3-4-3,1,1,19,380320,Abdoulie Manneh,Center Left Forward,11,0,0,-1,,,,0,0,-1,,,,2025-10-27 05:16:32
13086,726023,20301,home,1,3-4-3,1,0,10,305758,Jeppe Kjaer Jensen,Substitute,0,1,356408,6,356408.0,4020.0,67',0,0,-1,,,,2025-10-27 05:16:32
13086,726023,20301,home,1,3-4-3,1,0,21,303653,Adam Petersson,Substitute,0,0,0,-1,,,,0,0,-1,,,,2025-10-27 05:16:32
13086,726023,20301,home,1,3-4-3,1,0,7,303651,Viktor Gustafson,Substitute,0,1,389637,39,389637.0,2700.0,45',0,0,-1,,,,2025-10-27 05:16:32
13086,726023,20301,home,1,3-4-3,1,0,24,172917,Tom Pettersson,Substitute,0,1,382147,3,382147.0,2700.0,45',0,0,-1,,,,2025-10-27 05:16:32
13086,726023,20301,home,1,3-4-3,1,0,35,151931,Alexander Lundin,Substitute,0,0,0,-1,,,,0,0,-1,,,,2025-10-27 05:16:32
13086,726023,20301,home,1,3-4-3,1,0,14,312876,Herman Johansson,Substitute,0,1,269109,11,269109.0,2700.0,45',0,0,-1,,,,2025-10-27 05:16:32
13086,726023,20301,home,1,3-4-3,1,0,27,346501,Ludvig Tidstrand,Substitute,0,1,357118,26,357118.0,5400.0,90'+1',0,0,-1,,,,2025-10-27 05:16:32
13086,726023,20301,home,1,3-4-3,1,0,15,361860,Bork Bang-Kittilsen,Substitute,0,0,0,-1,,,,0,0,-1,,,,2025-10-27 05:16:32
13086,726023,20301,home,1,3-4-3,1,0,23,413846,Lowe Bengtsson,Substitute,0,0,0,-1,,,,0,0,-1,,,,2025-10-27 05:16:32
13086,726023,8544,away,0,5-4-1,1,1,40,19242,David Andersson,Goalkeeper,1,0,0,-1,,,,0,0,-1,,,,2025-10-27 05:16:32
13086,726023,8544,away,0,5-4-1,1,1,37,345975,Moutaz Neffati,Right Back,2,0,0,-1,,,,0,0,-1,,,,2025-10-27 05:16:32
13086,726023,8544,away,0,5-4-1,1,1,3,359167,Marcus Baggesen,Left Back,3,0,0,-1,,,,1,306290,14,306290.0,4920.0,82',2025-10-27 05:16:32
13086,726023,8544,away,0,5-4-1,1,1,25,364988,Kevin Höög Jansson,Center Left Defender,4,0,0,-1,,,,0,0,-1,,,,2025-10-27 05:16:32
13086,726023,8544,away,0,5-4-1,1,1,19,238431,Max Watson,Center Defender,5,0,0,-1,,,,0,0,-1,,,,2025-10-27 05:16:32
13086,726023,8544,away,0,5-4-1,1,1,4,356374,Amadeus Sögaard,Center Right Defender,6,0,0,-1,,,,0,0,-1,,,,2025-10-27 05:16:32
13086,726023,8544,away,0,5-4-1,1,1,22,287215,Tim Prica,Right Midfielder,7,0,0,-1,,,,1,389749,28,389749.0,3960.0,66',2025-10-27 05:16:32
13086,726023,8544,away,0,5-4-1,1,1,7,232279,Alexander Fransson,Center Right Midfielder,8,0,0,-1,,,,1,286930,11,286930.0,4920.0,82',2025-10-27 05:16:32
13086,726023,8544,away,0,5-4-1,1,1,5,158978,Christoffer Nyman,Forward,9,0,0,-1,,,,0,0,-1,,,,2025-10-27 05:16:32
13086,726023,8544,away,0,5-4-1,1,1,9,230353,Arnór Traustason,Center Left Midfielder,10,0,0,-1,,,,0,0,-1,,,,2025-10-27 05:16:32
13086,726023,8544,away,0,5-4-1,1,1,8,321404,Ísak Andri Sigurgeirsson,Left Midfielder,11,0,0,-1,,,,0,0,-1,,,,2025-10-27 05:16:32
13086,726023,8544,away,0,5-4-1,1,0,20,400367,Axel Brönner,Substitute,0,0,0,-1,,,,0,0,-1,,,,2025-10-27 05:16:32
13086,726023,8544,away,0,5-4-1,1,0,18,400219,Jónatan Gudni Arnarsson,Substitute,0,0,0,-1,,,,0,0,-1,,,,2025-10-27 05:16:32
13086,726023,8544,away,0,5-4-1,1,0,28,389749,Åke Andersson,Substitute,0,1,287215,22,287215.0,3960.0,66',0,0,-1,,,,2025-10-27 05:16:32
13086,726023,8544,away,0,5-4-1,1,0,30,380189,Theo Krantz,Substitute,0,0,0,-1,,,,0,0,-1,,,,2025-10-27 05:16:32
13086,726023,8544,away,0,5-4-1,1,0,24,334015,Anton Eriksson,Substitute,0,0,0,-1,,,,0,0,-1,,,,2025-10-27 05:16:32
13086,726023,8544,away,0,5-4-1,1,0,31,329668,Jesper Lindvall,Substitute,0,0,0,-1,,,,0,0,-1,,,,2025-10-27 05:16:32
13086,726023,8544,away,0,5-4-1,1,0,14,306290,Yahya Kalley,Substitute,0,1,359167,3,359167.0,4920.0,82',0,0,-1,,,,2025-10-27 05:16:32
13086,726023,8544,away,0,5-4-1,1,0,11,286930,Ismet Lushaku,Substitute,0,1,232279,7,232279.0,4920.0,82',0,0,-1,,,,2025-10-27 05:16:32
13086,726023,8544,away,0,5-4-1,1,0,17,409648,Abdoulie Tamba,Substitute,0,0,0,-1,,,,0,0,-1,,,,2025-10-27 05:16:32
13086,726024,8547,home,1,4-2-3-1,1,1,34,325348,David Celic,Goalkeeper,1,0,0,-1,,,,0,0,-1,,,,2025-10-27 05:16:32
13086,726024,8547,home,1,4-2-3-1,1,1,2,235919,Henrik Castegren,Right Back,2,0,0,-1,,,,0,0,-1,,,,2025-10-27 05:16:32
13086,726024,8547,home,1,4-2-3-1,1,1,22,243517,Oscar Krusnell,Left Back,3,0,0,-1,,,,0,0,-1,,,,2025-10-27 05:16:32
13086,726024,8547,home,1,4-2-3-1,1,1,10,358564,Melker Heier,Left Midfielder,4,0,0,-1,,,,1,315677,18,315677.0,5400.0,90',2025-10-27 05:16:32
13086,726024,8547,home,1,4-2-3-1,1,1,15,186504,Simon Sandberg,Center Right Defender,5,0,0,-1,,,,0,0,-1,,,,2025-10-27 05:16:32
13086,726024,8547,home,1,4-2-3-1,1,1,4,366597,Tobias Anker,Center Left Defender,6,0,0,-1,,,,0,0,-1,,,,2025-10-27 05:16:32
13086,726024,8547,home,1,4-2-3-1,1,1,7,22706,Joakim Persson,Attacking Midfielder Right,7,0,0,-1,,,,1,401059,24,401059.0,5220.0,87',2025-10-27 05:16:32
13086,726024,8547,home,1,4-2-3-1,1,1,17,15527,Marcus Lindberg,Right Midfielder,8,0,0,-1,,,,1,379166,8,379166.0,5340.0,89',2025-10-27 05:16:32
13086,726024,8547,home,1,4-2-3-1,1,1,9,322993,Robbie Ure,Forward,9,0,0,-1,,,,1,309271,19,309271.0,5340.0,89',2025-10-27 05:16:32
13086,726024,8547,home,1,4-2-3-1,1,1,14,323176,Leo Walta,Attacking Midfielder,10,0,0,-1,,,,0,0,-1,,,,2025-10-27 05:16:32
13086,726024,8547,home,1,4-2-3-1,1,1,29,344867,Isak Bjerkebo,Attacking Midfielder Left,11,0,0,-1,,,,1,235518,21,235518.0,4980.0,83',2025-10-27 05:16:32
13086,726024,8547,home,1,4-2-3-1,1,0,18,315677,Adam Wikman,Substitute,0,1,358564,10,358564.0,5400.0,90',0,0,-1,,,,2025-10-27 05:16:32
13086,726024,8547,home,1,4-2-3-1,1,0,1,313973,Ismael Diawara,Substitute,0,0,0,-1,,,,0,0,-1,,,,2025-10-27 05:16:32
13086,726024,8547,home,1,4-2-3-1,1,0,19,309271,Noel Milleskog,Substitute,0,1,322993,9,322993.0,5340.0,89',0,0,-1,,,,2025-10-27 05:16:32
13086,726024,8547,home,1,4-2-3-1,1,0,3,299250,Bogdan Milovanov,Substitute,0,0,0,-1,,,,0,0,-1,,,,2025-10-27 05:16:32
13086,726024,8547,home,1,4-2-3-1,1,0,24,401059,Victor Svensson,Substitute,0,1,22706,7,22706.0,5220.0,87',0,0,-1,,,,2025-10-27 05:16:32
13086,726024,8547,home,1,4-2-3-1,1,0,8,379166,Matthias Nartey,Substitute,0,1,15527,17,15527.0,5340.0,89',0,0,-1,,,,2025-10-27 05:16:32
13086,726024,8547,home,1,4-2-3-1,1,0,13,298341,Jakob Voelkerling Persson,Substitute,0,0,0,-1,,,,0,0,-1,,,,2025-10-27 05:16:32
13086,726024,8547,home,1,4-2-3-1,1,0,5,25076,Tobias Carlsson,Substitute,0,0,0,-1,,,,0,0,-1,,,,2025-10-27 05:16:32
13086,726024,8547,home,1,4-2-3-1,1,0,21,235518,Dennis Widgren,Substitute,0,1,344867,29,344867.0,4980.0,83',0,0,-1,,,,2025-10-27 05:16:32
13086,726024,529,away,0,4-2-3-1,1,1,31,250169,Isak Pettersson,Goalkeeper,1,0,0,-1,,,,0,0,-1,,,,2025-10-27 05:16:32
13086,726024,529,away,0,4-2-3-1,1,1,6,286729,Rasmus Wikstrom,Right Back,2,0,0,-1,,,,0,0,-1,,,,2025-10-27 05:16:32
13086,726024,529,away,0,4-2-3-1,1,1,23,134644,Niklas Hult,Left Back,3,0,0,-1,,,,0,0,-1,,,,2025-10-27 05:16:32
13086,726024,529,away,0,4-2-3-1,1,1,10,245883,Simon Olsson,Left Midfielder,4,0,0,-1,,,,0,0,-1,,,,2025-10-31 05:14:23
13086,726024,529,away,0,4-2-3-1,1,1,29,341452,Ibrahim Buhari,Center Right Defender,5,0,0,-1,,,,1,173040,15,173040.0,4500.0,75',2025-10-27 05:16:32
13086,726024,529,away,0,4-2-3-1,1,1,4,202682,Daniel Granli,Center Left Defender,6,0,0,-1,,,,0,0,-1,,,,2025-10-27 05:16:32
13086,726024,529,away,0,4-2-3-1,1,1,25,342093,Ari Sigurpálsson,Attacking Midfielder Right,7,0,0,-1,,,,1,146012,13,146012.0,4500.0,75',2025-10-27 05:16:32
13086,726024,529,away,0,4-2-3-1,1,1,18,305401,Júlíus Magnússon,Right Midfielder,8,0,0,-1,,,,0,0,-1,,,,2025-10-31 05:14:23
13086,726024,529,away,0,4-2-3-1,1,1,11,303614,Taylor Silverholt,Forward,9,0,0,-1,,,,1,174501,17,174501.0,4020.0,67',2025-10-27 05:16:32
13086,726024,529,away,0,4-2-3-1,1,1,16,402326,Altti Hellemaa,Attacking Midfielder,10,0,0,-1,,,,1,303480,5,303480.0,2700.0,45',2025-10-27 05:16:32
13086,726024,529,away,0,4-2-3-1,1,1,9,202705,Arbër Zeneli,Attacking Midfielder Left,11,0,0,-1,,,,1,362584,20,362584.0,3480.0,58',2025-10-27 05:16:32
13086,726024,529,away,0,4-2-3-1,1,0,17,174501,Per Frick,Substitute,0,1,303614,11,303614.0,4020.0,67',0,0,-1,,,,2025-10-27 05:16:32
13086,726024,529,away,0,4-2-3-1,1,0,5,303480,Wenderson,Substitute,0,1,402326,16,402326.0,2700.0,45',0,0,-1,,,,2025-10-27 05:16:32
13086,726024,529,away,0,4-2-3-1,1,0,13,146012,Johan Larsson,Substitute,0,1,342093,25,342093.0,4500.0,75',0,0,-1,,,,2025-10-27 05:16:32
13086,726024,529,away,0,4-2-3-1,1,0,7,218707,Jens Jakob Thomasen,Substitute,0,0,0,-1,,,,0,0,-1,,,,2025-10-27 05:16:32
13086,726024,529,away,0,4-2-3-1,1,0,1,400222,Simon Eriksson,Substitute,0,0,0,-1,,,,0,0,-1,,,,2025-10-27 05:16:32
13086,726024,529,away,0,4-2-3-1,1,0,28,389426,Frode Aronsson,Substitute,0,0,0,-1,,,,0,0,-1,,,,2025-10-27 05:16:32
13086,726024,529,away,0,4-2-3-1,1,0,20,362584,Gottfrid Rapp,Substitute,0,1,202705,9,202705.0,3480.0,58',0,0,-1,,,,2025-10-27 05:16:32
13086,726024,529,away,0,4-2-3-1,1,0,15,173040,Simon Hedlund,Substitute,0,1,341452,29,341452.0,4500.0,75',0,0,-1,,,,2025-10-27 05:16:32
13086,726025,2936,home,0,4-3-3,1,1,13,400366,Robin Wallinder,Goalkeeper,1,0,0,-1,,,,0,0,-1,,,,2025-10-26 05:20:30
13086,726025,2936,home,0,4-3-3,1,1,33,354345,Tatu Varmanen,Right Back,2,0,0,-1,,,,0,0,-1,,,,2025-10-26 05:20:30
13086,726025,2936,home,0,4-3-3,1,1,14,173508,Dennis Olsson,Left Back,3,0,0,-1,,,,1,400371,21,400371.0,4320.0,72',2025-10-26 05:20:30
13086,726025,2936,home,0,4-3-3,1,1,6,307747,Noah Soderberg,Center Midfielder,4,0,0,-1,,,,1,398188,9,398188.0,4320.0,72',2025-10-26 05:20:30
13086,726025,2936,home,0,4-3-3,1,1,5,354352,Mattis Adolfsson,Center Right Defender,5,0,0,-1,,,,0,0,-1,,,,2025-10-26 05:20:30
13086,726025,2936,home,0,4-3-3,1,1,15,316395,Ivan Kricak,Center Left Defender,6,0,0,-1,,,,0,0,-1,,,,2025-10-26 05:20:30
13086,726025,2936,home,0,4-3-3,1,1,26,238868,Magnus Christensen,Right Midfielder,7,0,0,-1,,,,0,0,-1,,,,2025-10-26 05:20:30
13086,726025,2936,home,0,4-3-3,1,1,8,385181,Daniel Ask,Left Midfielder,8,0,0,-1,,,,1,289844,19,289844.0,4560.0,76',2025-10-26 05:20:30
13086,726025,2936,home,0,4-3-3,1,1,20,217300,Alibek Aliev,Forward,9,0,0,-1,,,,0,0,-1,,,,2025-10-26 05:20:30
13086,726025,2936,home,0,4-3-3,1,1,10,334005,Oscar Uddenas,Right Forward,10,0,0,-1,,,,0,0,-1,,,,2025-10-26 05:20:30
13086,726025,2936,home,0,4-3-3,1,1,18,311161,Daniel Ljung,Left Forward,11,0,0,-1,,,,0,0,-1,,,,2025-10-26 05:20:30
13086,726025,2936,home,0,4-3-3,1,0,32,400368,Carl Lundahl Persson,Substitute,0,0,0,-1,,,,0,0,-1,,,,2025-10-26 05:20:30
13086,726025,2936,home,0,4-3-3,1,0,9,398188,Niklas Soderberg,Substitute,0,1,307747,6,307747.0,4320.0,72',0,0,-1,,,,2025-10-26 05:20:30
13086,726025,2936,home,0,4-3-3,1,0,21,400371,Lars Bergquist,Substitute,0,1,173508,14,173508.0,4320.0,72',0,0,-1,,,,2025-10-26 05:20:30
13086,726025,2936,home,0,4-3-3,1,0,23,222639,Vladimir Rodic,Substitute,0,0,0,-1,,,,0,0,-1,,,,2025-10-26 05:20:30
13086,726025,2936,home,0,4-3-3,1,0,16,349204,Raymond Adjei,Substitute,0,0,0,-1,,,,0,0,-1,,,,2025-10-26 05:20:30
13086,726025,2936,home,0,4-3-3,1,0,34,332413,Joel Voelkerling Persson,Substitute,0,0,0,-1,,,,0,0,-1,,,,2025-10-26 05:20:30
13086,726025,2936,home,0,4-3-3,1,0,19,289844,Matias Tamminen,Substitute,0,1,385181,8,385181.0,4560.0,76',0,0,-1,,,,2025-10-26 05:20:30
13086,726025,2936,home,0,4-3-3,1,0,4,238435,Sebastian Starke Hedlund,Substitute,0,0,0,-1,,,,0,0,-1,,,,2025-10-26 05:20:30
13086,726025,2936,home,0,4-3-3,1,0,3,380190,Kingsley Gyamfi,Substitute,0,0,0,-1,,,,0,0,-1,,,,2025-10-26 05:20:30
13086,726025,20856,away,1,4-4-2,1,1,26,194803,Matvei Igonen,Goalkeeper,1,0,0,-1,,,,0,0,-1,,,,2025-10-26 05:20:30
13086,726025,20856,away,1,4-4-2,1,1,6,235489,Daniel Sundgren,Right Back,2,0,0,-1,,,,0,0,-1,,,,2025-10-26 05:20:30
13086,726025,20856,away,1,4-4-2,1,1,39,378634,Philippe Ndinga Ossibadjouo,Left Back,3,0,0,-1,,,,0,0,-1,,,,2025-10-26 05:20:30
13086,726025,20856,away,1,4-4-2,1,1,21,325409,Kazper Karlsson,Center Right Midfielder,4,0,0,-1,,,,0,0,-1,,,,2025-10-26 05:20:30
13086,726025,20856,away,1,4-4-2,1,1,4,301367,Leon Hien,Center Right Defender,5,0,0,-1,,,,0,0,-1,,,,2025-10-26 05:20:30
13086,726025,20856,away,1,4-4-2,1,1,5,385769,Juhani Pikkarainen,Center Left Defender,6,0,0,-1,,,,0,0,-1,,,,2025-10-26 05:20:30
13086,726025,20856,away,1,4-4-2,1,1,29,275575,Santeri Haarala,Right Midfielder,7,0,0,-1,,,,1,324395,15,324395.0,4980.0,83',2025-10-26 05:20:30
13086,726025,20856,away,1,4-4-2,1,1,8,301374,Nahom Netabay,Center Left Midfielder,8,0,0,-1,,,,0,0,-1,,,,2025-10-26 05:20:30
13086,726025,20856,away,1,4-4-2,1,1,22,334867,Dijan Vukojevic,Center Left Forward,9,0,0,-1,,,,0,0,-1,,,,2025-10-26 05:20:30
13086,726025,20856,away,1,4-4-2,1,1,17,304144,Armann Taranis,Center Right Forward,10,0,0,-1,,,,0,0,-1,,,,2025-10-26 05:20:30
13086,726025,20856,away,1,4-4-2,1,1,10,364830,Marcus Rafferty,Left Midfielder,11,0,0,-1,,,,1,400141,20,400141.0,5220.0,87',2025-10-26 05:20:30
13086,726025,20856,away,1,4-4-2,1,0,20,400141,Elias Barsoum,Substitute,0,1,364830,10,364830.0,5220.0,87',0,0,-1,,,,2025-10-26 05:20:30
13086,726025,20856,away,1,4-4-2,1,0,15,324395,Nasiru Moro,Substitute,0,1,275575,29,275575.0,4980.0,83',0,0,-1,,,,2025-10-26 05:20:30
13086,726025,20856,away,1,4-4-2,1,0,1,286770,Willie Jakobsson,Substitute,0,0,0,-1,,,,0,0,-1,,,,2025-10-26 05:20:30
13086,726025,20856,away,1,4-4-2,1,0,19,316173,Richie Omorowa,Substitute,0,0,0,-1,,,,0,0,-1,,,,2025-10-26 05:20:30
13086,726025,20856,away,1,4-4-2,1,0,16,205158,Sebastian Ohlsson,Substitute,0,0,0,-1,,,,0,0,-1,,,,2025-10-26 05:20:30
13086,726025,20856,away,1,4-4-2,1,0,11,218520,Christos Gravius,Substitute,0,0,0,-1,,,,0,0,-1,,,,2025-10-26 05:20:30
13086,726025,20856,away,1,4-4-2,1,0,30,255257,Bernardo Morgado,Substitute,0,0,0,-1,,,,0,0,-1,,,,2025-10-26 05:20:30
13086,726025,20856,away,1,4-4-2,1,0,2,256567,Mamadouba Diaby,Substitute,0,0,0,-1,,,,0,0,-1,,,,2025-10-26 05:20:30
13086,726025,20856,away,1,4-4-2,1,0,28,238859,Marcus Godinho,Substitute,0,0,0,-1,,,,0,0,-1,,,,2025-10-26 05:20:30
13086,726026,20856,home,0,5-3-2,1,1,26,194803,Matvei Igonen,Goalkeeper,1,0,0,-1,,,,0,0,-1,,,,2025-11-04 06:13:28
13086,726026,20856,home,0,5-3-2,1,1,29,275575,Santeri Haarala,Right Back,2,0,0,-1,,,,0,0,-1,,,,2025-11-04 06:13:28
13086,726026,20856,home,0,5-3-2,1,1,39,378634,Philippe Ndinga Ossibadjouo,Left Back,3,0,0,-1,,,,0,0,-1,,,,2025-11-04 06:13:28
13086,726026,20856,home,0,5-3-2,1,1,5,385769,Juhani Pikkarainen,Center Left Defender,4,0,0,-1,,,,0,0,-1,,,,2025-11-04 06:13:28
13086,726026,20856,home,0,5-3-2,1,1,6,235489,Daniel Sundgren,Center Defender,5,0,0,-1,,,,0,0,-1,,,,2025-11-04 06:13:28
13086,726026,20856,home,0,5-3-2,1,1,4,301367,Leon Hien,Center Right Defender,6,0,0,-1,,,,0,0,-1,,,,2025-11-04 06:13:28
13086,726026,20856,home,0,5-3-2,1,1,21,325409,Kazper Karlsson,Center Right Midfielder,7,0,0,-1,,,,0,0,-1,,,,2025-11-04 06:13:28
13086,726026,20856,home,0,5-3-2,1,1,11,218520,Christos Gravius,Center Midfielder,8,0,0,-1,,,,1,316173,19,316173.0,4620.0,77',2025-11-04 06:13:28
13086,726026,20856,home,0,5-3-2,1,1,22,334867,Dijan Vukojevic,Center Left Forward,9,0,0,-1,,,,0,0,-1,,,,2025-11-04 06:13:28
13086,726026,20856,home,0,5-3-2,1,1,17,304144,Armann Taranis,Center Right Forward,10,0,0,-1,,,,0,0,-1,,,,2025-11-04 06:13:28
13086,726026,20856,home,0,5-3-2,1,1,10,364830,Marcus Rafferty,Center Left Midfielder,11,0,0,-1,,,,1,400141,20,400141.0,3840.0,64',2025-11-04 06:13:28
13086,726026,20856,home,0,5-3-2,1,0,7,205158,Sebastian Ohlsson,Substitute,0,0,0,-1,,,,0,0,-1,,,,2025-11-04 06:13:28
13086,726026,20856,home,0,5-3-2,1,0,28,238859,Marcus Godinho,Substitute,0,0,0,-1,,,,0,0,-1,,,,2025-11-04 06:13:28
13086,726026,20856,home,0,5-3-2,1,0,30,255257,Bernardo Morgado,Substitute,0,0,0,-1,,,,0,0,-1,,,,2025-11-04 06:13:28
13086,726026,20856,home,0,5-3-2,1,0,2,256567,Mamadouba Diaby,Substitute,0,0,0,-1,,,,0,0,-1,,,,2025-11-04 06:13:28
13086,726026,20856,home,0,5-3-2,1,0,1,286770,Willie Jakobsson,Substitute,0,0,0,-1,,,,0,0,-1,,,,2025-11-04 06:13:28
13086,726026,20856,home,0,5-3-2,1,0,19,316173,Richie Omorowa,Substitute,0,1,218520,11,218520.0,4620.0,77',0,0,-1,,,,2025-11-04 06:13:28
13086,726026,20856,home,0,5-3-2,1,0,15,324395,Nasiru Moro,Substitute,0,0,0,-1,,,,0,0,-1,,,,2025-11-04 06:13:28
13086,726026,20856,home,0,5-3-2,1,0,20,400141,Elias Barsoum,Substitute,0,1,364830,10,364830.0,3840.0,64',0,0,-1,,,,2025-11-04 06:13:28
13086,726026,2495,away,0,4-3-1-2,1,1,1,170727,Warner Hahn,Goalkeeper,1,0,0,-1,,,,0,0,-1,,,,2025-11-04 06:13:28
13086,726026,2495,away,0,4-3-1-2,1,1,2,382504,Hampus Skoglund,Right Back,2,0,0,-1,,,,0,0,-1,,,,2025-11-04 06:13:28
13086,726026,2495,away,0,4-3-1-2,1,1,3,272714,Frederik Winther,Left Back,3,0,0,-1,,,,0,0,-1,,,,2025-11-04 06:13:28
13086,726026,2495,away,0,4-3-1-2,1,1,28,344869,Frank Junior Adjei,Center Midfielder,4,0,0,-1,,,,1,210020,22,210020.0,4440.0,74',2025-11-04 06:13:28
13086,726026,2495,away,0,4-3-1-2,1,1,17,313464,Ibrahim Fofana,Center Right Defender,5,0,0,-1,,,,0,0,-1,,,,2025-11-11 06:10:14
13086,726026,2495,away,0,4-3-1-2,1,1,4,334038,Victor Eriksson,Center Left Defender,6,0,0,-1,,,,0,0,-1,,,,2025-11-04 06:13:28
13086,726026,2495,away,0,4-3-1-2,1,1,5,218436,Tesfaldet Tekie,Right Midfielder,7,0,0,-1,,,,0,0,-1,,,,2025-11-04 06:13:28
13086,726026,2495,away,0,4-3-1-2,1,1,20,143585,Nahir Besara,Attacking Midfielder,8,0,0,-1,,,,1,269195,21,269195.0,4980.0,83',2025-11-04 06:13:28
13086,726026,2495,away,0,4-3-1-2,1,1,26,312880,Montader Madjed,Center Right Forward,9,0,0,-1,,,,1,205374,11,205374.0,4440.0,74',2025-11-04 06:13:28
13086,726026,2495,away,0,4-3-1-2,1,1,7,303670,Paulos Abraham,Midfielder,10,0,0,-1,,,,1,359099,29,359099.0,4500.0,75',2025-11-04 06:13:28
13086,726026,2495,away,0,4-3-1-2,1,1,15,380970,Adrian Lahdo,Left Midfielder,11,0,0,-1,,,,1,378936,23,378936.0,3900.0,65',2025-11-04 06:13:28
13086,726026,2495,away,0,4-3-1-2,1,0,19,308433,Nikola Vasic,,0,0,0,-1,,,,0,0,-1,,,,2025-11-04 06:13:28
13086,726026,2495,away,0,4-3-1-2,1,0,16,318778,Noah Persson,,0,0,0,-1,,,,0,0,-1,,,,2025-11-04 06:13:28
13086,726026,2495,away,0,4-3-1-2,1,0,27,301372,Felix Jakobsson,,0,0,0,-1,,,,0,0,-1,,,,2025-11-04 06:13:28
13086,726026,2495,away,0,4-3-1-2,1,0,29,359099,Elohim Kaboré,,0,1,303670,7,303670.0,4500.0,75',0,0,-1,,,,2025-11-04 06:13:28
13086,726026,2495,away,0,4-3-1-2,1,0,21,269195,Simon Strand,,0,1,143585,20,143585.0,4980.0,83',0,0,-1,,,,2025-11-04 06:13:28
13086,726026,2495,away,0,4-3-1-2,1,0,23,378936,Obilor Okeke,,0,1,380970,15,380970.0,3900.0,65',0,0,-1,,,,2025-11-04 06:13:28
13086,726026,2495,away,0,4-3-1-2,1,0,22,210020,Jacob Ortmark,,0,1,344869,28,344869.0,4440.0,74',0,0,-1,,,,2025-11-04 06:13:28
13086,726026,2495,away,0,4-3-1-2,1,0,11,205374,Oscar Johansson Schellhas,,0,1,312880,26,312880.0,4440.0,74',0,0,-1,,,,2025-11-04 06:13:28
13086,726026,2495,away,0,4-3-1-2,1,0,8,22967,Markus Karlsson,,0,0,0,-1,,,,0,0,-1,,,,2025-11-04 06:13:28
13086,726027,2339,home,0,4-2-3-1,1,1,45,219533,Filip Manojlovic,Goalkeeper,1,0,0,-1,,,,0,0,-1,,,,2025-11-03 06:14:20
13086,726027,2339,home,0,4-2-3-1,1,1,18,269457,Adam Stahl,Right Back,2,0,0,-1,,,,0,0,-1,,,,2025-11-03 06:14:20
13086,726027,2339,home,0,4-2-3-1,1,1,27,371596,Keita Kosugi,Left Back,3,0,0,-1,,,,0,0,-1,,,,2025-11-03 06:14:20
13086,726027,2339,home,0,4-2-3-1,1,1,20,364226,Matias Siltanen,Left Midfielder,4,0,0,-1,,,,1,120652,8,120652.0,5040.0,84',2025-11-03 06:14:20
13086,726027,2339,home,0,4-2-3-1,1,1,5,289721,Miro Tenho,Center Right Defender,5,0,0,-1,,,,0,0,-1,,,,2025-11-03 06:14:20
13086,726027,2339,home,0,4-2-3-1,1,1,3,172855,Marcus Danielson,Center Left Defender,6,0,0,-1,,,,0,0,-1,,,,2025-11-03 06:14:20
13086,726027,2339,home,0,4-2-3-1,1,1,15,312383,Oskar Fallenius,Attacking Midfielder Right,7,0,0,-1,,,,1,239166,19,239166.0,3780.0,63',2025-11-03 06:14:20
13086,726027,2339,home,0,4-2-3-1,1,1,6,136911,Rasmus Schüller,Right Midfielder,8,0,0,-1,,,,1,378837,22,378837.0,5040.0,84',2025-11-03 06:14:20
13086,726027,2339,home,0,4-2-3-1,1,1,9,330460,August Priske,Forward,9,0,0,-1,,,,0,0,-1,,,,2025-11-03 06:14:20
13086,726027,2339,home,0,4-2-3-1,1,1,17,250697,Mikkel Anderson,Attacking Midfielder,10,0,0,-1,,,,1,372767,11,372767.0,5280.0,88',2025-11-03 06:14:20
13086,726027,2339,home,0,4-2-3-1,1,1,10,164556,Tokmac Nguen,Attacking Midfielder Left,11,0,0,-1,,,,0,0,-1,,,,2025-11-03 06:14:20
13086,726027,2339,home,0,4-2-3-1,1,0,35,203266,Jacob Rinne,Substitute,0,0,0,-1,,,,0,0,-1,,,,2025-11-03 06:14:20
13086,726027,2339,home,0,4-2-3-1,1,0,31,403140,Ahmed Saeed,Substitute,0,0,0,-1,,,,0,0,-1,,,,2025-11-03 06:14:20
13086,726027,2339,home,0,4-2-3-1,1,0,22,378837,Patric Åslund,Substitute,0,1,136911,6,136911.0,5040.0,84',0,0,-1,,,,2025-11-03 06:14:20
13086,726027,2339,home,0,4-2-3-1,1,0,11,372767,Zakaria Sawo,Substitute,0,1,250697,17,250697.0,5280.0,88',0,0,-1,,,,2025-11-03 06:14:20
13086,726027,2339,home,0,4-2-3-1,1,0,8,120652,Albin Ekdal,Substitute,0,1,364226,20,364226.0,5040.0,84',0,0,-1,,,,2025-11-03 06:14:20
13086,726027,2339,home,0,4-2-3-1,1,0,12,357136,Theo Bergvall,Substitute,0,0,0,-1,,,,0,0,-1,,,,2025-11-03 06:14:20
13086,726027,2339,home,0,4-2-3-1,1,0,13,334021,Daniel Stensson,Substitute,0,0,0,-1,,,,0,0,-1,,,,2025-11-03 06:14:20
13086,726027,2339,home,0,4-2-3-1,1,0,21,311157,Mikael Marqués,Substitute,0,0,0,-1,,,,0,0,-1,,,,2025-11-03 06:14:20
13086,726027,2339,home,0,4-2-3-1,1,0,19,239166,Jeppe Okkels,Substitute,0,1,312383,15,312383.0,3780.0,63',0,0,-1,,,,2025-11-03 06:14:20
13086,726027,2556,away,0,4-1-4-1,1,1,25,359784,Elis Bishesari,Goalkeeper,1,0,0,-1,,,,0,0,-1,,,,2025-11-03 06:14:20
13086,726027,2556,away,0,4-1-4-1,1,1,29,343958,Thomas Santos,Right Back,2,0,0,-1,,,,0,0,-1,,,,2025-11-03 06:14:20
13086,726027,2556,away,0,4-1-4-1,1,1,22,383948,Noah Tolf,Left Back,3,0,0,-1,,,,0,0,-1,,,,2025-11-03 06:14:20
13086,726027,2556,away,0,4-1-4-1,1,1,15,307947,David Kruse,Defensive Midfielder,4,0,0,-1,,,,0,0,-1,,,,2025-11-03 06:14:20
13086,726027,2556,away,0,4-1-4-1,1,1,13,83736,Gustav Svensson,Center Right Defender,5,0,0,-1,,,,0,0,-1,,,,2025-11-03 06:14:20
13086,726027,2556,away,0,4-1-4-1,1,1,4,366598,Rockson Yeboah,Center Left Defender,6,0,0,-1,,,,0,0,-1,,,,2025-11-03 06:14:20
13086,726027,2556,away,0,4-1-4-1,1,1,11,297099,Saidou Alioum Moubarak,Right Midfielder,7,0,0,-1,,,,0,0,-1,,,,2025-11-03 06:14:20
13086,726027,2556,away,0,4-1-4-1,1,1,23,289882,Kolbeinn Thordarson,Center Right Midfielder,8,0,0,-1,,,,0,0,-1,,,,2025-11-03 06:14:20
13086,726027,2556,away,0,4-1-4-1,1,1,9,303768,Max Fenger,Forward,9,0,0,-1,,,,0,0,-1,,,,2025-11-03 06:14:20
13086,726027,2556,away,0,4-1-4-1,1,1,26,380238,Benjamin Brantlind,Center Left Midfielder,10,0,0,-1,,,,1,349811,18,349811.0,4320.0,72',2025-11-03 06:14:20
13086,726027,2556,away,0,4-1-4-1,1,1,14,219163,Tobias Heintz,Left Midfielder,11,0,0,-1,,,,0,0,-1,,,,2025-11-03 06:14:20
13086,726027,2556,away,0,4-1-4-1,1,0,8,297985,Imam Jagne,Substitute,0,0,0,-1,,,,0,0,-1,,,,2025-11-03 06:14:20
13086,726027,2556,away,0,4-1-4-1,1,0,18,349811,Felix Eriksson,Substitute,0,1,380238,26,380238.0,4320.0,72',0,0,-1,,,,2025-11-03 06:14:20
13086,726027,2556,away,0,4-1-4-1,1,0,1,235504,Pontus Dahlberg,Substitute,0,0,0,-1,,,,0,0,-1,,,,2025-11-03 06:14:20
13086,726027,2556,away,0,4-1-4-1,1,0,7,390390,Sebastian Clemmensen,Substitute,0,0,0,-1,,,,0,0,-1,,,,2025-11-03 06:14:20
13086,726027,2556,away,0,4-1-4-1,1,0,27,401205,Alfons Borén,Substitute,0,0,0,-1,,,,0,0,-1,,,,2025-11-03 06:14:20
13086,726028,529,home,0,4-4-2,1,1,31,250169,Isak Pettersson,Goalkeeper,1,0,0,-1,,,,0,0,-1,,,,2025-11-03 06:14:20
13086,726028,529,home,0,4-4-2,1,1,13,146012,Johan Larsson,Right Back,2,0,0,-1,,,,1,202682,4,202682.0,5040.0,84',2025-11-03 06:14:20
13086,726028,529,home,0,4-4-2,1,1,23,134644,Niklas Hult,Left Back,3,0,0,-1,,,,0,0,-1,,,,2025-11-03 06:14:20
13086,726028,529,home,0,4-4-2,1,1,18,305401,Júlíus Magnússon,Center Right Midfielder,4,0,0,-1,,,,1,304180,24,304180.0,5040.0,84',2025-11-03 06:14:20
13086,726028,529,home,0,4-4-2,1,1,6,286729,Rasmus Wikstrom,Center Right Defender,5,0,0,-1,,,,0,0,-1,,,,2025-11-03 06:14:20
13086,726028,529,home,0,4-4-2,1,1,29,341452,Ibrahim Buhari,Center Left Defender,6,0,0,-1,,,,0,0,-1,,,,2025-11-03 06:14:20
13086,726028,529,home,0,4-4-2,1,1,5,303480,Wenderson,Right Midfielder,7,0,0,-1,,,,1,342093,25,342093.0,4500.0,75',2025-11-03 06:14:20
13086,726028,529,home,0,4-4-2,1,1,10,245883,Simon Olsson,Center Left Midfielder,8,0,0,-1,,,,0,0,-1,,,,2025-11-03 06:14:20
13086,726028,529,home,0,4-4-2,1,1,27,334024,Besfort Zeneli,Center Left Forward,9,0,0,-1,,,,0,0,-1,,,,2025-11-03 06:14:20
13086,726028,529,home,0,4-4-2,1,1,17,174501,Per Frick,Center Right Forward,10,0,0,-1,,,,1,303614,11,303614.0,4140.0,69',2025-11-03 06:14:20
13086,726028,529,home,0,4-4-2,1,1,15,173040,Simon Hedlund,Left Midfielder,11,0,0,-1,,,,1,202705,9,202705.0,4200.0,70',2025-11-03 06:14:20
13086,726028,529,home,0,4-4-2,1,0,11,303614,Taylor Silverholt,Substitute,0,1,174501,17,174501.0,4140.0,69',0,0,-1,,,,2025-11-03 06:14:20
13086,726028,529,home,0,4-4-2,1,0,24,304180,Frederik Ihler,Substitute,0,1,305401,18,305401.0,5040.0,84',0,0,-1,,,,2025-11-03 06:14:20
13086,726028,529,home,0,4-4-2,1,0,9,202705,Arbër Zeneli,Substitute,0,1,173040,15,173040.0,4200.0,70',0,0,-1,,,,2025-11-03 06:14:20
13086,726028,529,home,0,4-4-2,1,0,4,202682,Daniel Granli,Substitute,0,1,146012,13,146012.0,5040.0,84',0,0,-1,,,,2025-11-03 06:14:20
13086,726028,529,home,0,4-4-2,1,0,25,342093,Ari Sigurpálsson,Substitute,0,1,303480,5,303480.0,4500.0,75',0,0,-1,,,,2025-11-03 06:14:20
13086,726028,529,home,0,4-4-2,1,0,20,362584,Gottfrid Rapp,Substitute,0,0,0,-1,,,,0,0,-1,,,,2025-11-03 06:14:20
13086,726028,529,home,0,4-4-2,1,0,28,389426,Frode Aronsson,Substitute,0,0,0,-1,,,,0,0,-1,,,,2025-11-03 06:14:20
13086,726028,529,home,0,4-4-2,1,0,1,400222,Simon Eriksson,Substitute,0,0,0,-1,,,,0,0,-1,,,,2025-11-03 06:14:20
13086,726028,529,home,0,4-4-2,1,0,7,218707,Jens Jakob Thomasen,Substitute,0,0,0,-1,,,,0,0,-1,,,,2025-11-03 06:14:20
13086,726028,994,away,1,5-4-1,1,1,15,133993,Kristoffer Nordfeldt,Goalkeeper,1,0,0,-1,,,,0,0,-1,,,,2025-11-03 06:14:20
13086,726028,994,away,1,5-4-1,1,1,17,229692,Mads Thychosen,Right Back,2,0,0,-1,,,,1,406317,46,406317.0,2040.0,34',2025-11-03 06:14:20
13086,726028,994,away,1,5-4-1,1,1,33,322466,Áron Csongvai,Left Back,3,0,0,-1,,,,0,0,-1,,,,2025-11-03 06:14:20
13086,726028,994,away,1,5-4-1,1,1,14,356382,Fredrik Nissen,Center Left Defender,4,0,0,-1,,,,1,347636,45,347636.0,4380.0,73',2025-11-03 06:14:20
13086,726028,994,away,1,5-4-1,1,1,3,258904,Thomas Isherwood,Center Defender,5,0,0,-1,,,,0,0,-1,,,,2025-11-03 06:14:20
13086,726028,994,away,1,5-4-1,1,1,32,222606,Filip Benkovic,Center Right Defender,6,0,0,-1,,,,0,0,-1,,,,2025-11-03 06:14:20
13086,726028,994,away,1,5-4-1,1,1,8,236162,Johan Hove,Right Midfielder,7,0,0,-1,,,,0,0,-1,,,,2025-11-03 06:14:20
13086,726028,994,away,1,5-4-1,1,1,19,237759,Dino Besirovic,Center Right Midfielder,8,0,0,-1,,,,0,0,-1,,,,2025-11-03 06:14:20
13086,726028,994,away,1,5-4-1,1,1,20,364726,Erik Flataker,Forward,9,0,0,-1,,,,1,406318,29,406318.0,5400.0,90'+5',2025-11-03 06:14:20
13086,726028,994,away,1,5-4-1,1,1,18,357135,Abdihakim Ali,Center Left Midfielder,10,0,0,-1,,,,1,409815,48,409815.0,5400.0,90'+5',2025-11-03 06:14:20
13086,726028,994,away,1,5-4-1,1,1,10,215152,Bersant Celina,Left Midfielder,11,0,0,-1,,,,1,223140,4,223140.0,5400.0,90'+5',2025-11-03 06:14:20
13086,726028,994,away,1,5-4-1,1,0,4,223140,Sotiris Papagiannopoulos,Substitute,0,1,215152,10,215152.0,5400.0,90'+5',0,0,-1,,,,2025-11-03 06:14:20
13086,726028,994,away,1,5-4-1,1,0,29,406318,Kevin Filling,Substitute,0,1,364726,20,364726.0,5400.0,90'+5',0,0,-1,,,,2025-11-03 06:14:20
13086,726028,994,away,1,5-4-1,1,0,48,409815,Axel Kouame,Substitute,0,1,357135,18,357135.0,5400.0,90'+5',0,0,-1,,,,2025-11-03 06:14:20
13086,726028,994,away,1,5-4-1,1,0,42,414367,Sixten Gustafsson,Substitute,0,0,0,-1,,,,0,0,-1,,,,2025-11-03 06:14:20
13086,726028,994,away,1,5-4-1,1,0,46,406317,Yannick Geiger,Substitute,0,1,229692,17,229692.0,2040.0,34',0,0,-1,,,,2025-11-03 06:14:20
13086,726028,994,away,1,5-4-1,1,0,45,347636,Taha Ayari,Substitute,0,1,356382,14,356382.0,4380.0,73',0,0,-1,,,,2025-11-03 06:14:20
13086,726028,994,away,1,5-4-1,1,0,30,218410,Kalle Joelsson,Substitute,0,0,0,-1,,,,0,0,-1,,,,2025-11-03 06:14:20
13086,726029,8222,home,0,4-3-3,1,1,13,360878,Kees Sims,Goalkeeper,1,0,0,-1,,,,0,0,-1,,,,2025-11-03 06:14:20
13086,726029,8222,home,0,4-3-3,1,1,6,378806,August Wängberg,Right Back,2,0,0,-1,,,,1,356377,12,356377.0,4620.0,77',2025-11-03 06:14:20
13086,726029,8222,home,0,4-3-3,1,1,2,400217,Matteo de Brienne,Left Back,3,0,0,-1,,,,1,379958,5,379958.0,3720.0,62',2025-11-03 06:14:20
13086,726029,8222,home,0,4-3-3,1,1,18,313931,Kevin Holmén,Center Midfielder,4,0,0,-1,,,,1,149765,25,149765.0,5040.0,84',2025-11-03 06:14:20
13086,726029,8222,home,0,4-3-3,1,1,22,378820,Anes Cardaklija,Center Right Defender,5,0,0,-1,,,,0,0,-1,,,,2025-11-03 06:14:20
13086,726029,8222,home,0,4-3-3,1,1,4,333728,Oskar Ågren,Center Left Defender,6,0,0,-1,,,,0,0,-1,,,,2025-11-03 06:14:20
13086,726029,8222,home,0,4-3-3,1,1,8,312852,William Milovanovic,Right Midfielder,7,0,0,-1,,,,0,0,-1,,,,2025-11-03 06:14:20
13086,726029,8222,home,0,4-3-3,1,1,10,347031,Amin Boudri,Left Midfielder,8,0,0,-1,,,,1,334033,11,334033.0,5040.0,84',2025-11-03 06:14:20
13086,726029,8222,home,0,4-3-3,1,1,19,308726,Ibrahim Diabaté,Forward,9,0,0,-1,,,,0,0,-1,,,,2025-11-11 06:10:14
13086,726029,8222,home,0,4-3-3,1,1,9,378816,Gustav Lundgren,Right Forward,10,0,0,-1,,,,0,0,-1,,,,2025-11-03 06:14:20
13086,726029,8222,home,0,4-3-3,1,1,16,400221,Rasmus Niklasson Petrovic,Left Forward,11,0,0,-1,,,,1,378811,7,378811.0,3720.0,62',2025-11-03 06:14:20
13086,726029,8222,home,0,4-3-3,1,0,12,356377,Robin Frej,Substitute,0,1,378806,6,378806.0,4620.0,77',0,0,-1,,,,2025-11-03 06:14:20
13086,726029,8222,home,0,4-3-3,1,0,11,334033,Edvin Becirovic,Substitute,0,1,347031,10,347031.0,5040.0,84',0,0,-1,,,,2025-11-03 06:14:20
13086,726029,8222,home,0,4-3-3,1,0,28,235766,Lucas Hedlund,Substitute,0,0,0,-1,,,,0,0,-1,,,,2025-11-03 06:14:20
13086,726029,8222,home,0,4-3-3,1,0,25,149765,Jonas Lindberg,Substitute,0,1,313931,18,313931.0,5040.0,84',0,0,-1,,,,2025-11-03 06:14:20
13086,726029,8222,home,0,4-3-3,1,0,27,357143,Anton Kurochkin,Substitute,0,0,0,-1,,,,0,0,-1,,,,2025-11-03 06:14:20
13086,726029,8222,home,0,4-3-3,1,0,7,378811,Joackim Åberg,Substitute,0,1,400221,16,400221.0,3720.0,62',0,0,-1,,,,2025-11-03 06:14:20
13086,726029,8222,home,0,4-3-3,1,0,24,378826,Filip Beckman,Substitute,0,0,0,-1,,,,0,0,-1,,,,2025-11-03 06:14:20
13086,726029,8222,home,0,4-3-3,1,0,5,379958,Robin Wendin Thomasson,Substitute,0,1,400217,2,400217.0,3720.0,62',0,0,-1,,,,2025-11-03 06:14:20
13086,726029,8222,home,0,4-3-3,1,0,30,400712,Alvin Didriksson,Substitute,0,0,0,-1,,,,0,0,-1,,,,2025-11-03 06:14:20
13086,726029,2936,away,0,4-2-3-1,1,1,13,400366,Robin Wallinder,Goalkeeper,1,0,0,-1,,,,0,0,-1,,,,2025-11-03 06:14:20
13086,726029,2936,away,0,4-2-3-1,1,1,3,380190,Kingsley Gyamfi,Right Back,2,0,0,-1,,,,0,0,-1,,,,2025-11-03 06:14:20
13086,726029,2936,away,0,4-2-3-1,1,1,14,173508,Dennis Olsson,Left Back,3,0,0,-1,,,,0,0,-1,,,,2025-11-03 06:14:20
13086,726029,2936,away,0,4-2-3-1,1,1,6,307747,Noah Soderberg,Left Midfielder,4,0,0,-1,,,,0,0,-1,,,,2025-11-03 06:14:20
13086,726029,2936,away,0,4-2-3-1,1,1,5,354352,Mattis Adolfsson,Center Right Defender,5,0,0,-1,,,,0,0,-1,,,,2025-11-03 06:14:20
13086,726029,2936,away,0,4-2-3-1,1,1,4,238435,Sebastian Starke Hedlund,Center Left Defender,6,0,0,-1,,,,0,0,-1,,,,2025-11-03 06:14:20
13086,726029,2936,away,0,4-2-3-1,1,1,10,334005,Oscar Uddenas,Attacking Midfielder Right,7,0,0,-1,,,,0,0,-1,,,,2025-11-03 06:14:20
13086,726029,2936,away,0,4-2-3-1,1,1,26,238868,Magnus Christensen,Right Midfielder,8,0,0,-1,,,,1,349204,16,349204.0,4140.0,69',2025-11-03 06:14:20
13086,726029,2936,away,0,4-2-3-1,1,1,20,217300,Alibek Aliev,Forward,9,0,0,-1,,,,0,0,-1,,,,2025-11-03 06:14:20
13086,726029,2936,away,0,4-2-3-1,1,1,7,275993,Anssi Suhonen,Attacking Midfielder,10,0,0,-1,,,,1,400371,21,400371.0,3540.0,59',2025-11-03 06:14:20
13086,726029,2936,away,0,4-2-3-1,1,1,18,311161,Daniel Ljung,Attacking Midfielder Left,11,0,0,-1,,,,0,0,-1,,,,2025-11-03 06:14:20
13086,726029,2936,away,0,4-2-3-1,1,0,29,162497,Chris Kouakou,Substitute,0,0,0,-1,,,,0,0,-1,,,,2025-11-10 06:08:36
13086,726029,2936,away,0,4-2-3-1,1,0,23,222639,Vladimir Rodic,Substitute,0,0,0,-1,,,,0,0,-1,,,,2025-11-03 06:14:20
13086,726029,2936,away,0,4-2-3-1,1,0,19,289844,Matias Tamminen,Substitute,0,0,0,-1,,,,0,0,-1,,,,2025-11-03 06:14:20
13086,726029,2936,away,0,4-2-3-1,1,0,34,332413,Joel Voelkerling Persson,Substitute,0,0,0,-1,,,,0,0,-1,,,,2025-11-03 06:14:20
13086,726029,2936,away,0,4-2-3-1,1,0,16,349204,Raymond Adjei,Substitute,0,1,238868,26,238868.0,4140.0,69',0,0,-1,,,,2025-11-03 06:14:20
13086,726029,2936,away,0,4-2-3-1,1,0,9,398188,Niklas Soderberg,Substitute,0,0,0,-1,,,,0,0,-1,,,,2025-11-03 06:14:20
13086,726029,2936,away,0,4-2-3-1,1,0,32,400368,Carl Lundahl Persson,Substitute,0,0,0,-1,,,,0,0,-1,,,,2025-11-03 06:14:20
13086,726029,2936,away,0,4-2-3-1,1,0,21,400371,Lars Bergquist,Substitute,0,1,275993,7,275993.0,3540.0,59',0,0,-1,,,,2025-11-03 06:14:20
13086,726029,2936,away,0,4-2-3-1,1,0,31,402328,Al Hussein Shakir,Substitute,0,0,0,-1,,,,0,0,-1,,,,2025-11-03 06:14:20
13086,726030,3017,home,0,3-4-3,1,1,12,195094,Tim Erlandsson,Goalkeeper,1,0,0,-1,,,,0,0,-1,,,,2025-11-03 06:14:20
13086,726030,3017,home,0,3-4-3,1,1,17,303666,André Boman,Right Midfielder,2,0,0,-1,,,,0,0,-1,,,,2025-11-03 06:14:20
13086,726030,3017,home,0,3-4-3,1,1,24,240486,Rami Kaib,Left Midfielder,3,0,0,-1,,,,0,0,-1,,,,2025-11-03 06:14:20
13086,726030,3017,home,0,3-4-3,1,1,2,381647,Bleon Kurtulus,Center Left Defender,4,0,0,-1,,,,0,0,-1,,,,2025-11-03 06:14:20
13086,726030,3017,home,0,3-4-3,1,1,4,289329,Filip Schyberg,Center Defender,5,0,0,-1,,,,0,0,-1,,,,2025-11-03 06:14:20
13086,726030,3017,home,0,3-4-3,1,1,5,178687,Pascal Gregor,Center Right Defender,6,0,0,-1,,,,0,0,-1,,,,2025-11-03 06:14:20
13086,726030,3017,home,0,3-4-3,1,1,6,147211,Joel Allansson,Center Right Midfielder,7,0,0,-1,,,,0,0,-1,,,,2025-11-03 06:14:20
13086,726030,3017,home,0,3-4-3,1,1,27,313722,Rocco Ascone,Center Left Midfielder,8,0,0,-1,,,,0,0,-1,,,,2025-11-03 06:14:20
13086,726030,3017,home,0,3-4-3,1,1,99,344475,Emmanuel Damoah Yeboah,Forward,9,0,0,-1,,,,1,334002,28,334002.0,4080.0,68',2025-11-03 06:14:20
13086,726030,3017,home,0,3-4-3,1,1,11,357140,Villiam Granath,Center Right Forward,10,0,0,-1,,,,0,0,-1,,,,2025-11-03 06:14:20
13086,726030,3017,home,0,3-4-3,1,1,8,289719,Niilo Mäenpää,Center Left Forward,11,0,0,-1,,,,1,399508,29,399508.0,4860.0,81',2025-11-03 06:14:20
13086,726030,3017,home,0,3-4-3,1,0,25,321176,Aleksander Damnjanovic,Substitute,0,0,0,-1,,,,0,0,-1,,,,2025-11-03 06:14:20
13086,726030,3017,home,0,3-4-3,1,0,28,334002,Malte Persson,Substitute,0,1,344475,99,344475.0,4080.0,68',0,0,-1,,,,2025-11-03 06:14:20
13086,726030,3017,home,0,3-4-3,1,0,1,264481,Tim Rönning,Substitute,0,0,0,-1,,,,0,0,-1,,,,2025-11-03 06:14:20
13086,726030,3017,home,0,3-4-3,1,0,18,357130,Naeem Mohammed,Substitute,0,0,0,-1,,,,0,0,-1,,,,2025-11-03 06:14:20
13086,726030,3017,home,0,3-4-3,1,0,21,121282,Marcus Olsson,Substitute,0,0,0,-1,,,,0,0,-1,,,,2025-11-03 06:14:20
13086,726030,3017,home,0,3-4-3,1,0,3,357142,Gabriel Wallentin,Substitute,0,0,0,-1,,,,0,0,-1,,,,2025-11-03 06:14:20
13086,726030,3017,home,0,3-4-3,1,0,14,159454,Blair Turgott,Substitute,0,0,0,-1,,,,0,0,-1,,,,2025-11-03 06:14:20
13086,726030,3017,home,0,3-4-3,1,0,29,399508,Erik Arvidsson,Substitute,0,1,289719,8,289719.0,4860.0,81',0,0,-1,,,,2025-11-03 06:14:20
13086,726030,3017,home,0,3-4-3,1,0,32,409580,Vincent Johansson,Substitute,0,0,0,-1,,,,0,0,-1,,,,2025-11-03 06:14:20
13086,726030,8221,away,0,4-4-2,1,1,1,411584,John-Oliver Lacayo,Goalkeeper,1,0,0,-1,,,,0,0,-1,,,,2025-11-03 06:14:20
13086,726030,8221,away,0,4-4-2,1,1,21,302691,Alex Timossi Andersson,Right Back,2,0,0,-1,,,,0,0,-1,,,,2025-11-03 06:14:20
13086,726030,8221,away,0,4-4-2,1,1,6,313932,Oliver Zandén,Left Back,3,0,0,-1,,,,0,0,-1,,,,2025-11-03 06:14:20
13086,726030,8221,away,0,4-4-2,1,1,5,251486,Serge-Junior Martinsson Ngouali,Center Right Midfielder,4,0,0,-1,,,,1,347458,27,347458.0,5280.0,88',2025-11-03 06:14:20
13086,726030,8221,away,0,4-4-2,1,1,28,195090,Isak Ssewankambo,Center Right Defender,5,0,0,-1,,,,0,0,-1,,,,2025-11-03 06:14:20
13086,726030,8221,away,0,4-4-2,1,1,3,162464,Even Hovland,Center Left Defender,6,0,0,-1,,,,0,0,-1,,,,2025-11-03 06:14:20
13086,726030,8221,away,0,4-4-2,1,1,19,243322,Daleho Irandust,Right Midfielder,7,0,0,-1,,,,1,399423,31,399423.0,3600.0,60',2025-11-03 06:14:20
13086,726030,8221,away,0,4-4-2,1,1,24,257624,Kevin Ackermann,Center Left Midfielder,8,0,0,-1,,,,1,232670,20,232670.0,4560.0,76',2025-11-03 06:14:20
13086,726030,8221,away,0,4-4-2,1,1,30,386345,Lukas Björklund,Center Left Forward,9,0,0,-1,,,,1,413946,18,413946.0,4560.0,76',2025-11-03 06:14:20
13086,726030,8221,away,0,4-4-2,1,1,23,399426,Ezekiel Alladoh,Center Right Forward,10,0,0,-1,,,,0,0,-1,,,,2025-11-03 06:14:20
13086,726030,8221,away,0,4-4-2,1,1,7,320883,Victor Lind,Left Midfielder,11,0,0,-1,,,,1,336115,11,336115.0,3540.0,59',2025-11-03 06:14:20
13086,726030,8221,away,0,4-4-2,1,0,41,412896,Philip Isaksson,Substitute,0,0,0,-1,,,,0,0,-1,,,,2025-11-03 06:14:20
13086,726030,8221,away,0,4-4-2,1,0,18,413946,Elton Hedstrom,Substitute,0,1,386345,30,386345.0,4560.0,76',0,0,-1,,,,2025-11-03 06:14:20
13086,726030,8221,away,0,4-4-2,1,0,31,399423,Love Arrhov,Substitute,0,1,243322,19,243322.0,3600.0,60',0,0,-1,,,,2025-11-03 06:14:20
13086,726030,8221,away,0,4-4-2,1,0,27,347458,Kaare Barslund,Substitute,0,1,251486,5,251486.0,5280.0,88',0,0,-1,,,,2025-11-03 06:14:20
13086,726030,8221,away,0,4-4-2,1,0,11,336115,Rasmus Örqvist,Substitute,0,1,320883,7,320883.0,3540.0,59',0,0,-1,,,,2025-11-03 06:14:20
13086,726030,8221,away,0,4-4-2,1,0,20,232670,Issiaga Camara,Substitute,0,1,257624,24,257624.0,4560.0,76',0,0,-1,,,,2025-11-03 06:14:20
13086,726030,8221,away,0,4-4-2,1,0,4,208616,Eric Bjorkander,Substitute,0,0,0,-1,,,,0,0,-1,,,,2025-11-03 06:14:20
13086,726030,8221,away,0,4-4-2,1,0,39,134643,Nabil Bahoui,Substitute,0,0,0,-1,,,,0,0,-1,,,,2025-11-03 06:14:20
13086,726030,8221,away,0,4-4-2,1,0,12,380680,Charlie Nildén,Substitute,0,0,0,-1,,,,0,0,-1,,,,2025-11-03 06:14:20
13086,726031,7834,home,0,4-4-2,1,1,99,125312,Etrit Berisha,Goalkeeper,1,0,0,-1,,,,0,0,-1,,,,2025-11-02 05:15:08
13086,726031,7834,home,0,4-4-2,1,1,11,378812,Julius Lindberg,Right Back,2,0,0,-1,,,,1,206253,5,206253.0,2700.0,45',2025-11-02 05:15:08
13086,726031,7834,home,0,4-4-2,1,1,21,194293,Adam Lundkvist,Left Back,3,0,0,-1,,,,0,0,-1,,,,2025-11-02 05:15:08
13086,726031,7834,home,0,4-4-2,1,1,15,356369,Samuel Leach Holm,Center Right Midfielder,4,0,0,-1,,,,1,355408,8,355408.0,4020.0,67',2025-11-02 05:15:08
13086,726031,7834,home,0,4-4-2,1,1,23,336672,Olle Samuelsson,Center Right Defender,5,0,0,-1,,,,0,0,-1,,,,2025-11-02 05:15:08
13086,726031,7834,home,0,4-4-2,1,1,22,165722,Filip Helander,Center Left Defender,6,0,0,-1,,,,0,0,-1,,,,2025-11-02 05:15:08
13086,726031,7834,home,0,4-4-2,1,1,16,357139,Pontus Dahbo,Right Midfielder,7,0,0,-1,,,,1,357023,18,357023.0,4800.0,80',2025-11-02 05:15:08
13086,726031,7834,home,0,4-4-2,1,1,14,185916,Simon Gustafson,Center Left Midfielder,8,0,0,-1,,,,0,0,-1,,,,2025-11-02 05:15:08
13086,726031,7834,home,0,4-4-2,1,1,39,364749,Isak Brusberg,Center Left Forward,9,0,0,-1,,,,1,366143,19,366143.0,2700.0,45',2025-11-02 05:15:08
13086,726031,7834,home,0,4-4-2,1,1,10,239184,Mikkel Rygaard,Center Right Forward,10,0,0,-1,,,,0,0,-1,,,,2025-11-02 05:15:08
13086,726031,7834,home,0,4-4-2,1,1,24,271087,Amor Layouni,Left Midfielder,11,0,0,-1,,,,1,343960,7,343960.0,4020.0,67',2025-11-02 05:15:08
13086,726031,7834,home,0,4-4-2,1,0,4,271086,Marius Lode,Substitute,0,0,0,-1,,,,0,0,-1,,,,2025-11-02 05:15:08
13086,726031,7834,home,0,4-4-2,1,0,5,206253,Brice Wembangomo,Substitute,0,1,378812,11,378812.0,2700.0,45',0,0,-1,,,,2025-11-02 05:15:08
13086,726031,7834,home,0,4-4-2,1,0,18,357023,Danilo Al-Saed,Substitute,0,1,357139,16,357139.0,4800.0,80',0,0,-1,,,,2025-11-02 05:15:08
13086,726031,7834,home,0,4-4-2,1,0,19,366143,John Paul Dembe,Substitute,0,1,364749,39,364749.0,2700.0,45',0,0,-1,,,,2025-11-02 05:15:08
13086,726031,7834,home,0,4-4-2,1,0,8,355408,Silas Andersen,Substitute,0,1,356369,15,356369.0,4020.0,67',0,0,-1,,,,2025-11-02 05:15:08
13086,726031,7834,home,0,4-4-2,1,0,7,343960,Sanders Ngabo,Substitute,0,1,271087,24,271087.0,4020.0,67',0,0,-1,,,,2025-11-02 05:15:08
13086,726031,7834,home,0,4-4-2,1,0,1,177546,Andreas Linde,Substitute,0,0,0,-1,,,,0,0,-1,,,,2025-11-02 05:15:08
13086,726031,7834,home,0,4-4-2,1,0,3,156555,Johan Hammar,Substitute,0,0,0,-1,,,,0,0,-1,,,,2025-11-02 05:15:08
13086,726031,7834,home,0,4-4-2,1,0,29,366829,Severin Nioule,Substitute,0,0,0,-1,,,,0,0,-1,,,,2025-11-02 05:15:08
13086,726031,2720,away,0,4-3-1-2,1,1,30,178176,Robin Olsen,Goalkeeper,1,0,0,-1,,,,0,0,-1,,,,2025-11-02 05:15:08
13086,726031,2720,away,0,4-3-1-2,1,1,2,9101,Johan Karlsson,Right Back,2,0,0,-1,,,,0,0,-1,,,,2025-11-02 05:15:08
13086,726031,2720,away,0,4-3-1-2,1,1,25,301219,Busanello,Left Back,3,0,0,-1,,,,0,0,-1,,,,2025-11-02 05:15:08
13086,726031,2720,away,0,4-3-1-2,1,1,40,381395,Kenan Busuladzic,Center Midfielder,4,0,0,-1,,,,1,314164,22,314164.0,5400.0,90'+2',2025-11-02 05:15:08
13086,726031,2720,away,0,4-3-1-2,1,1,17,193186,Jens Stryger Larsen,Center Right Defender,5,0,0,-1,,,,0,0,-1,,,,2025-11-02 05:15:08
13086,726031,2720,away,0,4-3-1-2,1,1,19,279135,Colin Rösler,Center Left Defender,6,0,0,-1,,,,0,0,-1,,,,2025-11-02 05:15:08
13086,726031,2720,away,0,4-3-1-2,1,1,7,315679,Otto Rosengren,Right Midfielder,7,0,0,-1,,,,0,0,-1,,,,2025-11-02 05:15:08
13086,726031,2720,away,0,4-3-1-2,1,1,29,218450,Sead Haksabanovic,Attacking Midfielder,8,0,0,-1,,,,1,162738,6,162738.0,4800.0,80',2025-11-02 05:15:08
13086,726031,2720,away,0,4-3-1-2,1,1,11,308880,Emmanuel Ekong,Center Right Forward,9,0,0,-1,,,,1,346284,15,346284.0,4800.0,80',2025-11-02 05:15:08
13086,726031,2720,away,0,4-3-1-2,1,1,38,330239,Hugo Bolin,Midfielder,10,0,0,-1,,,,1,194453,21,194453.0,5160.0,86',2025-11-02 05:15:08
13086,726031,2720,away,0,4-3-1-2,1,1,37,364698,Adrian Skogmar,Left Midfielder,11,0,0,-1,,,,0,0,-1,,,,2025-11-02 05:15:08
13086,726031,2720,away,0,4-3-1-2,1,0,45,411015,Anton Höög,,0,0,0,-1,,,,0,0,-1,,,,2025-11-02 05:15:08
13086,726031,2720,away,0,4-3-1-2,1,0,32,360023,Daniel Gudjohnsen,,0,0,0,-1,,,,0,0,-1,,,,2025-11-02 05:15:08
13086,726031,2720,away,0,4-3-1-2,1,0,15,346284,Salifou Soumah,,0,1,308880,11,308880.0,4800.0,80',0,0,-1,,,,2025-11-02 05:15:08
13086,726031,2720,away,0,4-3-1-2,1,0,22,314164,Taha Ali,,0,1,381395,40,381395.0,5400.0,90'+2',0,0,-1,,,,2025-11-02 05:15:08
13086,726031,2720,away,0,4-3-1-2,1,0,33,307800,Melker Ellborg,,0,0,0,-1,,,,0,0,-1,,,,2025-11-02 05:15:08
13086,726031,2720,away,0,4-3-1-2,1,0,21,194453,Stefano Vecchia,,0,1,330239,38,330239.0,5160.0,86',0,0,-1,,,,2025-11-02 05:15:08
13086,726031,2720,away,0,4-3-1-2,1,0,6,162738,Oscar Lewicki,,0,1,218450,29,218450.0,4800.0,80',0,0,-1,,,,2025-11-02 05:15:08
13086,726031,2720,away,0,4-3-1-2,1,0,13,75987,Martin Olsson,,0,0,0,-1,,,,0,0,-1,,,,2025-11-02 05:15:08
13086,726031,2720,away,0,4-3-1-2,1,0,46,413450,Theodor Lundbergh,,0,0,0,-1,,,,0,0,-1,,,,2025-11-02 05:15:08
13086,726032,8544,home,0,4-3-3,1,1,40,19242,David Andersson,Goalkeeper,1,0,0,-1,,,,0,0,-1,,,,2025-11-02 05:15:08
13086,726032,8544,home,0,4-3-3,1,1,37,345975,Moutaz Neffati,Right Back,2,0,0,-1,,,,0,0,-1,,,,2025-11-02 05:15:08
13086,726032,8544,home,0,4-3-3,1,1,3,359167,Marcus Baggesen,Left Back,3,0,0,-1,,,,0,0,-1,,,,2025-11-02 05:15:08
13086,726032,8544,home,0,4-3-3,1,1,7,232279,Alexander Fransson,Center Midfielder,4,0,0,-1,,,,1,287215,22,287215.0,3600.0,60',2025-11-02 05:15:08
13086,726032,8544,home,0,4-3-3,1,1,24,334015,Anton Eriksson,Center Right Defender,5,0,0,-1,,,,0,0,-1,,,,2025-11-02 05:15:08
13086,726032,8544,home,0,4-3-3,1,1,19,238431,Max Watson,Center Left Defender,6,0,0,-1,,,,0,0,-1,,,,2025-11-02 05:15:08
13086,726032,8544,home,0,4-3-3,1,1,28,389749,Åke Andersson,Right Midfielder,7,0,0,-1,,,,1,400367,20,400367.0,4620.0,77',2025-11-02 05:15:08
13086,726032,8544,home,0,4-3-3,1,1,25,364988,Kevin Höög Jansson,Left Midfielder,8,0,0,-1,,,,0,0,-1,,,,2025-11-02 05:15:08
13086,726032,8544,home,0,4-3-3,1,1,9,230353,Arnór Traustason,Forward,9,0,0,-1,,,,1,329668,31,329668.0,5400.0,90',2025-11-02 05:15:08
13086,726032,8544,home,0,4-3-3,1,1,5,158978,Christoffer Nyman,Right Forward,10,0,0,-1,,,,1,400219,18,400219.0,5400.0,90',2025-11-02 05:15:08
13086,726032,8544,home,0,4-3-3,1,1,8,321404,Ísak Andri Sigurgeirsson,Left Forward,11,0,0,-1,,,,0,0,-1,,,,2025-11-02 05:15:08
13086,726032,8544,home,0,4-3-3,1,0,17,409648,Abdoulie Tamba,Substitute,0,0,0,-1,,,,0,0,-1,,,,2025-11-02 05:15:08
13086,726032,8544,home,0,4-3-3,1,0,32,404755,William Bergman,Substitute,0,0,0,-1,,,,0,0,-1,,,,2025-11-02 05:15:08
13086,726032,8544,home,0,4-3-3,1,0,20,400367,Axel Brönner,Substitute,0,1,389749,28,389749.0,4620.0,77',0,0,-1,,,,2025-11-02 05:15:08
13086,726032,8544,home,0,4-3-3,1,0,18,400219,Jónatan Gudni Arnarsson,Substitute,0,1,158978,5,158978.0,5400.0,90',0,0,-1,,,,2025-11-02 05:15:08
13086,726032,8544,home,0,4-3-3,1,0,30,380189,Theo Krantz,Substitute,0,0,0,-1,,,,0,0,-1,,,,2025-11-02 05:15:08
13086,726032,8544,home,0,4-3-3,1,0,4,356374,Amadeus Sögaard,Substitute,0,0,0,-1,,,,0,0,-1,,,,2025-11-02 05:15:08
13086,726032,8544,home,0,4-3-3,1,0,31,329668,Jesper Lindvall,Substitute,0,1,230353,9,230353.0,5400.0,90',0,0,-1,,,,2025-11-02 05:15:08
13086,726032,8544,home,0,4-3-3,1,0,14,306290,Yahya Kalley,Substitute,0,0,0,-1,,,,0,0,-1,,,,2025-11-02 05:15:08
13086,726032,8544,home,0,4-3-3,1,0,22,287215,Tim Prica,Substitute,0,1,232279,7,232279.0,3600.0,60',0,0,-1,,,,2025-11-02 05:15:08
13086,726032,8547,away,1,4-2-3-1,1,1,34,325348,David Celic,Goalkeeper,1,0,0,-1,,,,0,0,-1,,,,2025-11-02 05:15:08
13086,726032,8547,away,1,4-2-3-1,1,1,2,235919,Henrik Castegren,Right Back,2,0,0,-1,,,,0,0,-1,,,,2025-11-02 05:15:08
13086,726032,8547,away,1,4-2-3-1,1,1,22,243517,Oscar Krusnell,Left Back,3,0,0,-1,,,,0,0,-1,,,,2025-11-02 05:15:08
13086,726032,8547,away,1,4-2-3-1,1,1,17,15527,Marcus Lindberg,Left Midfielder,4,0,0,-1,,,,0,0,-1,,,,2025-11-02 05:15:08
13086,726032,8547,away,1,4-2-3-1,1,1,15,186504,Simon Sandberg,Center Right Defender,5,0,0,-1,,,,0,0,-1,,,,2025-11-02 05:15:08
13086,726032,8547,away,1,4-2-3-1,1,1,4,366597,Tobias Anker,Center Left Defender,6,0,0,-1,,,,0,0,-1,,,,2025-11-02 05:15:08
13086,726032,8547,away,1,4-2-3-1,1,1,7,22706,Joakim Persson,Attacking Midfielder Right,7,0,0,-1,,,,1,379166,8,379166.0,4200.0,70',2025-11-02 05:15:08
13086,726032,8547,away,1,4-2-3-1,1,1,10,358564,Melker Heier,Right Midfielder,8,0,0,-1,,,,1,315677,18,315677.0,5400.0,90',2025-11-02 05:15:08
13086,726032,8547,away,1,4-2-3-1,1,1,9,322993,Robbie Ure,Forward,9,0,0,-1,,,,0,0,-1,,,,2025-11-02 05:15:08
13086,726032,8547,away,1,4-2-3-1,1,1,14,323176,Leo Walta,Attacking Midfielder,10,0,0,-1,,,,1,309271,19,309271.0,4980.0,83',2025-11-02 05:15:08
13086,726032,8547,away,1,4-2-3-1,1,1,29,344867,Isak Bjerkebo,Attacking Midfielder Left,11,0,0,-1,,,,1,401059,24,401059.0,4980.0,83',2025-11-02 05:15:08
13086,726032,8547,away,1,4-2-3-1,1,0,8,379166,Matthias Nartey,Substitute,0,1,22706,7,22706.0,4200.0,70',0,0,-1,,,,2025-11-02 05:15:08
13086,726032,8547,away,1,4-2-3-1,1,0,24,401059,Victor Svensson,Substitute,0,1,344867,29,344867.0,4980.0,83',0,0,-1,,,,2025-11-02 05:15:08
13086,726032,8547,away,1,4-2-3-1,1,0,27,409472,Neo Jönsson,Substitute,0,0,0,-1,,,,0,0,-1,,,,2025-11-02 05:15:08
13086,726032,8547,away,1,4-2-3-1,1,0,21,235518,Dennis Widgren,Substitute,0,0,0,-1,,,,0,0,-1,,,,2025-11-02 05:15:08
13086,726032,8547,away,1,4-2-3-1,1,0,1,313973,Ismael Diawara,Substitute,0,0,0,-1,,,,0,0,-1,,,,2025-11-02 05:15:08
13086,726032,8547,away,1,4-2-3-1,1,0,19,309271,Noel Milleskog,Substitute,0,1,323176,14,323176.0,4980.0,83',0,0,-1,,,,2025-11-02 05:15:08
13086,726032,8547,away,1,4-2-3-1,1,0,13,298341,Jakob Voelkerling Persson,Substitute,0,0,0,-1,,,,0,0,-1,,,,2025-11-02 05:15:08
13086,726032,8547,away,1,4-2-3-1,1,0,5,25076,Tobias Carlsson,Substitute,0,0,0,-1,,,,0,0,-1,,,,2025-11-02 05:15:08
13086,726032,8547,away,1,4-2-3-1,1,0,18,315677,Adam Wikman,Substitute,0,1,358564,10,358564.0,5400.0,90',0,0,-1,,,,2025-11-02 05:15:08
13086,726033,21382,home,0,5-4-1,1,1,1,277177,Hugo Keto,Goalkeeper,1,0,0,-1,,,,0,0,-1,,,,2025-11-04 06:13:28
13086,726033,21382,home,0,5-4-1,1,1,20,334028,Freddy Winsth,Right Back,2,0,0,-1,,,,1,380552,2,380552.0,3540.0,59',2025-11-04 06:13:28
13086,726033,21382,home,0,5-4-1,1,1,3,272272,Axel Björnström,Left Back,3,0,0,-1,,,,0,0,-1,,,,2025-11-04 06:13:28
13086,726033,21382,home,0,5-4-1,1,1,27,159526,Souleymane Coulibaly,Center Left Defender,4,0,0,-1,,,,0,0,-1,,,,2025-11-04 06:13:28
13086,726033,21382,home,0,5-4-1,1,1,6,267616,Hugo Andersson,Center Defender,5,0,0,-1,,,,0,0,-1,,,,2025-11-04 06:13:28
13086,726033,21382,home,0,5-4-1,1,1,4,383897,Rufai Mohammed,Center Right Defender,6,0,0,-1,,,,0,0,-1,,,,2025-11-04 06:13:28
13086,726033,21382,home,0,5-4-1,1,1,18,381397,Mohammad Alsalkhadi,Right Midfielder,7,0,0,-1,,,,1,365517,7,365517.0,4080.0,68',2025-11-04 06:13:28
13086,726033,21382,home,0,5-4-1,1,1,11,187920,Kent-Are Antonsen,Center Right Midfielder,8,0,0,-1,,,,1,409583,21,409583.0,4980.0,83',2025-11-04 06:13:28
13086,726033,21382,home,0,5-4-1,1,1,14,153631,Marcus Antonsson,Forward,9,0,0,-1,,,,0,0,-1,,,,2025-11-04 06:13:28
13086,726033,21382,home,0,5-4-1,1,1,22,158993,Simon Thern,Center Left Midfielder,10,0,0,-1,,,,1,386317,16,386317.0,3480.0,58',2025-11-04 06:13:28
13086,726033,21382,home,0,5-4-1,1,1,8,366595,Otso Liimatta,Left Midfielder,11,0,0,-1,,,,1,341437,9,341437.0,4080.0,68',2025-11-04 06:13:28
13086,726033,21382,home,0,5-4-1,1,0,9,341437,Kai Meriluoto,Substitute,0,1,366595,8,366595.0,4080.0,68',0,0,-1,,,,2025-11-04 06:13:28
13086,726033,21382,home,0,5-4-1,1,0,39,341335,Viktor Andersson,Substitute,0,0,0,-1,,,,0,0,-1,,,,2025-11-04 06:13:28
13086,726033,21382,home,0,5-4-1,1,0,10,345479,Ajdin Zeljkovic,Substitute,0,0,0,-1,,,,0,0,-1,,,,2025-11-04 06:13:28
13086,726033,21382,home,0,5-4-1,1,0,25,312873,Noah Shamoun,Substitute,0,0,0,-1,,,,0,0,-1,,,,2025-11-04 06:13:28
13086,726033,21382,home,0,5-4-1,1,0,7,365517,Fred Bozicevic,Substitute,0,1,381397,18,381397.0,4080.0,68',0,0,-1,,,,2025-11-04 06:13:28
13086,726033,21382,home,0,5-4-1,1,0,2,380552,Johan Rapp,Substitute,0,1,334028,20,334028.0,3540.0,59',0,0,-1,,,,2025-11-04 06:13:28
13086,726033,21382,home,0,5-4-1,1,0,16,386317,Antonio Kujundzic,Substitute,0,1,158993,22,158993.0,3480.0,58',0,0,-1,,,,2025-11-04 06:13:28
13086,726033,21382,home,0,5-4-1,1,0,21,409583,Mamadou Cellou Diallo,Substitute,0,1,187920,11,187920.0,4980.0,83',0,0,-1,,,,2025-11-04 06:13:28
13086,726033,21382,home,0,5-4-1,1,0,5,412134,Armandas Raudonis,Substitute,0,0,0,-1,,,,0,0,-1,,,,2025-11-04 06:13:28
13086,726033,20301,away,1,3-4-3,1,1,35,151931,Alexander Lundin,Goalkeeper,1,0,0,-1,,,,0,0,-1,,,,2025-11-04 06:13:28
13086,726033,20301,away,1,3-4-3,1,1,14,312876,Herman Johansson,Right Midfielder,2,0,0,-1,,,,1,269109,11,269109.0,4200.0,70',2025-11-04 06:13:28
13086,726033,20301,away,1,3-4-3,1,1,17,357145,Elliot Stroud,Left Midfielder,3,0,0,-1,,,,0,0,-1,,,,2025-11-04 06:13:28
13086,726033,20301,away,1,3-4-3,1,1,27,346501,Ludvig Tidstrand,Center Left Defender,4,0,0,-1,,,,1,382147,3,382147.0,3900.0,65',2025-11-04 06:13:28
13086,726033,20301,away,1,3-4-3,1,1,4,306289,Axel Norén,Center Defender,5,0,0,-1,,,,0,0,-1,,,,2025-11-04 06:13:28
13086,726033,20301,away,1,3-4-3,1,1,24,172917,Tom Pettersson,Center Right Defender,6,0,0,-1,,,,0,0,-1,,,,2025-11-04 06:13:28
13086,726033,20301,away,1,3-4-3,1,1,7,303651,Viktor Gustafson,Center Right Midfielder,7,0,0,-1,,,,0,0,-1,,,,2025-11-04 06:13:28
13086,726033,20301,away,1,3-4-3,1,1,6,356408,Ludwig Malachowski,Center Left Midfielder,8,0,0,-1,,,,1,389637,39,389637.0,3900.0,65',2025-11-04 06:13:28
13086,726033,20301,away,1,3-4-3,1,1,18,293925,Jacob Bergstrom,Forward,9,0,0,-1,,,,1,301382,16,301382.0,3900.0,65',2025-11-04 06:13:28
13086,726033,20301,away,1,3-4-3,1,1,10,305758,Jeppe Kjaer Jensen,Center Right Forward,10,0,0,-1,,,,1,303653,21,303653.0,4860.0,81',2025-11-04 06:13:28
13086,726033,20301,away,1,3-4-3,1,1,15,361860,Bork Bang-Kittilsen,Center Left Forward,11,0,0,-1,,,,0,0,-1,,,,2025-11-04 06:13:28
13086,726033,20301,away,1,3-4-3,1,0,3,382147,Christian Tchouante,Substitute,0,1,346501,27,346501.0,3900.0,65',0,0,-1,,,,2025-11-04 06:13:28
13086,726033,20301,away,1,3-4-3,1,0,39,389637,Romeo Leandersson,Substitute,0,1,356408,6,356408.0,3900.0,65',0,0,-1,,,,2025-11-04 06:13:28
13086,726033,20301,away,1,3-4-3,1,0,22,192793,Jesper Gustavsson,Substitute,0,0,0,-1,,,,0,0,-1,,,,2025-11-04 06:13:28
13086,726033,20301,away,1,3-4-3,1,0,11,269109,Timo Stavitski,Substitute,0,1,312876,14,312876.0,4200.0,70',0,0,-1,,,,2025-11-04 06:13:28
13086,726033,20301,away,1,3-4-3,1,0,16,301382,Alexander Johansson,Substitute,0,1,293925,18,293925.0,3900.0,65',0,0,-1,,,,2025-11-04 06:13:28
13086,726033,20301,away,1,3-4-3,1,0,1,301377,Noel Törnqvist,Substitute,0,0,0,-1,,,,0,0,-1,,,,2025-11-04 06:13:28
13086,726033,20301,away,1,3-4-3,1,0,19,380320,Abdoulie Manneh,Substitute,0,0,0,-1,,,,0,0,-1,,,,2025-11-04 06:13:28
13086,726033,20301,away,1,3-4-3,1,0,21,303653,Adam Petersson,Substitute,0,1,305758,10,305758.0,4860.0,81',0,0,-1,,,,2025-11-04 06:13:28
13086,726033,20301,away,1,3-4-3,1,0,5,356281,Abdullah Iqbal,Substitute,0,0,0,-1,,,,0,0,-1,,,,2025-11-04 06:13:28
13086,726034,994,home,0,5-4-1,1,1,15,133993,Kristoffer Nordfeldt,Goalkeeper,1,0,0,-1,,,,0,0,-1,,,,2025-11-09 15:05:09
13086,726034,994,home,0,5-4-1,1,1,17,229692,Mads Thychosen,Right Back,2,0,0,-1,,,,1,406317,46,406317.0,2700.0,45',2025-11-10 06:08:36
13086,726034,994,home,0,5-4-1,1,1,19,237759,Dino Besirovic,Left Back,3,0,0,-1,,,,0,0,-1,,,,2025-11-10 06:08:36
13086,726034,994,home,0,5-4-1,1,1,14,356382,Fredrik Nissen,Center Left Defender,4,0,0,-1,,,,1,223140,4,223140.0,2700.0,45',2025-11-10 06:08:36
13086,726034,994,home,0,5-4-1,1,1,3,258904,Thomas Isherwood,Center Defender,5,0,0,-1,,,,1,146893,11,146893.0,4920.0,82',2025-11-10 06:08:36
13086,726034,994,home,0,5-4-1,1,1,33,322466,Áron Csongvai,Center Right Defender,6,0,0,-1,,,,0,0,-1,,,,2025-11-10 06:08:36
13086,726034,994,home,0,5-4-1,1,1,8,236162,Johan Hove,Right Midfielder,7,0,0,-1,,,,0,0,-1,,,,2025-11-10 06:08:36
13086,726034,994,home,0,5-4-1,1,1,18,357135,Abdihakim Ali,Center Right Midfielder,8,0,0,-1,,,,1,347636,45,347636.0,2700.0,45',2025-11-10 06:08:36
13086,726034,994,home,0,5-4-1,1,1,20,364726,Erik Flataker,Forward,9,0,0,-1,,,,1,406318,29,406318.0,3900.0,65',2025-11-10 06:08:36
13086,726034,994,home,0,5-4-1,1,1,7,193105,Anton Saletros,Center Left Midfielder,10,0,0,-1,,,,0,0,-1,,,,2025-11-09 15:05:09
13086,726034,994,home,0,5-4-1,1,1,10,215152,Bersant Celina,Left Midfielder,11,0,0,-1,,,,0,0,-1,,,,2025-11-10 06:08:36
13086,726034,994,home,0,5-4-1,1,0,29,406318,Kevin Filling,Substitute,0,1,364726,20,364726.0,3900.0,65',0,0,-1,,,,2025-11-10 06:08:36
13086,726034,994,home,0,5-4-1,1,0,36,407059,Zadok Yohanna,Substitute,0,0,0,-1,,,,0,0,-1,,,,2025-11-09 15:05:09
13086,726034,994,home,0,5-4-1,1,0,48,409815,Axel Kouame,Substitute,0,0,0,-1,,,,0,0,-1,,,,2025-11-09 15:05:09
13086,726034,994,home,0,5-4-1,1,0,46,406317,Yannick Geiger,Substitute,0,1,229692,17,229692.0,2700.0,45',0,0,-1,,,,2025-11-10 06:08:36
13086,726034,994,home,0,5-4-1,1,0,45,347636,Taha Ayari,Substitute,0,1,357135,18,357135.0,2700.0,45',0,0,-1,,,,2025-11-10 06:08:36
13086,726034,994,home,0,5-4-1,1,0,11,146893,John Guidetti,Substitute,0,1,258904,3,258904.0,4920.0,82',0,0,-1,,,,2025-11-10 06:08:36
13086,726034,994,home,0,5-4-1,1,0,30,218410,Kalle Joelsson,Substitute,0,0,0,-1,,,,0,0,-1,,,,2025-11-09 15:05:09
13086,726034,994,home,0,5-4-1,1,0,32,222606,Filip Benkovic,Substitute,0,0,0,-1,,,,0,0,-1,,,,2025-11-09 15:05:09
13086,726034,994,home,0,5-4-1,1,0,4,223140,Sotiris Papagiannopoulos,Substitute,0,1,356382,14,356382.0,2700.0,45',0,0,-1,,,,2025-11-10 06:08:36
13086,726034,3017,away,1,5-4-1,1,1,12,195094,Tim Erlandsson,Goalkeeper,1,0,0,-1,,,,0,0,-1,,,,2025-11-10 06:08:36
13086,726034,3017,away,1,5-4-1,1,1,17,303666,André Boman,Right Back,2,0,0,-1,,,,0,0,-1,,,,2025-11-10 06:08:36
13086,726034,3017,away,1,5-4-1,1,1,24,240486,Rami Kaib,Left Back,3,0,0,-1,,,,1,357142,3,357142.0,3660.0,61',2025-11-10 06:08:36
13086,726034,3017,away,1,5-4-1,1,1,2,381647,Bleon Kurtulus,Center Left Defender,4,0,0,-1,,,,0,0,-1,,,,2025-11-10 06:08:36
13086,726034,3017,away,1,5-4-1,1,1,4,289329,Filip Schyberg,Center Defender,5,0,0,-1,,,,0,0,-1,,,,2025-11-10 06:08:36
13086,726034,3017,away,1,5-4-1,1,1,5,178687,Pascal Gregor,Center Right Defender,6,0,0,-1,,,,1,121282,21,121282.0,5160.0,86',2025-11-10 06:08:36
13086,726034,3017,away,1,5-4-1,1,1,11,357140,Villiam Granath,Right Midfielder,7,0,0,-1,,,,0,0,-1,,,,2025-11-10 06:08:36
13086,726034,3017,away,1,5-4-1,1,1,6,147211,Joel Allansson,Center Right Midfielder,8,0,0,-1,,,,0,0,-1,,,,2025-11-10 06:08:36
13086,726034,3017,away,1,5-4-1,1,1,99,344475,Emmanuel Damoah Yeboah,Forward,9,0,0,-1,,,,1,334002,28,334002.0,4320.0,72',2025-11-11 06:10:14
13086,726034,3017,away,1,5-4-1,1,1,8,289719,Niilo Mäenpää,Center Left Midfielder,10,0,0,-1,,,,1,409580,32,409580.0,4320.0,72',2025-11-10 06:08:36
13086,726034,3017,away,1,5-4-1,1,1,19,401274,Marvin Illary,Left Midfielder,11,0,0,-1,,,,1,399508,29,399508.0,5220.0,87',2025-11-11 06:10:14
13086,726034,3017,away,1,5-4-1,1,0,15,357505,Gustav Friberg,Substitute,0,0,0,-1,,,,0,0,-1,,,,2025-11-10 06:08:36
13086,726034,3017,away,1,5-4-1,1,0,29,399508,Erik Arvidsson,Substitute,0,1,401274,19,401274.0,5220.0,87',0,0,-1,,,,2025-11-10 06:08:36
13086,726034,3017,away,1,5-4-1,1,0,32,409580,Vincent Johansson,Substitute,0,1,289719,8,289719.0,4320.0,72',0,0,-1,,,,2025-11-10 06:08:36
13086,726034,3017,away,1,5-4-1,1,0,28,334002,Malte Persson,Substitute,0,1,344475,99,344475.0,4320.0,72',0,0,-1,,,,2025-11-10 06:08:36
13086,726034,3017,away,1,5-4-1,1,0,25,321176,Aleksander Damnjanovic,Substitute,0,0,0,-1,,,,0,0,-1,,,,2025-11-10 06:08:36
13086,726034,3017,away,1,5-4-1,1,0,1,264481,Tim Rönning,Substitute,0,0,0,-1,,,,0,0,-1,,,,2025-11-10 06:08:36
13086,726034,3017,away,1,5-4-1,1,0,14,159454,Blair Turgott,Substitute,0,0,0,-1,,,,0,0,-1,,,,2025-11-10 06:08:36
13086,726034,3017,away,1,5-4-1,1,0,21,121282,Marcus Olsson,Substitute,0,1,178687,5,178687.0,5160.0,86',0,0,-1,,,,2025-11-10 06:08:36
13086,726034,3017,away,1,5-4-1,1,0,3,357142,Gabriel Wallentin,Substitute,0,1,240486,24,240486.0,3660.0,61',0,0,-1,,,,2025-11-10 06:08:36
13086,726035,8221,home,0,4-4-2,1,1,1,411584,John-Oliver Lacayo,Goalkeeper,1,0,0,-1,,,,0,0,-1,,,,2025-11-10 06:08:36
13086,726035,8221,home,0,4-4-2,1,1,21,302691,Alex Timossi Andersson,Right Back,2,0,0,-1,,,,0,0,-1,,,,2025-11-10 06:08:36
13086,726035,8221,home,0,4-4-2,1,1,6,313932,Oliver Zandén,Left Back,3,0,0,-1,,,,0,0,-1,,,,2025-11-10 06:08:36
13086,726035,8221,home,0,4-4-2,1,1,24,257624,Kevin Ackermann,Center Right Midfielder,4,0,0,-1,,,,1,399423,31,399423.0,4320.0,72',2025-11-10 06:08:36
13086,726035,8221,home,0,4-4-2,1,1,28,195090,Isak Ssewankambo,Center Right Defender,5,0,0,-1,,,,0,0,-1,,,,2025-11-10 06:08:36
13086,726035,8221,home,0,4-4-2,1,1,3,162464,Even Hovland,Center Left Defender,6,0,0,-1,,,,0,0,-1,,,,2025-11-10 06:08:36
13086,726035,8221,home,0,4-4-2,1,1,19,243322,Daleho Irandust,Right Midfielder,7,0,0,-1,,,,1,413946,18,413946.0,4320.0,72',2025-11-10 06:08:36
13086,726035,8221,home,0,4-4-2,1,1,27,347458,Kaare Barslund,Center Left Midfielder,8,0,0,-1,,,,0,0,-1,,,,2025-11-10 06:08:36
13086,726035,8221,home,0,4-4-2,1,1,30,386345,Lukas Björklund,Center Left Forward,9,0,0,-1,,,,1,134643,39,134643.0,3480.0,58',2025-11-10 06:08:36
13086,726035,8221,home,0,4-4-2,1,1,7,320883,Victor Lind,Center Right Forward,10,0,0,-1,,,,1,384107,14,384107.0,5280.0,88',2025-11-10 06:08:36
13086,726035,8221,home,0,4-4-2,1,1,33,399428,Sion Oppong,Left Midfielder,11,0,0,-1,,,,1,380680,12,380680.0,3480.0,58',2025-11-10 06:08:36
13086,726035,8221,home,0,4-4-2,1,0,8,407097,Adam Stroud,Substitute,0,0,0,-1,,,,0,0,-1,,,,2025-11-10 06:08:36
13086,726035,8221,home,0,4-4-2,1,0,18,413946,Elton Hedstrom,Substitute,0,1,243322,19,243322.0,4320.0,72',0,0,-1,,,,2025-11-10 06:08:36
13086,726035,8221,home,0,4-4-2,1,0,41,412896,Philip Isaksson,Substitute,0,0,0,-1,,,,0,0,-1,,,,2025-11-10 06:08:36
13086,726035,8221,home,0,4-4-2,1,0,39,134643,Nabil Bahoui,Substitute,0,1,386345,30,386345.0,3480.0,58',0,0,-1,,,,2025-11-10 06:08:36
13086,726035,8221,home,0,4-4-2,1,0,2,306206,Hlynur Freyr Karlsson,Substitute,0,0,0,-1,,,,0,0,-1,,,,2025-11-10 06:08:36
13086,726035,8221,home,0,4-4-2,1,0,31,399423,Love Arrhov,Substitute,0,1,257624,24,257624.0,4320.0,72',0,0,-1,,,,2025-11-10 06:08:36
13086,726035,8221,home,0,4-4-2,1,0,14,384107,Kamilcan Sever,Substitute,0,1,320883,7,320883.0,5280.0,88',0,0,-1,,,,2025-11-10 06:08:36
13086,726035,8221,home,0,4-4-2,1,0,12,380680,Charlie Nildén,Substitute,0,1,399428,33,399428.0,3480.0,58',0,0,-1,,,,2025-11-10 06:08:36
13086,726035,8221,home,0,4-4-2,1,0,20,232670,Issiaga Camara,Substitute,0,0,0,-1,,,,0,0,-1,,,,2025-11-10 06:08:36
13086,726035,20856,away,1,4-4-2,1,1,26,194803,Matvei Igonen,Goalkeeper,1,0,0,-1,,,,0,0,-1,,,,2025-11-10 06:08:36
13086,726035,20856,away,1,4-4-2,1,1,6,235489,Daniel Sundgren,Right Back,2,0,0,-1,,,,0,0,-1,,,,2025-11-10 06:08:36
13086,726035,20856,away,1,4-4-2,1,1,39,378634,Philippe Ndinga Ossibadjouo,Left Back,3,0,0,-1,,,,0,0,-1,,,,2025-11-10 06:08:36
13086,726035,20856,away,1,4-4-2,1,1,21,325409,Kazper Karlsson,Center Right Midfielder,4,0,0,-1,,,,0,0,-1,,,,2025-11-10 06:08:36
13086,726035,20856,away,1,4-4-2,1,1,4,301367,Leon Hien,Center Right Defender,5,0,0,-1,,,,0,0,-1,,,,2025-11-10 06:08:36
13086,726035,20856,away,1,4-4-2,1,1,5,385769,Juhani Pikkarainen,Center Left Defender,6,0,0,-1,,,,0,0,-1,,,,2025-11-10 06:08:36
13086,726035,20856,away,1,4-4-2,1,1,29,275575,Santeri Haarala,Right Midfielder,7,0,0,-1,,,,1,205158,16,205158.0,4860.0,81',2025-11-10 06:08:36
13086,726035,20856,away,1,4-4-2,1,1,8,301374,Nahom Netabay,Center Left Midfielder,8,0,0,-1,,,,0,0,-1,,,,2025-11-10 06:08:36
13086,726035,20856,away,1,4-4-2,1,1,22,334867,Dijan Vukojevic,Center Left Forward,9,0,0,-1,,,,0,0,-1,,,,2025-11-10 06:08:36
13086,726035,20856,away,1,4-4-2,1,1,17,304144,Armann Taranis,Center Right Forward,10,0,0,-1,,,,0,0,-1,,,,2025-11-10 06:08:36
13086,726035,20856,away,1,4-4-2,1,1,20,400141,Elias Barsoum,Left Midfielder,11,0,0,-1,,,,1,364830,10,364830.0,3660.0,61',2025-11-10 06:08:36
13086,726035,20856,away,1,4-4-2,1,0,2,256567,Mamadouba Diaby,Substitute,0,0,0,-1,,,,0,0,-1,,,,2025-11-10 06:08:36
13086,726035,20856,away,1,4-4-2,1,0,30,255257,Bernardo Morgado,Substitute,0,0,0,-1,,,,0,0,-1,,,,2025-11-10 06:08:36
13086,726035,20856,away,1,4-4-2,1,0,16,205158,Sebastian Ohlsson,Substitute,0,1,275575,29,275575.0,4860.0,81',0,0,-1,,,,2025-11-10 06:08:36
13086,726035,20856,away,1,4-4-2,1,0,10,364830,Marcus Rafferty,Substitute,0,1,400141,20,400141.0,3660.0,61',0,0,-1,,,,2025-11-10 06:08:36
13086,726035,20856,away,1,4-4-2,1,0,11,218520,Christos Gravius,Substitute,0,0,0,-1,,,,0,0,-1,,,,2025-11-10 06:08:36
13086,726035,20856,away,1,4-4-2,1,0,15,324395,Nasiru Moro,Substitute,0,0,0,-1,,,,0,0,-1,,,,2025-11-10 06:08:36
13086,726035,20856,away,1,4-4-2,1,0,19,316173,Richie Omorowa,Substitute,0,0,0,-1,,,,0,0,-1,,,,2025-11-10 06:08:36
13086,726035,20856,away,1,4-4-2,1,0,28,238859,Marcus Godinho,Substitute,0,0,0,-1,,,,0,0,-1,,,,2025-11-10 06:08:36
13086,726035,20856,away,1,4-4-2,1,0,1,286770,Willie Jakobsson,Substitute,0,0,0,-1,,,,0,0,-1,,,,2025-11-10 06:08:36
13086,726036,2495,home,1,4-4-1-1,1,1,27,301372,Felix Jakobsson,Goalkeeper,1,0,0,-1,,,,0,0,-1,,,,2025-11-10 06:08:36
13086,726036,2495,home,1,4-4-1-1,1,1,2,382504,Hampus Skoglund,Right Back,2,0,0,-1,,,,1,269195,21,269195.0,4560.0,76',2025-11-10 06:08:36
13086,726036,2495,home,1,4-4-1-1,1,1,3,272714,Frederik Winther,Left Back,3,0,0,-1,,,,0,0,-1,,,,2025-11-10 06:08:36
13086,726036,2495,home,1,4-4-1-1,1,1,28,344869,Frank Junior Adjei,Center Right Midfielder,4,0,0,-1,,,,1,308433,19,308433.0,5160.0,86',2025-11-10 06:08:36
13086,726036,2495,home,1,4-4-1-1,1,1,4,334038,Victor Eriksson,Center Right Defender,5,0,0,-1,,,,0,0,-1,,,,2025-11-11 06:10:14
13086,726036,2495,home,1,4-4-1-1,1,1,8,22967,Markus Karlsson,Center Left Defender,6,0,0,-1,,,,0,0,-1,,,,2025-11-11 06:10:14
13086,726036,2495,home,1,4-4-1-1,1,1,26,312880,Montader Madjed,Right Midfielder,7,0,0,-1,,,,1,313464,17,313464.0,3960.0,66',2025-11-10 06:08:36
13086,726036,2495,home,1,4-4-1-1,1,1,15,380970,Adrian Lahdo,Center Left Midfielder,8,0,0,-1,,,,1,396022,34,396022.0,4560.0,76',2025-11-10 06:08:36
13086,726036,2495,home,1,4-4-1-1,1,1,7,303670,Paulos Abraham,Forward,9,0,0,-1,,,,1,359099,29,359099.0,3960.0,66',2025-11-10 06:08:36
13086,726036,2495,home,1,4-4-1-1,1,1,20,143585,Nahir Besara,Rear Center Forward,10,0,0,-1,,,,0,0,-1,,,,2025-11-10 06:08:36
13086,726036,2495,home,1,4-4-1-1,1,1,23,378936,Obilor Okeke,Left Midfielder,11,0,0,-1,,,,1,318778,16,318778.0,4620.0,77',2025-11-10 06:08:36
13086,726036,2495,home,1,4-4-1-1,1,0,29,359099,Elohim Kaboré,Substitute,0,1,303670,7,303670.0,3960.0,66',0,0,-1,,,,2025-11-10 06:08:36
13086,726036,2495,home,1,4-4-1-1,1,0,16,318778,Noah Persson,Substitute,0,1,378936,23,378936.0,4620.0,77',0,0,-1,,,,2025-11-10 06:08:36
13086,726036,2495,home,1,4-4-1-1,1,0,17,313464,Ibrahim Fofana,Substitute,0,1,312880,26,312880.0,3960.0,66',0,0,-1,,,,2025-11-11 06:10:14
13086,726036,2495,home,1,4-4-1-1,1,0,19,308433,Nikola Vasic,Substitute,0,1,344869,28,344869.0,5160.0,86',0,0,-1,,,,2025-11-10 06:08:36
13086,726036,2495,home,1,4-4-1-1,1,0,21,269195,Simon Strand,Substitute,0,1,382504,2,382504.0,4560.0,76',0,0,-1,,,,2025-11-10 06:08:36
13086,726036,2495,home,1,4-4-1-1,1,0,34,396022,Wilson Lindberg Uhrström,Substitute,0,1,380970,15,380970.0,4560.0,76',0,0,-1,,,,2025-11-10 06:08:36
13086,726036,2495,home,1,4-4-1-1,1,0,11,205374,Oscar Johansson Schellhas,Substitute,0,0,0,-1,,,,0,0,-1,,,,2025-11-10 06:08:36
13086,726036,2495,home,1,4-4-1-1,1,0,1,170727,Warner Hahn,Substitute,0,0,0,-1,,,,0,0,-1,,,,2025-11-10 06:08:36
13086,726036,2495,home,1,4-4-1-1,1,0,5,218436,Tesfaldet Tekie,Substitute,0,0,0,-1,,,,0,0,-1,,,,2025-11-10 06:08:36
13086,726036,529,away,0,4-4-2,1,1,31,250169,Isak Pettersson,Goalkeeper,1,0,0,-1,,,,1,400222,1,400222.0,2700.0,45'+6',2025-11-10 06:08:36
13086,726036,529,away,0,4-4-2,1,1,13,146012,Johan Larsson,Right Back,2,0,0,-1,,,,1,304180,24,304180.0,3720.0,62',2025-11-10 06:08:36
13086,726036,529,away,0,4-4-2,1,1,23,134644,Niklas Hult,Left Back,3,0,0,-1,,,,0,0,-1,,,,2025-11-09 15:05:09
13086,726036,529,away,0,4-4-2,1,1,18,305401,Júlíus Magnússon,Center Right Midfielder,4,0,0,-1,,,,1,218707,7,218707.0,5280.0,88',2025-11-10 06:08:36
13086,726036,529,away,0,4-4-2,1,1,29,341452,Ibrahim Buhari,Center Right Defender,5,0,0,-1,,,,0,0,-1,,,,2025-11-10 06:08:36
13086,726036,529,away,0,4-4-2,1,1,6,286729,Rasmus Wikstrom,Center Left Defender,6,0,0,-1,,,,0,0,-1,,,,2025-11-10 06:08:36
13086,726036,529,away,0,4-4-2,1,1,15,173040,Simon Hedlund,Right Midfielder,7,0,0,-1,,,,0,0,-1,,,,2025-11-09 15:05:09
13086,726036,529,away,0,4-4-2,1,1,27,334024,Besfort Zeneli,Center Left Midfielder,8,0,0,-1,,,,0,0,-1,,,,2025-11-09 15:05:09
13086,726036,529,away,0,4-4-2,1,1,17,174501,Per Frick,Center Left Forward,9,0,0,-1,,,,1,388173,21,388173.0,4560.0,76',2025-11-10 06:08:36
13086,726036,529,away,0,4-4-2,1,1,11,303614,Taylor Silverholt,Center Right Forward,10,0,0,-1,,,,1,202705,9,202705.0,3720.0,62',2025-11-10 06:08:36
13086,726036,529,away,0,4-4-2,1,1,10,245883,Simon Olsson,Left Midfielder,11,0,0,-1,,,,1,362584,20,362584.0,5280.0,88',2025-11-10 06:08:36
13086,726036,529,away,0,4-4-2,1,0,28,389426,Frode Aronsson,Substitute,0,0,0,-1,,,,0,0,-1,,,,2025-11-09 15:05:09
13086,726036,529,away,0,4-4-2,1,0,1,400222,Simon Eriksson,Substitute,0,1,250169,31,250169.0,2700.0,45'+6',0,0,-1,,,,2025-11-10 06:08:36
13086,726036,529,away,0,4-4-2,1,0,4,202682,Daniel Granli,Substitute,0,0,0,-1,,,,0,0,-1,,,,2025-11-09 15:05:09
13086,726036,529,away,0,4-4-2,1,0,7,218707,Jens Jakob Thomasen,Substitute,0,1,305401,18,305401.0,5280.0,88',0,0,-1,,,,2025-11-10 06:08:36
13086,726036,529,away,0,4-4-2,1,0,24,304180,Frederik Ihler,Substitute,0,1,146012,13,146012.0,3720.0,62',0,0,-1,,,,2025-11-10 06:08:36
13086,726036,529,away,0,4-4-2,1,0,25,342093,Ari Sigurpálsson,Substitute,0,0,0,-1,,,,0,0,-1,,,,2025-11-09 15:05:09
13086,726036,529,away,0,4-4-2,1,0,20,362584,Gottfrid Rapp,Substitute,0,1,245883,10,245883.0,5280.0,88',0,0,-1,,,,2025-11-10 06:08:36
13086,726036,529,away,0,4-4-2,1,0,21,388173,Leo Östman,Substitute,0,1,174501,17,174501.0,4560.0,76',0,0,-1,,,,2025-11-10 06:08:36
13086,726036,529,away,0,4-4-2,1,0,9,202705,Arbër Zeneli,Substitute,0,1,303614,11,303614.0,3720.0,62',0,0,-1,,,,2025-11-10 06:08:36
13086,726037,2556,home,1,4-1-4-1,1,1,25,359784,Elis Bishesari,Goalkeeper,1,0,0,-1,,,,0,0,-1,,,,2025-11-10 06:08:36
13086,726037,2556,home,1,4-1-4-1,1,1,29,343958,Thomas Santos,Right Back,2,0,0,-1,,,,0,0,-1,,,,2025-11-10 06:08:36
13086,726037,2556,home,1,4-1-4-1,1,1,22,383948,Noah Tolf,Left Back,3,0,0,-1,,,,0,0,-1,,,,2025-11-10 06:08:36
13086,726037,2556,home,1,4-1-4-1,1,1,15,307947,David Kruse,Defensive Midfielder,4,0,0,-1,,,,0,0,-1,,,,2025-11-10 06:08:36
13086,726037,2556,home,1,4-1-4-1,1,1,13,83736,Gustav Svensson,Center Right Defender,5,0,0,-1,,,,1,220974,5,220974.0,5400.0,90'+5',2025-11-10 06:08:36
13086,726037,2556,home,1,4-1-4-1,1,1,3,241163,August Erlingmark,Center Left Defender,6,0,0,-1,,,,0,0,-1,,,,2025-11-10 06:08:36
13086,726037,2556,home,1,4-1-4-1,1,1,11,297099,Saidou Alioum Moubarak,Right Midfielder,7,0,0,-1,,,,1,297985,8,297985.0,3840.0,64',2025-11-10 06:08:36
13086,726037,2556,home,1,4-1-4-1,1,1,23,289882,Kolbeinn Thordarson,Center Right Midfielder,8,0,0,-1,,,,0,0,-1,,,,2025-11-10 06:08:36
13086,726037,2556,home,1,4-1-4-1,1,1,9,303768,Max Fenger,Forward,9,0,0,-1,,,,0,0,-1,,,,2025-11-10 06:08:36
13086,726037,2556,home,1,4-1-4-1,1,1,26,380238,Benjamin Brantlind,Center Left Midfielder,10,0,0,-1,,,,1,349811,18,349811.0,4320.0,72',2025-11-10 06:08:36
13086,726037,2556,home,1,4-1-4-1,1,1,14,219163,Tobias Heintz,Left Midfielder,11,0,0,-1,,,,0,0,-1,,,,2025-11-10 06:08:36
13086,726037,2556,home,1,4-1-4-1,1,0,16,343826,Linus Carlstrand,Substitute,0,0,0,-1,,,,0,0,-1,,,,2025-11-10 06:08:36
13086,726037,2556,home,1,4-1-4-1,1,0,18,349811,Felix Eriksson,Substitute,0,1,380238,26,380238.0,4320.0,72',0,0,-1,,,,2025-11-10 06:08:36
13086,726037,2556,home,1,4-1-4-1,1,0,8,297985,Imam Jagne,Substitute,0,1,297099,11,297099.0,3840.0,64',0,0,-1,,,,2025-11-10 06:08:36
13086,726037,2556,home,1,4-1-4-1,1,0,33,367361,Vilmer Tyren,Substitute,0,0,0,-1,,,,0,0,-1,,,,2025-11-10 06:08:36
13086,726037,2556,home,1,4-1-4-1,1,0,32,375086,Rasmus Nafors Dahlin,Substitute,0,0,0,-1,,,,0,0,-1,,,,2025-11-10 06:08:36
13086,726037,2556,home,1,4-1-4-1,1,0,1,235504,Pontus Dahlberg,Substitute,0,0,0,-1,,,,0,0,-1,,,,2025-11-10 06:08:36
13086,726037,2556,home,1,4-1-4-1,1,0,5,220974,Jonas Bager,Substitute,0,1,83736,13,83736.0,5400.0,90'+5',0,0,-1,,,,2025-11-10 06:08:36
13086,726037,2556,home,1,4-1-4-1,1,0,27,401205,Alfons Borén,Substitute,0,0,0,-1,,,,0,0,-1,,,,2025-11-10 06:08:36
13086,726037,8544,away,0,5-4-1,1,1,40,19242,David Andersson,Goalkeeper,1,0,0,-1,,,,0,0,-1,,,,2025-11-09 15:05:09
13086,726037,8544,away,0,5-4-1,1,1,37,345975,Moutaz Neffati,Right Back,2,0,0,-1,,,,0,0,-1,,,,2025-11-10 06:08:36
13086,726037,8544,away,0,5-4-1,1,1,3,359167,Marcus Baggesen,Left Back,3,0,0,-1,,,,1,400219,18,400219.0,5160.0,86',2025-11-10 06:08:36
13086,726037,8544,away,0,5-4-1,1,1,24,334015,Anton Eriksson,Center Left Defender,4,0,0,-1,,,,0,0,-1,,,,2025-11-09 15:05:09
13086,726037,8544,away,0,5-4-1,1,1,19,238431,Max Watson,Center Defender,5,0,0,-1,,,,0,0,-1,,,,2025-11-10 06:08:36
13086,726037,8544,away,0,5-4-1,1,1,4,356374,Amadeus Sögaard,Center Right Defender,6,0,0,-1,,,,1,389749,28,389749.0,5400.0,90'+2',2025-11-10 06:08:36
13086,726037,8544,away,0,5-4-1,1,1,22,287215,Tim Prica,Right Midfielder,7,0,0,-1,,,,0,0,-1,,,,2025-11-10 06:08:36
13086,726037,8544,away,0,5-4-1,1,1,9,230353,Arnór Traustason,Center Right Midfielder,8,0,0,-1,,,,1,286930,11,286930.0,4380.0,73',2025-11-10 06:08:36
13086,726037,8544,away,0,5-4-1,1,1,5,158978,Christoffer Nyman,Forward,9,0,0,-1,,,,0,0,-1,,,,2025-11-09 15:05:09
13086,726037,8544,away,0,5-4-1,1,1,25,364988,Kevin Höög Jansson,Center Left Midfielder,10,0,0,-1,,,,0,0,-1,,,,2025-11-10 06:08:36
13086,726037,8544,away,0,5-4-1,1,1,8,321404,Ísak Andri Sigurgeirsson,Left Midfielder,11,0,0,-1,,,,0,0,-1,,,,2025-11-10 06:08:36
13086,726037,8544,away,0,5-4-1,1,0,17,409648,Abdoulie Tamba,Substitute,0,0,0,-1,,,,0,0,-1,,,,2025-11-09 15:05:09
13086,726037,8544,away,0,5-4-1,1,0,11,286930,Ismet Lushaku,Substitute,0,1,230353,9,230353.0,4380.0,73',0,0,-1,,,,2025-11-10 06:08:36
13086,726037,8544,away,0,5-4-1,1,0,32,404755,William Bergman,Substitute,0,0,0,-1,,,,0,0,-1,,,,2025-11-09 15:05:09
13086,726037,8544,away,0,5-4-1,1,0,20,400367,Axel Brönner,Substitute,0,0,0,-1,,,,0,0,-1,,,,2025-11-09 15:05:09
13086,726037,8544,away,0,5-4-1,1,0,18,400219,Jónatan Gudni Arnarsson,Substitute,0,1,359167,3,359167.0,5160.0,86',0,0,-1,,,,2025-11-10 06:08:36
13086,726037,8544,away,0,5-4-1,1,0,30,380189,Theo Krantz,Substitute,0,0,0,-1,,,,0,0,-1,,,,2025-11-09 15:05:09
13086,726037,8544,away,0,5-4-1,1,0,31,329668,Jesper Lindvall,Substitute,0,0,0,-1,,,,0,0,-1,,,,2025-11-09 15:05:09
13086,726037,8544,away,0,5-4-1,1,0,28,389749,Åke Andersson,Substitute,0,1,356374,4,356374.0,5400.0,90'+2',0,0,-1,,,,2025-11-10 06:08:36
13086,726037,8544,away,0,5-4-1,1,0,14,306290,Yahya Kalley,Substitute,0,0,0,-1,,,,0,0,-1,,,,2025-11-09 15:05:09
13086,726038,2720,home,1,4-3-3,1,1,30,178176,Robin Olsen,Goalkeeper,1,0,0,-1,,,,0,0,-1,,,,2025-11-10 06:08:36
13086,726038,2720,home,1,4-3-3,1,1,17,193186,Jens Stryger Larsen,Right Back,2,0,0,-1,,,,0,0,-1,,,,2025-11-10 06:08:36
13086,726038,2720,home,1,4-3-3,1,1,25,301219,Busanello,Left Back,3,0,0,-1,,,,0,0,-1,,,,2025-11-10 06:08:36
13086,726038,2720,home,1,4-3-3,1,1,7,315679,Otto Rosengren,Center Midfielder,4,0,0,-1,,,,1,381395,40,381395.0,2700.0,45',2025-11-10 06:08:36
13086,726038,2720,home,1,4-3-3,1,1,5,312108,Andrej Duric,Center Right Defender,5,0,0,-1,,,,0,0,-1,,,,2025-11-10 06:08:36
13086,726038,2720,home,1,4-3-3,1,1,18,135579,Pontus Jansson,Center Left Defender,6,0,0,-1,,,,0,0,-1,,,,2025-11-10 06:08:36
13086,726038,2720,home,1,4-3-3,1,1,6,162738,Oscar Lewicki,Right Midfielder,7,0,0,-1,,,,0,0,-1,,,,2025-11-10 06:08:36
13086,726038,2720,home,1,4-3-3,1,1,37,364698,Adrian Skogmar,Left Midfielder,8,0,0,-1,,,,0,0,-1,,,,2025-11-10 06:08:36
13086,726038,2720,home,1,4-3-3,1,1,32,360023,Daniel Gudjohnsen,Forward,9,0,0,-1,,,,1,138055,16,138055.0,5400.0,90'+2',2025-11-10 06:08:36
13086,726038,2720,home,1,4-3-3,1,1,29,218450,Sead Haksabanovic,Right Forward,10,0,0,-1,,,,1,413450,46,413450.0,5400.0,90'+4',2025-11-10 06:08:36
13086,726038,2720,home,1,4-3-3,1,1,11,308880,Emmanuel Ekong,Left Forward,11,0,0,-1,,,,1,346284,15,346284.0,4920.0,82',2025-11-10 06:08:36
13086,726038,2720,home,1,4-3-3,1,0,46,413450,Theodor Lundbergh,Substitute,0,1,218450,29,218450.0,5400.0,90'+4',0,0,-1,,,,2025-11-10 06:08:36
13086,726038,2720,home,1,4-3-3,1,0,42,397200,Viggo Jeppsson,Substitute,0,0,0,-1,,,,0,0,-1,,,,2025-11-10 06:08:36
13086,726038,2720,home,1,4-3-3,1,0,15,346284,Salifou Soumah,Substitute,0,1,308880,11,308880.0,4920.0,82',0,0,-1,,,,2025-11-10 06:08:36
13086,726038,2720,home,1,4-3-3,1,0,40,381395,Kenan Busuladzic,Substitute,0,1,315679,7,315679.0,2700.0,45',0,0,-1,,,,2025-11-10 06:08:36
13086,726038,2720,home,1,4-3-3,1,0,33,307800,Melker Ellborg,Substitute,0,0,0,-1,,,,0,0,-1,,,,2025-11-10 06:08:36
13086,726038,2720,home,1,4-3-3,1,0,21,194453,Stefano Vecchia,Substitute,0,0,0,-1,,,,0,0,-1,,,,2025-11-10 06:08:36
13086,726038,2720,home,1,4-3-3,1,0,16,138055,Oliver Berg,Substitute,0,1,360023,32,360023.0,5400.0,90'+2',0,0,-1,,,,2025-11-10 06:08:36
13086,726038,2720,home,1,4-3-3,1,0,13,75987,Martin Olsson,Substitute,0,0,0,-1,,,,0,0,-1,,,,2025-11-10 06:08:36
13086,726038,2720,home,1,4-3-3,1,0,2,9101,Johan Karlsson,Substitute,0,0,0,-1,,,,0,0,-1,,,,2025-11-10 06:08:36
13086,726038,8222,away,0,4-3-1-2,1,1,13,360878,Kees Sims,Goalkeeper,1,0,0,-1,,,,0,0,-1,,,,2025-11-10 06:08:36
13086,726038,8222,away,0,4-3-1-2,1,1,12,356377,Robin Frej,Right Back,2,0,0,-1,,,,0,0,-1,,,,2025-11-10 06:08:36
13086,726038,8222,away,0,4-3-1-2,1,1,5,379958,Robin Wendin Thomasson,Left Back,3,0,0,-1,,,,0,0,-1,,,,2025-11-10 06:08:36
13086,726038,8222,away,0,4-3-1-2,1,1,7,378811,Joackim Åberg,Center Midfielder,4,0,0,-1,,,,1,149765,25,149765.0,4200.0,70',2025-11-10 06:08:36
13086,726038,8222,away,0,4-3-1-2,1,1,4,333728,Oskar Ågren,Center Right Defender,5,0,0,-1,,,,0,0,-1,,,,2025-11-10 06:08:36
13086,726038,8222,away,0,4-3-1-2,1,1,24,378826,Filip Beckman,Center Left Defender,6,0,0,-1,,,,1,378820,22,378820.0,4200.0,70',2025-11-10 06:08:36
13086,726038,8222,away,0,4-3-1-2,1,1,8,312852,William Milovanovic,Right Midfielder,7,0,0,-1,,,,1,409647,21,409647.0,4740.0,79',2025-11-10 06:08:36
13086,726038,8222,away,0,4-3-1-2,1,1,19,308726,Ibrahim Diabaté,Attacking Midfielder,8,0,0,-1,,,,0,0,-1,,,,2025-11-11 06:10:14
13086,726038,8222,away,0,4-3-1-2,1,1,9,378816,Gustav Lundgren,Center Right Forward,9,0,0,-1,,,,0,0,-1,,,,2025-11-10 06:08:36
13086,726038,8222,away,0,4-3-1-2,1,1,10,347031,Amin Boudri,Midfielder,10,0,0,-1,,,,1,334033,11,334033.0,3600.0,60',2025-11-10 06:08:36
13086,726038,8222,away,0,4-3-1-2,1,1,16,400221,Rasmus Niklasson Petrovic,Left Midfielder,11,0,0,-1,,,,1,313931,18,313931.0,3600.0,60',2025-11-10 06:08:36
13086,726038,8222,away,0,4-3-1-2,1,0,14,379955,Filip Gustafsson,,0,0,0,-1,,,,0,0,-1,,,,2025-11-10 06:08:36
13086,726038,8222,away,0,4-3-1-2,1,0,25,149765,Jonas Lindberg,,0,1,378811,7,378811.0,4200.0,70',0,0,-1,,,,2025-11-10 06:08:36
13086,726038,8222,away,0,4-3-1-2,1,0,21,409647,Shalom Ekong,,0,1,312852,8,312852.0,4740.0,79',0,0,-1,,,,2025-11-10 06:08:36
13086,726038,8222,away,0,4-3-1-2,1,0,30,400712,Alvin Didriksson,,0,0,0,-1,,,,0,0,-1,,,,2025-11-10 06:08:36
13086,726038,8222,away,0,4-3-1-2,1,0,2,400217,Matteo de Brienne,,0,0,0,-1,,,,0,0,-1,,,,2025-11-10 06:08:36
13086,726038,8222,away,0,4-3-1-2,1,0,28,235766,Lucas Hedlund,,0,0,0,-1,,,,0,0,-1,,,,2025-11-10 06:08:36
13086,726038,8222,away,0,4-3-1-2,1,0,18,313931,Kevin Holmén,,0,1,400221,16,400221.0,3600.0,60',0,0,-1,,,,2025-11-10 06:08:36
13086,726038,8222,away,0,4-3-1-2,1,0,22,378820,Anes Cardaklija,,0,1,378826,24,378826.0,4200.0,70',0,0,-1,,,,2025-11-10 06:08:36
13086,726038,8222,away,0,4-3-1-2,1,0,11,334033,Edvin Becirovic,,0,1,347031,10,347031.0,3600.0,60',0,0,-1,,,,2025-11-10 06:08:36
13086,726039,20301,home,1,3-4-3,1,1,1,301377,Noel Törnqvist,Goalkeeper,1,0,0,-1,,,,0,0,-1,,,,2025-11-10 06:08:36
13086,726039,20301,home,1,3-4-3,1,1,14,312876,Herman Johansson,Right Midfielder,2,0,0,-1,,,,1,357118,26,357118.0,5160.0,86',2025-11-10 06:08:36
13086,726039,20301,home,1,3-4-3,1,1,17,357145,Elliot Stroud,Left Midfielder,3,0,0,-1,,,,0,0,-1,,,,2025-11-10 06:08:36
13086,726039,20301,home,1,3-4-3,1,1,24,172917,Tom Pettersson,Center Left Defender,4,0,0,-1,,,,0,0,-1,,,,2025-11-10 06:08:36
13086,726039,20301,home,1,3-4-3,1,1,4,306289,Axel Norén,Center Defender,5,0,0,-1,,,,0,0,-1,,,,2025-11-10 06:08:36
13086,726039,20301,home,1,3-4-3,1,1,5,356281,Abdullah Iqbal,Center Right Defender,6,0,0,-1,,,,0,0,-1,,,,2025-11-10 06:08:36
13086,726039,20301,home,1,3-4-3,1,1,7,303651,Viktor Gustafson,Center Right Midfielder,7,0,0,-1,,,,1,303653,21,303653.0,5160.0,86',2025-11-10 06:08:36
13086,726039,20301,home,1,3-4-3,1,1,22,192793,Jesper Gustavsson,Center Left Midfielder,8,0,0,-1,,,,0,0,-1,,,,2025-11-10 06:08:36
13086,726039,20301,home,1,3-4-3,1,1,18,293925,Jacob Bergstrom,Forward,9,0,0,-1,,,,1,301382,16,301382.0,4440.0,74',2025-11-10 06:08:36
13086,726039,20301,home,1,3-4-3,1,1,10,305758,Jeppe Kjaer Jensen,Center Right Forward,10,0,0,-1,,,,1,356408,6,356408.0,3840.0,64',2025-11-10 06:08:36
13086,726039,20301,home,1,3-4-3,1,1,19,380320,Abdoulie Manneh,Center Left Forward,11,0,0,-1,,,,1,269109,11,269109.0,3840.0,64',2025-11-10 06:08:36
13086,726039,20301,home,1,3-4-3,1,0,6,356408,Ludwig Malachowski,Substitute,0,1,305758,10,305758.0,3840.0,64',0,0,-1,,,,2025-11-10 06:08:36
13086,726039,20301,home,1,3-4-3,1,0,11,269109,Timo Stavitski,Substitute,0,1,380320,19,380320.0,3840.0,64',0,0,-1,,,,2025-11-10 06:08:36
13086,726039,20301,home,1,3-4-3,1,0,35,151931,Alexander Lundin,Substitute,0,0,0,-1,,,,0,0,-1,,,,2025-11-10 06:08:36
13086,726039,20301,home,1,3-4-3,1,0,27,346501,Ludvig Tidstrand,Substitute,0,0,0,-1,,,,0,0,-1,,,,2025-11-10 06:08:36
13086,726039,20301,home,1,3-4-3,1,0,16,301382,Alexander Johansson,Substitute,0,1,293925,18,293925.0,4440.0,74',0,0,-1,,,,2025-11-10 06:08:36
13086,726039,20301,home,1,3-4-3,1,0,26,357118,Uba Charles,Substitute,0,1,312876,14,312876.0,5160.0,86',0,0,-1,,,,2025-11-10 06:08:36
13086,726039,20301,home,1,3-4-3,1,0,15,361860,Bork Bang-Kittilsen,Substitute,0,0,0,-1,,,,0,0,-1,,,,2025-11-10 06:08:36
13086,726039,20301,home,1,3-4-3,1,0,39,389637,Romeo Leandersson,Substitute,0,0,0,-1,,,,0,0,-1,,,,2025-11-10 06:08:36
13086,726039,20301,home,1,3-4-3,1,0,21,303653,Adam Petersson,Substitute,0,1,303651,7,303651.0,5160.0,86',0,0,-1,,,,2025-11-10 06:08:36
13086,726039,7834,away,0,4-2-3-1,1,1,99,125312,Etrit Berisha,Goalkeeper,1,0,0,-1,,,,0,0,-1,,,,2025-11-09 15:05:09
13086,726039,7834,away,0,4-2-3-1,1,1,5,206253,Brice Wembangomo,Right Back,2,0,0,-1,,,,1,394448,28,394448.0,3600.0,60',2025-11-10 06:08:36
13086,726039,7834,away,0,4-2-3-1,1,1,21,194293,Adam Lundkvist,Left Back,3,0,0,-1,,,,0,0,-1,,,,2025-11-09 15:05:09
13086,726039,7834,away,0,4-2-3-1,1,1,8,355408,Silas Andersen,Left Midfielder,4,0,0,-1,,,,0,0,-1,,,,2025-11-10 06:08:36
13086,726039,7834,away,0,4-2-3-1,1,1,44,393324,Harry Hilvenius,Center Right Defender,5,0,0,-1,,,,0,0,-1,,,,2025-11-09 15:05:09
13086,726039,7834,away,0,4-2-3-1,1,1,4,271086,Marius Lode,Center Left Defender,6,0,0,-1,,,,0,0,-1,,,,2025-11-09 15:05:09
13086,726039,7834,away,0,4-2-3-1,1,1,29,366829,Severin Nioule,Attacking Midfielder Right,7,0,0,-1,,,,1,357023,18,357023.0,4560.0,76',2025-11-10 06:08:36
13086,726039,7834,away,0,4-2-3-1,1,1,15,356369,Samuel Leach Holm,Right Midfielder,8,0,0,-1,,,,0,0,-1,,,,2025-11-10 06:08:36
13086,726039,7834,away,0,4-2-3-1,1,1,24,271087,Amor Layouni,Forward,9,0,0,-1,,,,0,0,-1,,,,2025-11-09 15:05:09
13086,726039,7834,away,0,4-2-3-1,1,1,16,357139,Pontus Dahbo,Attacking Midfielder,10,0,0,-1,,,,0,0,-1,,,,2025-11-10 06:08:36
13086,726039,7834,away,0,4-2-3-1,1,1,7,343960,Sanders Ngabo,Attacking Midfielder Left,11,0,0,-1,,,,1,378812,11,378812.0,4560.0,76',2025-11-10 06:08:36
13086,726039,7834,away,0,4-2-3-1,1,0,31,407096,Lasse Madsen,Substitute,0,0,0,-1,,,,0,0,-1,,,,2025-11-09 15:05:09
13086,726039,7834,away,0,4-2-3-1,1,0,23,336672,Olle Samuelsson,Substitute,0,0,0,-1,,,,0,0,-1,,,,2025-11-09 15:05:09
13086,726039,7834,away,0,4-2-3-1,1,0,18,357023,Danilo Al-Saed,Substitute,0,1,366829,29,366829.0,4560.0,76',0,0,-1,,,,2025-11-10 06:08:36
13086,726039,7834,away,0,4-2-3-1,1,0,13,361537,Sigge Jansson,Substitute,0,0,0,-1,,,,0,0,-1,,,,2025-11-09 15:05:09
13086,726039,7834,away,0,4-2-3-1,1,0,11,378812,Julius Lindberg,Substitute,0,1,343960,7,343960.0,4560.0,76',0,0,-1,,,,2025-11-10 06:08:36
13086,726039,7834,away,0,4-2-3-1,1,0,27,385001,Christ Wawa,Substitute,0,0,0,-1,,,,0,0,-1,,,,2025-11-09 15:05:09
13086,726039,7834,away,0,4-2-3-1,1,0,28,394448,Filip Öhman,Substitute,0,1,206253,5,206253.0,3600.0,60',0,0,-1,,,,2025-11-10 06:08:36
13086,726039,7834,away,0,4-2-3-1,1,0,22,165722,Filip Helander,Substitute,0,0,0,-1,,,,0,0,-1,,,,2025-11-09 15:05:09
13086,726039,7834,away,0,4-2-3-1,1,0,1,177546,Andreas Linde,Substitute,0,0,0,-1,,,,0,0,-1,,,,2025-11-09 15:05:09
13086,726040,8547,home,1,4-2-3-1,1,1,34,325348,David Celic,Goalkeeper,1,0,0,-1,,,,0,0,-1,,,,2025-11-10 06:08:36
13086,726040,8547,home,1,4-2-3-1,1,1,2,235919,Henrik Castegren,Right Back,2,0,0,-1,,,,0,0,-1,,,,2025-11-10 06:08:36
13086,726040,8547,home,1,4-2-3-1,1,1,22,243517,Oscar Krusnell,Left Back,3,0,0,-1,,,,1,235518,21,235518.0,3900.0,65',2025-11-10 06:08:36
13086,726040,8547,home,1,4-2-3-1,1,1,17,15527,Marcus Lindberg,Left Midfielder,4,0,0,-1,,,,0,0,-1,,,,2025-11-10 06:08:36
13086,726040,8547,home,1,4-2-3-1,1,1,5,25076,Tobias Carlsson,Center Right Defender,5,0,0,-1,,,,0,0,-1,,,,2025-11-10 06:08:36
13086,726040,8547,home,1,4-2-3-1,1,1,4,366597,Tobias Anker,Center Left Defender,6,0,0,-1,,,,0,0,-1,,,,2025-11-10 06:08:36
13086,726040,8547,home,1,4-2-3-1,1,1,27,409472,Neo Jönsson,Attacking Midfielder Right,7,0,0,-1,,,,1,309271,19,309271.0,3900.0,65',2025-11-10 06:08:36
13086,726040,8547,home,1,4-2-3-1,1,1,10,358564,Melker Heier,Right Midfielder,8,0,0,-1,,,,1,379166,8,379166.0,3900.0,65',2025-11-10 06:08:36
13086,726040,8547,home,1,4-2-3-1,1,1,9,322993,Robbie Ure,Forward,9,0,0,-1,,,,1,407098,23,407098.0,5400.0,90',2025-11-10 06:08:36
13086,726040,8547,home,1,4-2-3-1,1,1,14,323176,Leo Walta,Attacking Midfielder,10,0,0,-1,,,,0,0,-1,,,,2025-11-10 06:08:36
13086,726040,8547,home,1,4-2-3-1,1,1,29,344867,Isak Bjerkebo,Attacking Midfielder Left,11,0,0,-1,,,,1,401059,24,401059.0,4560.0,76',2025-11-10 06:08:36
13086,726040,8547,home,1,4-2-3-1,1,0,24,401059,Victor Svensson,Substitute,0,1,344867,29,344867.0,4560.0,76',0,0,-1,,,,2025-11-10 06:08:36
13086,726040,8547,home,1,4-2-3-1,1,0,8,379166,Matthias Nartey,Substitute,0,1,358564,10,358564.0,3900.0,65',0,0,-1,,,,2025-11-10 06:08:36
13086,726040,8547,home,1,4-2-3-1,1,0,23,407098,Finlay Neat,Substitute,0,1,322993,9,322993.0,5400.0,90',0,0,-1,,,,2025-11-10 06:08:36
13086,726040,8547,home,1,4-2-3-1,1,0,13,298341,Jakob Voelkerling Persson,Substitute,0,0,0,-1,,,,0,0,-1,,,,2025-11-10 06:08:36
13086,726040,8547,home,1,4-2-3-1,1,0,18,315677,Adam Wikman,Substitute,0,0,0,-1,,,,0,0,-1,,,,2025-11-10 06:08:36
13086,726040,8547,home,1,4-2-3-1,1,0,1,313973,Ismael Diawara,Substitute,0,0,0,-1,,,,0,0,-1,,,,2025-11-10 06:08:36
13086,726040,8547,home,1,4-2-3-1,1,0,19,309271,Noel Milleskog,Substitute,0,1,409472,27,409472.0,3900.0,65',0,0,-1,,,,2025-11-10 06:08:36
13086,726040,8547,home,1,4-2-3-1,1,0,21,235518,Dennis Widgren,Substitute,0,1,243517,22,243517.0,3900.0,65',0,0,-1,,,,2025-11-10 06:08:36
13086,726040,8547,home,1,4-2-3-1,1,0,15,186504,Simon Sandberg,Substitute,0,0,0,-1,,,,0,0,-1,,,,2025-11-10 06:08:36
13086,726040,21382,away,0,4-3-3,1,1,1,277177,Hugo Keto,Goalkeeper,1,0,0,-1,,,,0,0,-1,,,,2025-11-09 15:05:09
13086,726040,21382,away,0,4-3-3,1,1,19,407158,Erik Freij,Right Back,2,0,0,-1,,,,0,0,-1,,,,2025-11-09 15:05:09
13086,726040,21382,away,0,4-3-3,1,1,3,272272,Axel Björnström,Left Back,3,0,0,-1,,,,0,0,-1,,,,2025-11-09 15:05:09
13086,726040,21382,away,0,4-3-3,1,1,22,158993,Simon Thern,Center Midfielder,4,0,0,-1,,,,0,0,-1,,,,2025-11-10 06:08:36
13086,726040,21382,away,0,4-3-3,1,1,6,267616,Hugo Andersson,Center Right Defender,5,0,0,-1,,,,0,0,-1,,,,2025-11-09 15:05:09
13086,726040,21382,away,0,4-3-3,1,1,32,412134,Armandas Raudonis,Center Left Defender,6,0,0,-1,,,,1,383897,4,383897.0,5220.0,87',2025-11-10 06:08:36
13086,726040,21382,away,0,4-3-3,1,1,11,187920,Kent-Are Antonsen,Right Midfielder,7,0,0,-1,,,,0,0,-1,,,,2025-11-09 15:05:09
13086,726040,21382,away,0,4-3-3,1,1,9,341437,Kai Meriluoto,Left Midfielder,8,0,0,-1,,,,1,409583,21,409583.0,3780.0,63',2025-11-10 06:08:36
13086,726040,21382,away,0,4-3-3,1,1,14,153631,Marcus Antonsson,Forward,9,0,0,-1,,,,0,0,-1,,,,2025-11-10 06:08:36
13086,726040,21382,away,0,4-3-3,1,1,18,381397,Mohammad Alsalkhadi,Right Forward,10,0,0,-1,,,,0,0,-1,,,,2025-11-09 15:05:09
13086,726040,21382,away,0,4-3-3,1,1,8,366595,Otso Liimatta,Left Forward,11,0,0,-1,,,,1,386317,16,386317.0,4200.0,70',2025-11-10 06:08:36
13086,726040,21382,away,0,4-3-3,1,0,7,193351,Carl Johansson,Substitute,0,0,0,-1,,,,0,0,-1,,,,2025-11-09 15:05:09
13086,726040,21382,away,0,4-3-3,1,0,21,409583,Mamadou Cellou Diallo,Substitute,0,1,341437,9,341437.0,3780.0,63',0,0,-1,,,,2025-11-10 06:08:36
13086,726040,21382,away,0,4-3-3,1,0,4,383897,Rufai Mohammed,Substitute,0,1,412134,32,412134.0,5220.0,87',0,0,-1,,,,2025-11-10 06:08:36
13086,726040,21382,away,0,4-3-3,1,0,39,341335,Viktor Andersson,Substitute,0,0,0,-1,,,,0,0,-1,,,,2025-11-09 15:05:09
13086,726040,21382,away,0,4-3-3,1,0,20,334028,Freddy Winsth,Substitute,0,0,0,-1,,,,0,0,-1,,,,2025-11-09 15:05:09
13086,726040,21382,away,0,4-3-3,1,0,16,386317,Antonio Kujundzic,Substitute,0,1,366595,8,366595.0,4200.0,70',0,0,-1,,,,2025-11-10 06:08:36
13086,726041,2936,home,0,4-2-3-1,1,1,13,400366,Robin Wallinder,Goalkeeper,1,0,0,-1,,,,0,0,-1,,,,2025-11-09 15:05:09
13086,726041,2936,home,0,4-2-3-1,1,1,33,354345,Tatu Varmanen,Right Back,2,0,0,-1,,,,1,349204,16,349204.0,4380.0,73',2025-11-10 06:08:36
13086,726041,2936,home,0,4-2-3-1,1,1,14,173508,Dennis Olsson,Left Back,3,0,0,-1,,,,1,400371,21,400371.0,4920.0,82',2025-11-10 06:08:36
13086,726041,2936,home,0,4-2-3-1,1,1,8,385181,Daniel Ask,Left Midfielder,4,0,0,-1,,,,1,307747,6,307747.0,4380.0,73',2025-11-10 06:08:36
13086,726041,2936,home,0,4-2-3-1,1,1,4,238435,Sebastian Starke Hedlund,Center Right Defender,5,0,0,-1,,,,0,0,-1,,,,2025-11-10 06:08:36
13086,726041,2936,home,0,4-2-3-1,1,1,15,316395,Ivan Kricak,Center Left Defender,6,0,0,-1,,,,0,0,-1,,,,2025-11-10 06:08:36
13086,726041,2936,home,0,4-2-3-1,1,1,10,334005,Oscar Uddenas,Attacking Midfielder Right,7,0,0,-1,,,,1,222639,23,222639.0,4920.0,82',2025-11-10 06:08:36
13086,726041,2936,home,0,4-2-3-1,1,1,26,238868,Magnus Christensen,Right Midfielder,8,0,0,-1,,,,0,0,-1,,,,2025-11-09 15:05:09
13086,726041,2936,home,0,4-2-3-1,1,1,20,217300,Alibek Aliev,Forward,9,0,0,-1,,,,0,0,-1,,,,2025-11-09 15:05:09
13086,726041,2936,home,0,4-2-3-1,1,1,7,275993,Anssi Suhonen,Attacking Midfielder,10,0,0,-1,,,,1,289844,19,289844.0,3720.0,62',2025-11-10 06:08:36
13086,726041,2936,home,0,4-2-3-1,1,1,18,311161,Daniel Ljung,Attacking Midfielder Left,11,0,0,-1,,,,0,0,-1,,,,2025-11-09 15:05:09
13086,726041,2936,home,0,4-2-3-1,1,0,23,222639,Vladimir Rodic,Substitute,0,1,334005,10,334005.0,4920.0,82',0,0,-1,,,,2025-11-10 06:08:36
13086,726041,2936,home,0,4-2-3-1,1,0,21,400371,Lars Bergquist,Substitute,0,1,173508,14,173508.0,4920.0,82',0,0,-1,,,,2025-11-10 06:08:36
13086,726041,2936,home,0,4-2-3-1,1,0,29,162497,Chris Kouakou,Substitute,0,0,0,-1,,,,0,0,-1,,,,2025-11-10 06:08:36
13086,726041,2936,home,0,4-2-3-1,1,0,19,289844,Matias Tamminen,Substitute,0,1,275993,7,275993.0,3720.0,62',0,0,-1,,,,2025-11-10 06:08:36
13086,726041,2936,home,0,4-2-3-1,1,0,6,307747,Noah Soderberg,Substitute,0,1,385181,8,385181.0,4380.0,73',0,0,-1,,,,2025-11-10 06:08:36
13086,726041,2936,home,0,4-2-3-1,1,0,16,349204,Raymond Adjei,Substitute,0,1,354345,33,354345.0,4380.0,73',0,0,-1,,,,2025-11-10 06:08:36
13086,726041,2936,home,0,4-2-3-1,1,0,3,380190,Kingsley Gyamfi,Substitute,0,0,0,-1,,,,0,0,-1,,,,2025-11-09 15:05:09
13086,726041,2936,home,0,4-2-3-1,1,0,9,398188,Niklas Soderberg,Substitute,0,0,0,-1,,,,0,0,-1,,,,2025-11-09 15:05:09
13086,726041,2936,home,0,4-2-3-1,1,0,32,400368,Carl Lundahl Persson,Substitute,0,0,0,-1,,,,0,0,-1,,,,2025-11-09 15:05:09
13086,726041,2339,away,1,4-2-3-1,1,1,35,203266,Jacob Rinne,Goalkeeper,1,0,0,-1,,,,0,0,-1,,,,2025-11-10 06:08:36
13086,726041,2339,away,1,4-2-3-1,1,1,18,269457,Adam Stahl,Right Back,2,0,0,-1,,,,1,357136,12,357136.0,4680.0,78',2025-11-10 06:08:36
13086,726041,2339,away,1,4-2-3-1,1,1,27,371596,Keita Kosugi,Left Back,3,0,0,-1,,,,0,0,-1,,,,2025-11-10 06:08:36
13086,726041,2339,away,1,4-2-3-1,1,1,8,120652,Albin Ekdal,Left Midfielder,4,0,0,-1,,,,1,334021,13,334021.0,3720.0,62',2025-11-10 06:08:36
13086,726041,2339,away,1,4-2-3-1,1,1,5,289721,Miro Tenho,Center Right Defender,5,0,0,-1,,,,0,0,-1,,,,2025-11-10 06:08:36
13086,726041,2339,away,1,4-2-3-1,1,1,3,172855,Marcus Danielson,Center Left Defender,6,0,0,-1,,,,0,0,-1,,,,2025-11-10 06:08:36
13086,726041,2339,away,1,4-2-3-1,1,1,15,312383,Oskar Fallenius,Attacking Midfielder Right,7,0,0,-1,,,,1,239166,19,239166.0,3720.0,62',2025-11-10 06:08:36
13086,726041,2339,away,1,4-2-3-1,1,1,6,136911,Rasmus Schüller,Right Midfielder,8,0,0,-1,,,,1,289519,23,289519.0,4320.0,72',2025-11-10 06:08:36
13086,726041,2339,away,1,4-2-3-1,1,1,9,330460,August Priske,Forward,9,0,0,-1,,,,0,0,-1,,,,2025-11-10 06:08:36
13086,726041,2339,away,1,4-2-3-1,1,1,22,378837,Patric Åslund,Attacking Midfielder,10,0,0,-1,,,,0,0,-1,,,,2025-11-10 06:08:36
13086,726041,2339,away,1,4-2-3-1,1,1,10,164556,Tokmac Nguen,Attacking Midfielder Left,11,0,0,-1,,,,1,397300,16,397300.0,4320.0,72',2025-11-10 06:08:36
13086,726041,2339,away,1,4-2-3-1,1,0,11,372767,Zakaria Sawo,Substitute,0,0,0,-1,,,,0,0,-1,,,,2025-11-10 06:08:36
13086,726041,2339,away,1,4-2-3-1,1,0,12,357136,Theo Bergvall,Substitute,0,1,269457,18,269457.0,4680.0,78',0,0,-1,,,,2025-11-10 06:08:36
13086,726041,2339,away,1,4-2-3-1,1,0,13,334021,Daniel Stensson,Substitute,0,1,120652,8,120652.0,3720.0,62',0,0,-1,,,,2025-11-10 06:08:36
13086,726041,2339,away,1,4-2-3-1,1,0,50,414539,Bernard Eide,Substitute,0,0,0,-1,,,,0,0,-1,,,,2025-11-10 06:08:36
13086,726041,2339,away,1,4-2-3-1,1,0,23,289519,Nino Zugelj,Substitute,0,1,136911,6,136911.0,4320.0,72',0,0,-1,,,,2025-11-10 06:08:36
13086,726041,2339,away,1,4-2-3-1,1,0,19,239166,Jeppe Okkels,Substitute,0,1,312383,15,312383.0,3720.0,62',0,0,-1,,,,2025-11-10 06:08:36
13086,726041,2339,away,1,4-2-3-1,1,0,4,237053,Jacob Une,Substitute,0,0,0,-1,,,,0,0,-1,,,,2025-11-10 06:08:36
13086,726041,2339,away,1,4-2-3-1,1,0,16,397300,Bo Hegland,Substitute,0,1,164556,10,164556.0,4320.0,72',0,0,-1,,,,2025-11-10 06:08:36
13086,726041,2339,away,1,4-2-3-1,1,0,31,403140,Ahmed Saeed,Substitute,0,0,0,-1,,,,0,0,-1,,,,2025-11-10 06:08:36
