seasonType,eventId,teamId,homeAway,winner,formation,active,starter,jersey,athleteId,athleteDisplayName,position,formationPlace,subbedIn,subbedInForAthleteId,subbedInForAthleteJersey,subInAthleteId,subInClockValue,subInDisplayClock,subbedOut,subbedOutForAthleteId,subbedOutForAthleteJersey,subOutAthleteId,subOutClockValue,subOutDisplayClock,updateTime
12837,716632,20062,home,1,4-2-3-1,1,1,22,286883,Rebecca Spencer,Goalkeeper,1,0,0,-1,,,,0,0,-1,,,,2024-10-13 22:19:37
12837,716632,20062,home,1,4-2-3-1,1,1,29,294265,Ashleigh Neville,Right Back,2,0,0,-1,,,,0,0,-1,,,,2024-10-13 22:19:37
12837,716632,20062,home,1,4-2-3-1,1,1,6,314494,Amanda Nildén,Left Back,3,0,0,-1,,,,1,300442,2,300442.0,5220.0,87',2024-10-13 22:19:37
12837,716632,20062,home,1,4-2-3-1,1,1,25,267666,Eveliina Summanen,Left Midfielder,4,0,0,-1,,,,1,267679,20,267679.0,4620.0,77',2024-10-13 22:19:37
12837,716632,20062,home,1,4-2-3-1,1,1,5,312487,Molly Bartrip,Center Right Defender,5,0,0,-1,,,,0,0,-1,,,,2024-10-13 22:19:37
12837,716632,20062,home,1,4-2-3-1,1,1,15,312233,Clare Hunt,Center Left Defender,6,0,0,-1,,,,0,0,-1,,,,2024-10-13 22:19:37
12837,716632,20062,home,1,4-2-3-1,1,1,8,219818,Hayley Raso,Attacking Midfielder Right,7,0,0,-1,,,,1,355373,31,355373.0,5220.0,87',2024-10-13 22:19:37
12837,716632,20062,home,1,4-2-3-1,1,1,10,320356,Maite Oroz,Right Midfielder,8,0,0,-1,,,,0,0,-1,,,,2024-10-13 22:19:37
12837,716632,20062,home,1,4-2-3-1,1,1,17,226804,Martha Thomas,Forward,9,0,0,-1,,,,1,293410,9,293410.0,3780.0,63',2024-10-13 22:19:37
12837,716632,20062,home,1,4-2-3-1,1,1,24,286882,Drew Spence,Attacking Midfielder,10,0,0,-1,,,,0,0,-1,,,,2024-10-13 22:19:37
12837,716632,20062,home,1,4-2-3-1,1,1,7,294268,Jessica Naz,Attacking Midfielder Left,11,0,0,-1,,,,1,311201,14,311201.0,3840.0,64',2024-10-13 22:19:37
12837,716632,20062,home,1,4-2-3-1,1,0,26,351745,Katelin Talbert,Substitute,0,0,0,-1,,,,0,0,-1,,,,2024-10-13 22:19:37
12837,716632,20062,home,1,4-2-3-1,1,0,30,377621,Araya Dennis,Substitute,0,0,0,-1,,,,0,0,-1,,,,2024-10-13 22:19:37
12837,716632,20062,home,1,4-2-3-1,1,0,31,355373,Lenna Gunning-Williams,Substitute,0,1,219818,8,219818.0,5220.0,87',0,0,-1,,,,2024-10-13 22:19:37
12837,716632,20062,home,1,4-2-3-1,1,0,13,349567,Matilda Vinberg,Substitute,0,0,0,-1,,,,0,0,-1,,,,2024-10-13 22:19:37
12837,716632,20062,home,1,4-2-3-1,1,0,21,309086,Luana Bühler,Substitute,0,0,0,-1,,,,0,0,-1,,,,2024-10-13 22:19:37
12837,716632,20062,home,1,4-2-3-1,1,0,2,300442,Charlotte Grant,Substitute,0,1,314494,6,314494.0,5220.0,87',0,0,-1,,,,2024-10-13 22:19:37
12837,716632,20062,home,1,4-2-3-1,1,0,9,293410,Bethany England,Substitute,0,1,226804,17,226804.0,3780.0,63',0,0,-1,,,,2025-04-05 08:30:15
12837,716632,20062,home,1,4-2-3-1,1,0,20,267679,Olga Ahtinen,Substitute,0,1,267666,25,267666.0,4620.0,77',0,0,-1,,,,2024-10-13 22:19:37
12837,716632,20062,home,1,4-2-3-1,1,0,14,311201,Anna Csiki,Substitute,0,1,294268,7,294268.0,3840.0,64',0,0,-1,,,,2024-10-13 22:19:37
12837,716632,21037,away,0,4-1-4-1,1,1,30,224886,Shae Yanez,Goalkeeper,1,0,0,-1,,,,0,0,-1,,,,2024-10-13 22:19:37
12837,716632,21037,away,0,4-1-4-1,1,1,14,259626,Josie Green,Right Back,2,0,0,-1,,,,0,0,-1,,,,2025-04-05 08:30:15
12837,716632,21037,away,0,4-1-4-1,1,1,3,312463,Felicity Gibbons,Left Back,3,0,0,-1,,,,1,288977,23,288977.0,4920.0,82',2024-10-13 22:19:37
12837,716632,21037,away,0,4-1-4-1,1,1,17,377622,Lexi Potter,Defensive Midfielder,4,0,0,-1,,,,0,0,-1,,,,2025-04-05 08:30:15
12837,716632,21037,away,0,4-1-4-1,1,1,6,324878,Aimee Everett,Center Right Defender,5,0,0,-1,,,,0,0,-1,,,,2024-10-13 22:19:37
12837,716632,21037,away,0,4-1-4-1,1,1,2,140056,Katrine Veje,Center Left Defender,6,0,0,-1,,,,1,325571,32,325571.0,3840.0,64',2024-10-13 22:19:37
12837,716632,21037,away,0,4-1-4-1,1,1,20,300434,Indiah-Paige Riley,Right Midfielder,7,0,0,-1,,,,1,324879,8,324879.0,4500.0,75',2024-10-13 22:19:37
12837,716632,21037,away,0,4-1-4-1,1,1,22,285187,Mille Gejl,Center Right Midfielder,8,0,0,-1,,,,0,0,-1,,,,2024-10-13 22:19:37
12837,716632,21037,away,0,4-1-4-1,1,1,28,290269,Katie Stengel,Forward,9,0,0,-1,,,,1,358671,12,358671.0,4920.0,82',2024-10-13 22:19:37
12837,716632,21037,away,0,4-1-4-1,1,1,10,323499,Annabel Blanchard,Center Left Midfielder,10,0,0,-1,,,,0,0,-1,,,,2024-10-13 22:19:37
12837,716632,21037,away,0,4-1-4-1,1,1,11,314575,Ashleigh Weerden,Left Midfielder,11,0,0,-1,,,,1,336368,27,336368.0,3840.0,64',2024-10-13 22:19:37
12837,716632,21037,away,0,4-1-4-1,1,0,19,335986,Milla-Maj Majasaari,Substitute,0,0,0,-1,,,,0,0,-1,,,,2024-10-13 22:19:37
12837,716632,21037,away,0,4-1-4-1,1,0,12,358671,Poppy Pritchard,Substitute,0,1,290269,28,290269.0,4920.0,82',0,0,-1,,,,2024-10-13 22:19:37
12837,716632,21037,away,0,4-1-4-1,1,0,27,336368,Abbie Larkin,Substitute,0,1,314575,11,314575.0,3840.0,64',0,0,-1,,,,2024-10-13 22:19:37
12837,716632,21037,away,0,4-1-4-1,1,0,32,325571,Brooke Aspin,Substitute,0,1,140056,2,140056.0,3840.0,64',0,0,-1,,,,2024-10-13 22:19:37
12837,716632,21037,away,0,4-1-4-1,1,0,8,324879,Molly-Mae Sharpe,Substitute,0,1,300434,20,300434.0,4500.0,75',0,0,-1,,,,2024-10-13 22:19:37
12837,716632,21037,away,0,4-1-4-1,1,0,23,288977,Lily Woodham,Substitute,0,1,312463,3,312463.0,4920.0,82',0,0,-1,,,,2024-10-13 22:19:37
12837,716632,21037,away,0,4-1-4-1,1,0,4,257534,Chloe Arthur,Substitute,0,0,0,-1,,,,0,0,-1,,,,2024-10-13 22:19:37
12837,716632,21037,away,0,4-1-4-1,1,0,77,328245,Isibeal Atkinson,Substitute,0,0,0,-1,,,,0,0,-1,,,,2024-10-13 22:19:37
12837,716633,19976,home,1,3-4-3,1,1,32,249106,Sophie Baggaley,Goalkeeper,1,0,0,-1,,,,0,0,-1,,,,2024-10-13 22:19:37
12837,716633,19976,home,1,3-4-3,1,1,14,219773,Fran Kirby,Right Midfielder,2,0,0,-1,,,,1,261578,21,261578.0,5280.0,88',2024-10-13 22:19:37
12837,716633,19976,home,1,3-4-3,1,1,3,294247,Poppy Pattinson,Left Midfielder,3,0,0,-1,,,,0,0,-1,,,,2024-10-13 22:19:37
12837,716633,19976,home,1,3-4-3,1,1,16,325886,Jorelyn Carabalí,Center Left Defender,4,0,0,-1,,,,0,0,-1,,,,2024-10-13 22:19:37
12837,716633,19976,home,1,3-4-3,1,1,5,213937,Guro Bergsvand,Center Defender,5,0,0,-1,,,,0,0,-1,,,,2024-10-13 22:19:37
12837,716633,19976,home,1,3-4-3,1,1,2,219987,Maria Thorisdottir,Center Right Defender,6,0,0,-1,,,,0,0,-1,,,,2024-10-13 22:19:37
12837,716633,19976,home,1,3-4-3,1,1,6,219990,Vicky Losada,Center Right Midfielder,7,0,0,-1,,,,0,0,-1,,,,2024-10-13 22:19:37
12837,716633,19976,home,1,3-4-3,1,1,19,309906,Marisa Olislagers,Center Left Midfielder,8,0,0,-1,,,,1,313706,18,313706.0,3900.0,65',2024-10-13 22:19:37
12837,716633,19976,home,1,3-4-3,1,1,8,219939,Pauline Bremer,Forward,9,0,0,-1,,,,1,246314,9,246314.0,4320.0,72',2024-10-13 22:19:37
12837,716633,19976,home,1,3-4-3,1,1,11,296778,Kiko Seike,Center Right Forward,10,0,0,-1,,,,1,350678,59,350678.0,5280.0,88',2024-10-13 22:19:37
12837,716633,19976,home,1,3-4-3,1,1,20,305984,Bruna Vilamala,Center Left Forward,11,0,0,-1,,,,1,314994,10,314994.0,4380.0,73',2024-10-13 22:19:37
12837,716633,19976,home,1,3-4-3,1,0,28,367224,Melina Loeck,Substitute,0,0,0,-1,,,,0,0,-1,,,,2024-10-13 22:19:37
12837,716633,19976,home,1,3-4-3,1,0,9,246314,Nikita Parris,Substitute,0,1,219939,8,219939.0,4320.0,72',0,0,-1,,,,2024-10-13 22:19:37
12837,716633,19976,home,1,3-4-3,1,0,18,313706,Maisie Symonds,Substitute,0,1,309906,19,309906.0,3900.0,65',0,0,-1,,,,2024-10-13 22:19:37
12837,716633,19976,home,1,3-4-3,1,0,10,314994,Jelena Cankovic,Substitute,0,1,305984,20,305984.0,4380.0,73',0,0,-1,,,,2024-10-13 22:19:37
12837,716633,19976,home,1,3-4-3,1,0,17,330549,Hannah Poulter,Substitute,0,0,0,-1,,,,0,0,-1,,,,2024-10-13 22:19:37
12837,716633,19976,home,1,3-4-3,1,0,27,257536,Rachel McLauchlan,Substitute,0,0,0,-1,,,,0,0,-1,,,,2024-10-13 22:19:37
12837,716633,19976,home,1,3-4-3,1,0,59,350678,Michelle Agyemang,Substitute,0,1,296778,11,296778.0,5280.0,88',0,0,-1,,,,2024-10-13 22:19:37
12837,716633,19976,home,1,3-4-3,1,0,23,324775,Marit Auée,Substitute,0,0,0,-1,,,,0,0,-1,,,,2024-10-13 22:19:37
12837,716633,19976,home,1,3-4-3,1,0,21,261578,Madison Haley,Substitute,0,1,219773,14,219773.0,5280.0,88',0,0,-1,,,,2024-10-13 22:19:37
12837,716633,19972,away,0,4-5-1,1,1,1,209174,Courtney Brosnan,Goalkeeper,1,0,0,-1,,,,0,0,-1,,,,2024-10-13 22:19:37
12837,716633,19972,away,0,4-5-1,1,1,8,293328,Justine Vanhaevermaet,Right Back,2,0,0,-1,,,,0,0,-1,,,,2024-10-13 22:19:37
12837,716633,19972,away,0,4-5-1,1,1,23,287392,Sara Holmgaard,Left Back,3,0,0,-1,,,,1,284939,17,284939.0,4380.0,73',2024-10-13 22:19:37
12837,716633,19972,away,0,4-5-1,1,1,10,335840,Inma Gabarro,Center Right Midfielder,4,0,0,-1,,,,1,303336,6,303336.0,3420.0,57',2024-10-13 22:19:37
12837,716633,19972,away,0,4-5-1,1,1,20,312482,Megan Finnigan,Center Right Defender,5,0,0,-1,,,,0,0,-1,,,,2024-10-13 22:19:37
12837,716633,19972,away,0,4-5-1,1,1,27,349927,Elise Stenevik,Center Left Defender,6,0,0,-1,,,,0,0,-1,,,,2024-10-13 22:19:37
12837,716633,19972,away,0,4-5-1,1,1,9,211151,Toni Payne,Right Midfielder,7,0,0,-1,,,,1,364520,47,364520.0,3420.0,57',2024-10-13 22:19:37
12837,716633,19972,away,0,4-5-1,1,1,22,255465,Aurora Galli,Center Left Midfielder,8,0,0,-1,,,,0,0,-1,,,,2024-10-13 22:19:37
12837,716633,19972,away,0,4-5-1,1,1,25,270037,Katja Snoeijs,Forward,9,0,0,-1,,,,1,297709,11,297709.0,4920.0,82',2024-10-13 22:19:37
12837,716633,19972,away,0,4-5-1,1,1,7,300568,Clare Wheeler,Attacking Midfielder,10,0,0,-1,,,,0,0,-1,,,,2024-10-13 22:19:37
12837,716633,19972,away,0,4-5-1,1,1,21,312559,Veatriki Sarri,Left Midfielder,11,0,0,-1,,,,1,291349,19,291349.0,4380.0,73',2024-10-13 22:19:37
12837,716633,19972,away,0,4-5-1,1,0,47,364520,Karoline Olesen,Substitute,0,1,211151,9,211151.0,3420.0,57',0,0,-1,,,,2024-10-13 22:19:37
12837,716633,19972,away,0,4-5-1,1,0,4,378053,Issy Hobson,Substitute,0,0,0,-1,,,,0,0,-1,,,,2025-04-05 08:30:15
12837,716633,19972,away,0,4-5-1,1,0,6,303336,Honoka Hayashi,Substitute,0,1,335840,10,335840.0,3420.0,57',0,0,-1,,,,2024-10-13 22:19:37
12837,716633,19972,away,0,4-5-1,1,0,11,297709,Emma Bissell,Substitute,0,1,270037,25,270037.0,4920.0,82',0,0,-1,,,,2024-10-13 22:19:37
12837,716633,19972,away,0,4-5-1,1,0,19,291349,Heather Payne,Substitute,0,1,312559,21,312559.0,4380.0,73',0,0,-1,,,,2024-10-13 22:19:37
12837,716633,19972,away,0,4-5-1,1,0,17,284939,Lucy Hope,Substitute,0,1,287392,23,287392.0,4380.0,73',0,0,-1,,,,2025-04-05 08:30:15
12837,716633,19972,away,0,4-5-1,1,0,13,278276,Rylee Foster,Substitute,0,0,0,-1,,,,0,0,-1,,,,2024-10-13 22:19:37
12837,716633,19972,away,0,4-5-1,1,0,42,211994,Lauren Thomas,Substitute,0,0,0,-1,,,,0,0,-1,,,,2024-10-13 22:19:37
12837,716634,19971,home,0,3-5-2,1,1,1,230835,Rachael Laws,Goalkeeper,1,0,0,-1,,,,0,0,-1,,,,2024-10-13 22:19:37
12837,716634,19971,home,0,3-5-2,1,1,2,323518,Lucy Parry,Right Midfielder,2,0,0,-1,,,,0,0,-1,,,,2024-10-13 22:19:37
12837,716634,19971,home,0,3-5-2,1,1,12,323520,Taylor Hinds,Left Midfielder,3,0,0,-1,,,,0,0,-1,,,,2024-10-13 22:19:37
12837,716634,19971,home,0,3-5-2,1,1,3,259312,Gemma Evans,Center Left Defender,4,0,0,-1,,,,1,312477,6,312477.0,2700.0,45',2024-10-13 22:19:37
12837,716634,19971,home,0,3-5-2,1,1,23,188447,Gemma Bonner,Center Defender,5,0,0,-1,,,,0,0,-1,,,,2024-10-13 22:19:37
12837,716634,19971,home,0,3-5-2,1,1,17,305989,Jenna Clark,Center Right Defender,6,0,0,-1,,,,1,325841,13,325841.0,3720.0,62',2024-10-13 22:19:37
12837,716634,19971,home,0,3-5-2,1,1,14,314199,Marie Hobinger,Center Right Midfielder,7,0,0,-1,,,,1,314960,15,314960.0,4080.0,68',2025-04-05 08:30:15
12837,716634,19971,home,0,3-5-2,1,1,18,264581,Ceri Holland,Center Left Midfielder,8,0,0,-1,,,,0,0,-1,,,,2024-10-13 22:19:37
12837,716634,19971,home,0,3-5-2,1,1,10,280992,Sophie Román Haug,Center Left Forward,9,0,0,-1,,,,1,287518,9,287518.0,4200.0,70',2024-10-13 22:19:37
12837,716634,19971,home,0,3-5-2,1,1,11,279337,Olivia Smith,Center Right Forward,10,0,0,-1,,,,1,389652,7,389652.0,4200.0,70',2024-10-13 22:19:37
12837,716634,19971,home,0,3-5-2,1,1,8,282995,Fuka Nagano,Attacking Midfielder,11,0,0,-1,,,,0,0,-1,,,,2024-10-13 22:19:37
12837,716634,19971,home,0,3-5-2,1,0,13,325841,Mia Enderby,Substitute,0,1,305989,17,305989.0,3720.0,62',0,0,-1,,,,2024-10-13 22:19:37
12837,716634,19971,home,0,3-5-2,1,0,5,219050,Niamh Fahey,Substitute,0,0,0,-1,,,,0,0,-1,,,,2024-10-13 22:19:37
12837,716634,19971,home,0,3-5-2,1,0,7,389652,Cornelia Kapocs,Substitute,0,1,279337,11,279337.0,4200.0,70',0,0,-1,,,,2024-10-13 22:19:37
12837,716634,19971,home,0,3-5-2,1,0,47,376486,Eva Spencer,Substitute,0,0,0,-1,,,,0,0,-1,,,,2024-10-13 22:19:37
12837,716634,19971,home,0,3-5-2,1,0,34,328798,Hannah Silcock,Substitute,0,0,0,-1,,,,0,0,-1,,,,2024-10-13 22:19:37
12837,716634,19971,home,0,3-5-2,1,0,20,257593,Yana Daniels,Substitute,0,0,0,-1,,,,0,0,-1,,,,2024-10-13 22:19:37
12837,716634,19971,home,0,3-5-2,1,0,15,314960,Sofie Lundgaard,Substitute,0,1,314199,14,314199.0,4080.0,68',0,0,-1,,,,2024-10-13 22:19:37
12837,716634,19971,home,0,3-5-2,1,0,6,312477,Jasmine Matthews,Substitute,0,1,259312,3,259312.0,2700.0,45',0,0,-1,,,,2024-10-13 22:19:37
12837,716634,19971,home,0,3-5-2,1,0,9,287518,Leanne Kiernan,Substitute,0,1,280992,10,280992.0,4200.0,70',0,0,-1,,,,2024-10-13 22:19:37
12837,716634,21036,away,0,4-3-3,1,1,23,264730,Lize Kop,Goalkeeper,1,0,0,-1,,,,0,0,-1,,,,2024-10-13 22:19:37
12837,716634,21036,away,0,4-3-3,1,1,4,219962,C.J. Bott,Right Back,2,0,0,-1,,,,0,0,-1,,,,2024-10-13 22:19:37
12837,716634,21036,away,0,4-3-3,1,1,11,257569,Janice Cayman,Left Back,3,0,0,-1,,,,0,0,-1,,,,2024-10-13 22:19:37
12837,716634,21036,away,0,4-3-3,1,1,30,302566,Ruby Mace,Center Midfielder,4,0,0,-1,,,,0,0,-1,,,,2024-10-13 22:19:37
12837,716634,21036,away,0,4-3-3,1,1,5,210382,Sophie Howard,Center Right Defender,5,0,0,-1,,,,0,0,-1,,,,2024-10-13 22:19:37
12837,716634,21036,away,0,4-3-3,1,1,17,317638,Julie Thibaud,Center Left Defender,6,0,0,-1,,,,0,0,-1,,,,2024-10-13 22:19:37
12837,716634,21036,away,0,4-3-3,1,1,3,323495,Sam Tierney,Right Midfielder,7,0,0,-1,,,,1,379853,18,379853.0,4980.0,83',2024-10-13 22:19:37
12837,716634,21036,away,0,4-3-3,1,1,29,256223,Yuka Momiki,Left Midfielder,8,0,0,-1,,,,1,235714,7,235714.0,3900.0,65',2024-10-13 22:19:37
12837,716634,21036,away,0,4-3-3,1,1,10,365587,Noémie Mouchon,Forward,9,0,0,-1,,,,1,300518,2,300518.0,4620.0,77',2024-10-13 22:19:37
12837,716634,21036,away,0,4-3-3,1,1,8,317806,Jutta Rantala,Right Forward,10,0,0,-1,,,,0,0,-1,,,,2024-10-13 22:19:37
12837,716634,21036,away,0,4-3-3,1,1,20,294600,Missy Goodwin,Left Forward,11,0,0,-1,,,,1,288888,6,288888.0,3900.0,65',2024-10-13 22:19:37
12837,716634,21036,away,0,4-3-3,1,0,19,374073,Denny Draper,Substitute,0,0,0,-1,,,,0,0,-1,,,,2024-10-13 22:19:37
12837,716634,21036,away,0,4-3-3,1,0,1,328082,Janina Leitzig,Substitute,0,0,0,-1,,,,0,0,-1,,,,2024-10-13 22:19:37
12837,716634,21036,away,0,4-3-3,1,0,18,379853,Emilia Pelgander,Substitute,0,1,323495,3,323495.0,4980.0,83',0,0,-1,,,,2024-10-13 22:19:37
12837,716634,21036,away,0,4-3-3,1,0,22,330334,Sari Kees,Substitute,0,0,0,-1,,,,0,0,-1,,,,2024-10-13 22:19:37
12837,716634,21036,away,0,4-3-3,1,0,12,304854,Asmita Ale,Substitute,0,0,0,-1,,,,0,0,-1,,,,2024-10-13 22:19:37
12837,716634,21036,away,0,4-3-3,1,0,2,300518,Courtney Nevin,Substitute,0,1,365587,10,365587.0,4620.0,77',0,0,-1,,,,2024-10-13 22:19:37
12837,716634,21036,away,0,4-3-3,1,0,6,288888,Saori Takarada,Substitute,0,1,294600,20,294600.0,3900.0,65',0,0,-1,,,,2024-10-13 22:19:37
12837,716634,21036,away,0,4-3-3,1,0,31,248450,Chantelle Swaby,Substitute,0,0,0,-1,,,,0,0,-1,,,,2024-10-13 22:19:37
12837,716634,21036,away,0,4-3-3,1,0,7,235714,Deanne Rose,Substitute,0,1,256223,29,256223.0,3900.0,65',0,0,-1,,,,2024-10-13 22:19:37
12837,716635,19970,home,1,4-2-3-1,1,1,24,312460,Hannah Hampton,Goalkeeper,1,0,0,-1,,,,0,0,-1,,,,2024-10-13 22:19:37
12837,716635,19970,home,1,4-2-3-1,1,1,22,188448,Lucy Bronze,Right Back,2,0,0,-1,,,,0,0,-1,,,,2024-10-13 22:19:37
12837,716635,19970,home,1,4-2-3-1,1,1,12,119954,Ashley Lawrence,Left Back,3,0,0,-1,,,,0,0,-1,,,,2024-10-13 22:19:37
12837,716635,19970,home,1,4-2-3-1,1,1,6,314382,Sjoeke Nüsken,Left Midfielder,4,0,0,-1,,,,0,0,-1,,,,2024-10-13 22:19:37
12837,716635,19970,home,1,4-2-3-1,1,1,26,209937,Kadeisha Buchanan,Center Right Defender,5,0,0,-1,,,,0,0,-1,,,,2024-10-13 22:19:37
12837,716635,19970,home,1,4-2-3-1,1,1,4,248770,Millie Bright,Center Left Defender,6,0,0,-1,,,,0,0,-1,,,,2024-10-13 22:19:37
12837,716635,19970,home,1,4-2-3-1,1,1,19,264735,Johanna Rytting Kaneryd,Attacking Midfielder Right,7,0,0,-1,,,,1,294253,10,294253.0,5100.0,85',2025-04-05 08:30:15
12837,716635,19970,home,1,4-2-3-1,1,1,8,257545,Erin Cuthbert,Right Midfielder,8,0,0,-1,,,,0,0,-1,,,,2024-10-13 22:19:37
12837,716635,19970,home,1,4-2-3-1,1,1,7,288680,Mayra Ramírez,Forward,9,0,0,-1,,,,1,313088,33,313088.0,4020.0,67',2024-10-13 22:19:37
12837,716635,19970,home,1,4-2-3-1,1,1,11,257483,Guro Reiten,Attacking Midfielder,10,0,0,-1,,,,1,255181,14,255181.0,5400.0,90'+4',2024-10-13 22:19:37
12837,716635,19970,home,1,4-2-3-1,1,1,17,295673,Sandy Baltimore,Attacking Midfielder Left,11,0,0,-1,,,,1,351356,23,351356.0,3960.0,66',2024-10-13 22:19:37
12837,716635,19970,home,1,4-2-3-1,1,0,23,351356,Maika Hamano,Substitute,0,1,295673,17,295673.0,3960.0,66',0,0,-1,,,,2024-10-13 22:19:37
12837,716635,19970,home,1,4-2-3-1,1,0,25,347124,Maelys Mpomé,Substitute,0,0,0,-1,,,,0,0,-1,,,,2024-10-13 22:19:37
12837,716635,19970,home,1,4-2-3-1,1,0,18,315453,Wieke Kaptein,Substitute,0,0,0,-1,,,,0,0,-1,,,,2024-10-13 22:19:37
12837,716635,19970,home,1,4-2-3-1,1,0,9,261568,Catarina Macario,Substitute,0,0,0,-1,,,,0,0,-1,,,,2024-10-13 22:19:37
12837,716635,19970,home,1,4-2-3-1,1,0,33,313088,Aggie Beever-Jones,Substitute,0,1,288680,7,288680.0,4020.0,67',0,0,-1,,,,2024-10-13 22:19:37
12837,716635,19970,home,1,4-2-3-1,1,0,10,294253,Lauren James,Substitute,0,1,264735,19,264735.0,5100.0,85',0,0,-1,,,,2024-10-13 22:19:37
12837,716635,19970,home,1,4-2-3-1,1,0,1,255417,Zecira Musovic,Substitute,0,0,0,-1,,,,0,0,-1,,,,2024-10-13 22:19:37
12837,716635,19970,home,1,4-2-3-1,1,0,14,255181,Nathalie Björn,Substitute,0,1,257483,11,257483.0,5400.0,90'+4',0,0,-1,,,,2024-10-13 22:19:37
12837,716635,19970,home,1,4-2-3-1,1,0,15,248834,Ève Périsset,Substitute,0,0,0,-1,,,,0,0,-1,,,,2024-10-13 22:19:37
12837,716635,20707,away,0,4-2-3-1,1,1,1,209364,Sabrina D'Angelo,Goalkeeper,1,0,0,-1,,,,0,0,-1,,,,2024-10-13 22:19:37
12837,716635,20707,away,0,4-2-3-1,1,1,16,220024,Noelle Maritz,Right Back,2,0,0,-1,,,,0,0,-1,,,,2024-10-13 22:19:37
12837,716635,20707,away,0,4-2-3-1,1,1,3,335782,Paula Tomás,Left Back,3,0,0,-1,,,,0,0,-1,,,,2024-10-13 22:19:37
12837,716635,20707,away,0,4-2-3-1,1,1,5,280984,Lucy Staniforth,Left Midfielder,4,0,0,-1,,,,1,294252,20,294252.0,2700.0,45',2024-10-13 22:19:37
12837,716635,20707,away,0,4-2-3-1,1,1,4,262611,Anna Patten,Center Right Defender,5,0,0,-1,,,,0,0,-1,,,,2024-10-13 22:19:37
12837,716635,20707,away,0,4-2-3-1,1,1,15,261804,Lucy Parker,Center Left Defender,6,0,0,-1,,,,1,294246,17,294246.0,5100.0,85',2024-10-13 22:19:37
12837,716635,20707,away,0,4-2-3-1,1,1,23,309858,Chasity Grant,Attacking Midfielder Right,7,0,0,-1,,,,1,219769,19,219769.0,3960.0,66',2024-10-13 22:19:37
12837,716635,20707,away,0,4-2-3-1,1,1,8,178854,Jordan Nobbs,Right Midfielder,8,0,0,-1,,,,0,0,-1,,,,2024-10-13 22:19:37
12837,716635,20707,away,0,4-2-3-1,1,1,9,248769,Rachel Daly,Forward,9,0,0,-1,,,,0,0,-1,,,,2024-10-13 22:19:37
12837,716635,20707,away,0,4-2-3-1,1,1,7,323523,Missy Bo Kearns,Attacking Midfielder,10,0,0,-1,,,,0,0,-1,,,,2024-10-13 22:19:37
12837,716635,20707,away,0,4-2-3-1,1,1,10,219119,Kenza Dali,Attacking Midfielder Left,11,0,0,-1,,,,1,312467,11,312467.0,3960.0,66',2024-10-13 22:19:37
12837,716635,20707,away,0,4-2-3-1,1,0,2,312456,Sarah Mayling,Substitute,0,0,0,-1,,,,0,0,-1,,,,2024-10-13 22:19:37
12837,716635,20707,away,0,4-2-3-1,1,0,35,350626,Sophia Poor,Substitute,0,0,0,-1,,,,0,0,-1,,,,2024-10-13 22:19:37
12837,716635,20707,away,0,4-2-3-1,1,0,33,312497,Mayumi Pacheco,Substitute,0,0,0,-1,,,,0,0,-1,,,,2024-10-13 22:19:37
12837,716635,20707,away,0,4-2-3-1,1,0,14,312484,Danielle Turner,Substitute,0,0,0,-1,,,,0,0,-1,,,,2024-10-13 22:19:37
12837,716635,20707,away,0,4-2-3-1,1,0,11,312467,Katie Robinson,Substitute,0,1,219119,10,219119.0,3960.0,66',0,0,-1,,,,2024-10-13 22:19:37
12837,716635,20707,away,0,4-2-3-1,1,0,20,294252,Kirsty Hanson,Substitute,0,1,280984,5,280984.0,2700.0,45',0,0,-1,,,,2024-10-13 22:19:37
12837,716635,20707,away,0,4-2-3-1,1,0,17,294246,Ebony Salmon,Substitute,0,1,261804,15,261804.0,5100.0,85',0,0,-1,,,,2024-10-13 22:19:37
12837,716635,20707,away,0,4-2-3-1,1,0,19,219769,Adriana Leon,Substitute,0,1,309858,23,309858.0,3960.0,66',0,0,-1,,,,2024-10-13 22:19:37
12837,716635,20707,away,0,4-2-3-1,1,0,6,257537,Rachel Corsie,Substitute,0,0,0,-1,,,,0,0,-1,,,,2024-10-13 22:19:37
12837,716636,20061,home,1,4-3-3,1,1,91,208938,Phallon Tullis-Joyce,Goalkeeper,1,0,0,-1,,,,0,0,-1,,,,2024-10-14 01:54:08
12837,716636,20061,home,1,4-3-3,1,1,14,267765,Jayde Riviere,Right Back,2,0,0,-1,,,,0,0,-1,,,,2024-10-14 01:54:08
12837,716636,20061,home,1,4-3-3,1,1,11,294256,Leah Galton,Left Back,3,0,0,-1,,,,1,268536,3,268536.0,4980.0,83',2024-10-14 01:54:08
12837,716636,20061,home,1,4-3-3,1,1,17,219947,Dominique Janssen,Center Midfielder,4,0,0,-1,,,,1,349220,13,349220.0,4620.0,77',2024-10-14 01:54:08
12837,716636,20061,home,1,4-3-3,1,1,4,312462,Maya Le Tissier,Center Right Defender,5,0,0,-1,,,,0,0,-1,,,,2024-10-14 01:54:08
12837,716636,20061,home,1,4-3-3,1,1,21,294257,Millie Turner,Center Left Defender,6,0,0,-1,,,,0,0,-1,,,,2024-10-14 01:54:08
12837,716636,20061,home,1,4-3-3,1,1,8,306883,Grace Clinton,Right Midfielder,7,0,0,-1,,,,1,283107,20,283107.0,5040.0,84',2024-10-14 01:54:08
12837,716636,20061,home,1,4-3-3,1,1,16,268103,Lisa Naalsund,Left Midfielder,8,0,0,-1,,,,0,0,-1,,,,2024-10-14 01:54:08
12837,716636,20061,home,1,4-3-3,1,1,19,298669,Elisabeth Terland,Forward,9,0,0,-1,,,,1,134423,28,134423.0,4680.0,78',2024-10-14 01:54:08
12837,716636,20061,home,1,4-3-3,1,1,23,268325,Geyse,Right Forward,10,0,0,-1,,,,1,328108,15,,,,2024-10-21 05:12:06
12837,716636,20061,home,1,4-3-3,1,1,7,294255,Ella Toone,Left Forward,11,0,0,-1,,,,0,0,-1,,,,2024-10-14 01:54:08
12837,716636,20061,home,1,4-3-3,1,0,15,328108,Celin Bizet,Substitute,0,1,268325,23,268325.0,3960.0,66',0,0,-1,,,,2025-04-05 08:30:15
12837,716636,20061,home,1,4-3-3,1,0,12,259315,Hayley Ladd,Substitute,0,0,0,-1,,,,0,0,-1,,,,2025-04-05 08:30:15
12837,716636,20061,home,1,4-3-3,1,0,13,349220,Simi Awujo,Substitute,0,1,219947,17,219947.0,4620.0,77',0,0,-1,,,,2024-10-14 01:54:08
12837,716636,20061,home,1,4-3-3,1,0,28,134423,Rachel Williams,Substitute,0,1,298669,19,298669.0,4680.0,78',0,0,-1,,,,2024-10-14 01:54:08
12837,716636,20061,home,1,4-3-3,1,0,3,268536,Gabby George,Substitute,0,1,294256,11,294256.0,4980.0,83',0,0,-1,,,,2025-04-05 08:30:15
12837,716636,20061,home,1,4-3-3,1,0,20,283107,Hinata Miyazawa,Substitute,0,1,306883,8,306883.0,5040.0,84',0,0,-1,,,,2024-10-14 01:54:08
12837,716636,20061,home,1,4-3-3,1,0,5,293411,Aoife Mannion,Substitute,0,0,0,-1,,,,0,0,-1,,,,2024-10-14 01:54:08
12837,716636,20061,home,1,4-3-3,1,0,9,295670,Melvine Malard,Substitute,0,0,0,-1,,,,0,0,-1,,,,2024-10-14 01:54:08
12837,716636,20061,home,1,4-3-3,1,0,39,332051,Safia Middleton-Patel,Substitute,0,0,0,-1,,,,0,0,-1,,,,2024-10-14 01:54:08
12837,716636,19975,away,0,3-4-3,1,1,1,296372,Kinga Szemik,Goalkeeper,1,0,0,-1,,,,0,0,-1,,,,2024-10-14 01:54:08
12837,716636,19975,away,0,3-4-3,1,1,26,281682,Li Mengwen,Right Midfielder,2,0,0,-1,,,,1,235712,14,235712.0,3600.0,60',2024-10-14 01:54:08
12837,716636,19975,away,0,3-4-3,1,1,18,310225,Anouk Denton,Left Midfielder,3,0,0,-1,,,,0,0,-1,,,,2024-10-14 01:54:08
12837,716636,19975,away,0,3-4-3,1,1,17,264860,Camila Sáez,Center Left Defender,4,0,0,-1,,,,0,0,-1,,,,2024-10-14 01:54:08
12837,716636,19975,away,0,3-4-3,1,1,5,312251,Amber Tysiak,Center Defender,5,0,0,-1,,,,0,0,-1,,,,2024-10-14 01:54:08
12837,716636,19975,away,0,3-4-3,1,1,21,278192,Shannon Cooke,Center Right Defender,6,0,0,-1,,,,0,0,-1,,,,2024-10-14 01:54:08
12837,716636,19975,away,0,3-4-3,1,1,22,219825,Katrina Gorry,Center Right Midfielder,7,0,0,-1,,,,1,350638,7,350638.0,4980.0,83',2024-10-14 01:54:08
12837,716636,19975,away,0,3-4-3,1,1,10,259752,Dagný Brynjarsdóttir,Center Left Midfielder,8,0,0,-1,,,,1,290267,15,290267.0,2700.0,45',2025-04-05 08:30:15
12837,716636,19975,away,0,3-4-3,1,1,9,287317,Riko Ueki,Forward,9,0,0,-1,,,,0,0,-1,,,,2024-10-14 01:54:08
12837,716636,19975,away,0,3-4-3,1,1,12,312486,Emma Harries,Center Right Forward,10,0,0,-1,,,,1,330350,77,330350.0,3600.0,60',2024-10-14 01:54:08
12837,716636,19975,away,0,3-4-3,1,1,20,188069,Viviane Asseyi,Center Left Forward,11,0,0,-1,,,,1,298775,11,298775.0,4380.0,73',2024-10-14 01:54:08
12837,716636,19975,away,0,3-4-3,1,0,15,290267,Kristie Mewis,Substitute,0,1,259752,10,259752.0,2700.0,45',0,0,-1,,,,2024-10-14 01:54:08
12837,716636,19975,away,0,3-4-3,1,0,7,350638,Marika Bergman-Lundin,Substitute,0,1,219825,22,219825.0,4980.0,83',0,0,-1,,,,2024-10-14 01:54:08
12837,716636,19975,away,0,3-4-3,1,0,14,235712,Shelina Zadorsky,Substitute,0,1,281682,26,281682.0,3600.0,60',0,0,-1,,,,2024-10-14 01:54:08
12837,716636,19975,away,0,3-4-3,1,0,11,298775,Manuela Paví,Substitute,0,1,188069,20,188069.0,4380.0,73',0,0,-1,,,,2024-10-14 01:54:08
12837,716636,19975,away,0,3-4-3,1,0,25,312461,Megan Walsh,Substitute,0,0,0,-1,,,,0,0,-1,,,,2024-10-14 01:54:08
12837,716636,19975,away,0,3-4-3,1,0,33,327979,Halle Houssein,Substitute,0,0,0,-1,,,,0,0,-1,,,,2024-10-14 01:54:08
12837,716636,19975,away,0,3-4-3,1,0,77,330350,Seraina Piubel,Substitute,0,1,312486,12,312486.0,3600.0,60',0,0,-1,,,,2024-10-14 01:54:08
12837,716636,19975,away,0,3-4-3,1,0,4,349057,Oona Siren,Substitute,0,0,0,-1,,,,0,0,-1,,,,2024-10-14 01:54:08
12837,716637,19973,home,0,4-2-3-1,1,1,1,252339,Manuela Zinsberger,Goalkeeper,1,0,0,-1,,,,0,0,-1,,,,2024-10-14 01:54:08
12837,716637,19973,home,0,4-2-3-1,1,1,2,263684,Emily Fox,Right Back,2,0,0,-1,,,,0,0,-1,,,,2024-10-14 01:54:08
12837,716637,19973,home,0,4-2-3-1,1,1,11,219079,Katie McCabe,Left Back,3,0,0,-1,,,,0,0,-1,,,,2024-10-14 01:54:08
12837,716637,19973,home,0,4-2-3-1,1,1,32,288907,Kyra Cooney-Cross,Left Midfielder,4,0,0,-1,,,,1,220015,13,220015.0,4380.0,73',2024-10-14 01:54:08
12837,716637,19973,home,0,4-2-3-1,1,1,3,263682,Lotte Wubben-Moy,Center Right Defender,5,0,0,-1,,,,0,0,-1,,,,2024-10-14 01:54:08
12837,716637,19973,home,0,4-2-3-1,1,1,5,295638,Laia Codina,Center Left Defender,6,0,0,-1,,,,0,0,-1,,,,2024-10-14 01:54:08
12837,716637,19973,home,0,4-2-3-1,1,1,19,158678,Caitlin Foord,Attacking Midfielder Right,7,0,0,-1,,,,1,280982,9,280982.0,3780.0,63',2024-10-14 01:54:08
12837,716637,19973,home,0,4-2-3-1,1,1,10,176041,Kim Little,Right Midfielder,8,0,0,-1,,,,0,0,-1,,,,2024-10-14 01:54:08
12837,716637,19973,home,0,4-2-3-1,1,1,25,240274,Stina Blackstenius,Forward,9,0,0,-1,,,,1,263683,23,263683.0,3780.0,63',2024-10-14 01:54:08
12837,716637,19973,home,0,4-2-3-1,1,1,12,259331,Frida Maanum,Attacking Midfielder,10,0,0,-1,,,,1,350636,16,350636.0,4380.0,73',2024-10-14 01:54:08
12837,716637,19973,home,0,4-2-3-1,1,1,8,257473,Mariona Caldentey,Attacking Midfielder Left,11,0,0,-1,,,,0,0,-1,,,,2024-10-14 01:54:08
12837,716637,19973,home,0,4-2-3-1,1,0,23,263683,Alessia Russo,Substitute,0,1,240274,25,240274.0,3780.0,63',0,0,-1,,,,2024-10-14 01:54:08
12837,716637,19973,home,0,4-2-3-1,1,0,26,268324,Laura Wienroither,Substitute,0,0,0,-1,,,,0,0,-1,,,,2024-10-14 01:54:08
12837,716637,19973,home,0,4-2-3-1,1,0,13,220015,Lia Wälti,Substitute,0,1,288907,32,288907.0,4380.0,73',0,0,-1,,,,2024-10-14 01:54:08
12837,716637,19973,home,0,4-2-3-1,1,0,9,280982,Beth Mead,Substitute,0,1,158678,19,158678.0,3780.0,63',0,0,-1,,,,2024-10-14 01:54:08
12837,716637,19973,home,0,4-2-3-1,1,0,14,309903,Daphne van Domselaar,Substitute,0,0,0,-1,,,,0,0,-1,,,,2024-10-14 01:54:08
12837,716637,19973,home,0,4-2-3-1,1,0,56,357871,Freya Godfrey,Substitute,0,0,0,-1,,,,0,0,-1,,,,2024-10-14 01:54:08
12837,716637,19973,home,0,4-2-3-1,1,0,62,350679,Katie Reid,Substitute,0,0,0,-1,,,,0,0,-1,,,,2024-10-14 01:54:08
12837,716637,19973,home,0,4-2-3-1,1,0,16,350636,Rosa Kafaji,Substitute,0,1,259331,12,259331.0,4380.0,73',0,0,-1,,,,2025-04-05 08:30:15
12837,716637,19973,home,0,4-2-3-1,1,0,22,317573,Katherine Kühl,Substitute,0,0,0,-1,,,,0,0,-1,,,,2024-10-14 01:54:08
12837,716637,19257,away,0,4-3-3,1,1,31,223470,Ayaka Yamashita,Goalkeeper,1,0,0,-1,,,,0,0,-1,,,,2024-10-14 01:54:08
12837,716637,19257,away,0,4-3-3,1,1,18,309904,Kerstin Casparij,Right Back,2,0,0,-1,,,,0,0,-1,,,,2024-10-14 01:54:08
12837,716637,19257,away,0,4-3-3,1,1,15,249105,Leila Ouahabi,Left Back,3,0,0,-1,,,,1,219819,14,219819.0,2400.0,40',2024-10-14 01:54:08
12837,716637,19257,away,0,4-3-3,1,1,25,256228,Yui Hasegawa,Center Midfielder,4,0,0,-1,,,,0,0,-1,,,,2024-10-14 01:54:08
12837,716637,19257,away,0,4-3-3,1,1,4,286338,Laia Aleixandri,Center Right Defender,5,0,0,-1,,,,0,0,-1,,,,2024-10-14 01:54:08
12837,716637,19257,away,0,4-3-3,1,1,5,204659,Alex Greenwood,Center Left Defender,6,0,0,-1,,,,0,0,-1,,,,2024-10-14 01:54:08
12837,716637,19257,away,0,4-3-3,1,1,16,296503,Jess Park,Right Midfielder,7,0,0,-1,,,,0,0,-1,,,,2025-04-05 08:30:15
12837,716637,19257,away,0,4-3-3,1,1,6,219945,Vivianne Miedema,Left Midfielder,8,0,0,-1,,,,1,276165,8,276165.0,4440.0,74',2024-10-14 01:54:08
12837,716637,19257,away,0,4-3-3,1,1,21,261947,Khadija Shaw,Forward,9,0,0,-1,,,,0,0,-1,,,,2024-10-14 01:54:08
12837,716637,19257,away,0,4-3-3,1,1,20,351355,Aoba Fujino,Right Forward,10,0,0,-1,,,,1,282993,9,282993.0,4440.0,74',2024-10-14 01:54:08
12837,716637,19257,away,0,4-3-3,1,1,11,296873,Lauren Hemp,Left Forward,11,0,0,-1,,,,0,0,-1,,,,2024-10-14 01:54:08
12837,716637,19257,away,0,4-3-3,1,0,9,282993,Chloe Kelly,Substitute,0,1,351355,20,351355.0,4440.0,74',0,0,-1,,,,2024-10-14 01:54:08
12837,716637,19257,away,0,4-3-3,1,0,28,353342,Gracie Prior,Substitute,0,0,0,-1,,,,0,0,-1,,,,2024-10-14 01:54:08
12837,716637,19257,away,0,4-3-3,1,0,35,314954,Khiara Keating,Substitute,0,0,0,-1,,,,0,0,-1,,,,2024-10-14 01:54:08
12837,716637,19257,away,0,4-3-3,1,0,3,306881,Naomi Layzell,Substitute,0,0,0,-1,,,,0,0,-1,,,,2024-10-14 01:54:08
12837,716637,19257,away,0,4-3-3,1,0,19,298641,Laura Blindkilde Brown,Substitute,0,0,0,-1,,,,0,0,-1,,,,2025-04-05 08:30:15
12837,716637,19257,away,0,4-3-3,1,0,14,219819,Alanna Kennedy,Substitute,0,1,249105,15,249105.0,2400.0,40',0,0,-1,,,,2024-10-14 01:54:08
12837,716637,19257,away,0,4-3-3,1,0,8,276165,Mary Fowler,Substitute,0,1,219945,6,219945.0,4440.0,74',0,0,-1,,,,2024-10-14 01:54:08
12837,716637,19257,away,0,4-3-3,1,0,7,229456,Laura Coombs,Substitute,0,0,0,-1,,,,0,0,-1,,,,2024-10-14 01:54:08
12837,716637,19257,away,0,4-3-3,1,0,46,390468,Lily Murphy,Substitute,0,0,0,-1,,,,0,0,-1,,,,2024-10-14 01:54:08
12837,716638,21037,home,0,5-4-1,1,1,30,224886,Shae Yanez,Goalkeeper,1,0,0,-1,,,,0,0,-1,,,,2024-10-14 01:54:08
12837,716638,21037,home,0,5-4-1,1,1,14,259626,Josie Green,Right Back,2,0,0,-1,,,,1,336368,27,336368.0,4740.0,79',2025-04-05 08:30:15
12837,716638,21037,home,0,5-4-1,1,1,23,288977,Lily Woodham,Left Back,3,0,0,-1,,,,0,0,-1,,,,2024-10-14 01:54:08
12837,716638,21037,home,0,5-4-1,1,1,3,312463,Felicity Gibbons,Center Left Defender,4,0,0,-1,,,,0,0,-1,,,,2024-10-14 01:54:08
12837,716638,21037,home,0,5-4-1,1,1,2,140056,Katrine Veje,Center Defender,5,0,0,-1,,,,0,0,-1,,,,2024-10-14 01:54:08
12837,716638,21037,home,0,5-4-1,1,1,6,324878,Aimee Everett,Center Right Defender,6,0,0,-1,,,,0,0,-1,,,,2024-10-14 01:54:08
12837,716638,21037,home,0,5-4-1,1,1,20,300434,Indiah-Paige Riley,Right Midfielder,7,0,0,-1,,,,1,324879,8,324879.0,3180.0,53',2024-10-14 01:54:08
12837,716638,21037,home,0,5-4-1,1,1,10,323499,Annabel Blanchard,Center Right Midfielder,8,0,0,-1,,,,1,314575,11,314575.0,5400.0,90'+1',2024-10-14 01:54:08
12837,716638,21037,home,0,5-4-1,1,1,28,290269,Katie Stengel,Forward,9,0,0,-1,,,,1,358671,12,358671.0,5400.0,90'+1',2024-10-14 01:54:08
12837,716638,21037,home,0,5-4-1,1,1,5,392348,My Cato,Center Left Midfielder,10,0,0,-1,,,,0,0,-1,,,,2024-10-14 01:54:08
12837,716638,21037,home,0,5-4-1,1,1,22,285187,Mille Gejl,Left Midfielder,11,0,0,-1,,,,0,0,-1,,,,2024-10-14 01:54:08
12837,716638,21037,home,0,5-4-1,1,0,77,328245,Isibeal Atkinson,Substitute,0,0,0,-1,,,,0,0,-1,,,,2024-10-14 01:54:08
12837,716638,21037,home,0,5-4-1,1,0,8,324879,Molly-Mae Sharpe,Substitute,0,1,300434,20,300434.0,3180.0,53',0,0,-1,,,,2024-10-14 01:54:08
12837,716638,21037,home,0,5-4-1,1,0,19,335986,Milla-Maj Majasaari,Substitute,0,0,0,-1,,,,0,0,-1,,,,2024-10-14 01:54:08
12837,716638,21037,home,0,5-4-1,1,0,27,336368,Abbie Larkin,Substitute,0,1,259626,14,259626.0,4740.0,79',0,0,-1,,,,2024-10-14 01:54:08
12837,716638,21037,home,0,5-4-1,1,0,12,358671,Poppy Pritchard,Substitute,0,1,290269,28,290269.0,5400.0,90'+1',0,0,-1,,,,2024-10-14 01:54:08
12837,716638,21037,home,0,5-4-1,1,0,4,257534,Chloe Arthur,Substitute,0,0,0,-1,,,,0,0,-1,,,,2024-10-14 01:54:08
12837,716638,21037,home,0,5-4-1,1,0,11,314575,Ashleigh Weerden,Substitute,0,1,323499,10,323499.0,5400.0,90'+1',0,0,-1,,,,2024-10-14 01:54:08
12837,716638,19970,away,1,4-1-4-1,1,1,24,312460,Hannah Hampton,Goalkeeper,1,0,0,-1,,,,0,0,-1,,,,2024-10-14 01:54:08
12837,716638,19970,away,1,4-1-4-1,1,1,22,188448,Lucy Bronze,Right Back,2,0,0,-1,,,,1,248834,15,248834.0,3840.0,64',2024-10-14 01:54:08
12837,716638,19970,away,1,4-1-4-1,1,1,12,119954,Ashley Lawrence,Left Back,3,0,0,-1,,,,1,295673,17,295673.0,3840.0,64',2024-10-14 01:54:08
12837,716638,19970,away,1,4-1-4-1,1,1,6,314382,Sjoeke Nüsken,Defensive Midfielder,4,0,0,-1,,,,1,261568,9,261568.0,4260.0,71',2024-10-14 01:54:08
12837,716638,19970,away,1,4-1-4-1,1,1,4,248770,Millie Bright,Center Right Defender,5,0,0,-1,,,,0,0,-1,,,,2024-10-14 01:54:08
12837,716638,19970,away,1,4-1-4-1,1,1,14,255181,Nathalie Björn,Center Left Defender,6,0,0,-1,,,,0,0,-1,,,,2024-10-14 01:54:08
12837,716638,19970,away,1,4-1-4-1,1,1,19,264735,Johanna Rytting Kaneryd,Right Midfielder,7,0,0,-1,,,,1,288680,7,288680.0,3240.0,54',2025-04-05 08:30:15
12837,716638,19970,away,1,4-1-4-1,1,1,8,257545,Erin Cuthbert,Center Right Midfielder,8,0,0,-1,,,,1,315453,18,315453.0,3240.0,54',2024-10-14 01:54:08
12837,716638,19970,away,1,4-1-4-1,1,1,33,313088,Aggie Beever-Jones,Forward,9,0,0,-1,,,,0,0,-1,,,,2024-10-14 01:54:08
12837,716638,19970,away,1,4-1-4-1,1,1,11,257483,Guro Reiten,Center Left Midfielder,10,0,0,-1,,,,0,0,-1,,,,2024-10-14 01:54:08
12837,716638,19970,away,1,4-1-4-1,1,1,10,294253,Lauren James,Left Midfielder,11,0,0,-1,,,,0,0,-1,,,,2024-10-14 01:54:08
12837,716638,19970,away,1,4-1-4-1,1,0,23,351356,Maika Hamano,Substitute,0,0,0,-1,,,,0,0,-1,,,,2024-10-14 01:54:08
12837,716638,19970,away,1,4-1-4-1,1,0,26,209937,Kadeisha Buchanan,Substitute,0,0,0,-1,,,,0,0,-1,,,,2024-10-14 01:54:08
12837,716638,19970,away,1,4-1-4-1,1,0,15,248834,Ève Périsset,Substitute,0,1,188448,22,188448.0,3840.0,64',0,0,-1,,,,2024-10-14 01:54:08
12837,716638,19970,away,1,4-1-4-1,1,0,1,255417,Zecira Musovic,Substitute,0,0,0,-1,,,,0,0,-1,,,,2024-10-14 01:54:08
12837,716638,19970,away,1,4-1-4-1,1,0,25,347124,Maelys Mpomé,Substitute,0,0,0,-1,,,,0,0,-1,,,,2024-10-14 01:54:08
12837,716638,19970,away,1,4-1-4-1,1,0,9,261568,Catarina Macario,Substitute,0,1,314382,6,314382.0,4260.0,71',0,0,-1,,,,2024-10-14 01:54:08
12837,716638,19970,away,1,4-1-4-1,1,0,7,288680,Mayra Ramírez,Substitute,0,1,264735,19,264735.0,3240.0,54',0,0,-1,,,,2024-10-14 01:54:08
12837,716638,19970,away,1,4-1-4-1,1,0,17,295673,Sandy Baltimore,Substitute,0,1,119954,12,119954.0,3840.0,64',0,0,-1,,,,2024-10-14 01:54:08
12837,716638,19970,away,1,4-1-4-1,1,0,18,315453,Wieke Kaptein,Substitute,0,1,257545,8,257545.0,3240.0,54',0,0,-1,,,,2024-10-14 01:54:08
12837,716639,19975,home,0,3-4-3,1,1,1,296372,Kinga Szemik,Goalkeeper,1,0,0,-1,,,,0,0,-1,,,,2024-10-14 01:54:08
12837,716639,19975,home,0,3-4-3,1,1,26,281682,Li Mengwen,Right Midfielder,2,0,0,-1,,,,1,330350,77,330350.0,4440.0,74',2024-10-14 01:54:08
12837,716639,19975,home,0,3-4-3,1,1,18,310225,Anouk Denton,Left Midfielder,3,0,0,-1,,,,0,0,-1,,,,2024-10-14 01:54:08
12837,716639,19975,home,0,3-4-3,1,1,14,235712,Shelina Zadorsky,Center Left Defender,4,0,0,-1,,,,0,0,-1,,,,2024-10-14 01:54:08
12837,716639,19975,home,0,3-4-3,1,1,5,312251,Amber Tysiak,Center Defender,5,0,0,-1,,,,0,0,-1,,,,2024-10-14 01:54:08
12837,716639,19975,home,0,3-4-3,1,1,21,278192,Shannon Cooke,Center Right Defender,6,0,0,-1,,,,0,0,-1,,,,2024-10-14 01:54:08
12837,716639,19975,home,0,3-4-3,1,1,22,219825,Katrina Gorry,Center Right Midfielder,7,0,0,-1,,,,0,0,-1,,,,2024-10-14 01:54:08
12837,716639,19975,home,0,3-4-3,1,1,10,259752,Dagný Brynjarsdóttir,Center Left Midfielder,8,0,0,-1,,,,0,0,-1,,,,2025-04-05 08:30:15
12837,716639,19975,home,0,3-4-3,1,1,9,287317,Riko Ueki,Forward,9,0,0,-1,,,,0,0,-1,,,,2024-10-14 01:54:08
12837,716639,19975,home,0,3-4-3,1,1,12,312486,Emma Harries,Center Right Forward,10,0,0,-1,,,,1,298775,11,298775.0,3960.0,66',2024-10-14 01:54:08
12837,716639,19975,home,0,3-4-3,1,1,20,188069,Viviane Asseyi,Center Left Forward,11,0,0,-1,,,,1,350638,7,350638.0,5400.0,90'+5',2024-10-14 01:54:08
12837,716639,19975,home,0,3-4-3,1,0,25,312461,Megan Walsh,Substitute,0,0,0,-1,,,,0,0,-1,,,,2024-10-14 01:54:08
12837,716639,19975,home,0,3-4-3,1,0,33,327979,Halle Houssein,Substitute,0,0,0,-1,,,,0,0,-1,,,,2024-10-14 01:54:08
12837,716639,19975,home,0,3-4-3,1,0,77,330350,Seraina Piubel,Substitute,0,1,281682,26,281682.0,4440.0,74',0,0,-1,,,,2024-10-14 01:54:08
12837,716639,19975,home,0,3-4-3,1,0,11,298775,Manuela Paví,Substitute,0,1,312486,12,312486.0,3960.0,66',0,0,-1,,,,2024-10-14 01:54:08
12837,716639,19975,home,0,3-4-3,1,0,4,349057,Oona Siren,Substitute,0,0,0,-1,,,,0,0,-1,,,,2024-10-14 01:54:08
12837,716639,19975,home,0,3-4-3,1,0,7,350638,Marika Bergman-Lundin,Substitute,0,1,188069,20,188069.0,5400.0,90'+5',0,0,-1,,,,2024-10-14 01:54:08
12837,716639,19975,home,0,3-4-3,1,0,44,362537,Ruby Doe,Substitute,0,0,0,-1,,,,0,0,-1,,,,2024-10-14 01:54:08
12837,716639,19975,home,0,3-4-3,1,0,17,264860,Camila Sáez,Substitute,0,0,0,-1,,,,0,0,-1,,,,2024-10-14 01:54:08
12837,716639,19971,away,0,3-5-2,1,1,1,230835,Rachael Laws,Goalkeeper,1,0,0,-1,,,,0,0,-1,,,,2024-10-14 01:54:08
12837,716639,19971,away,0,3-5-2,1,1,2,323518,Lucy Parry,Right Midfielder,2,0,0,-1,,,,1,257593,20,257593.0,4560.0,76',2024-10-14 01:54:08
12837,716639,19971,away,0,3-5-2,1,1,12,323520,Taylor Hinds,Left Midfielder,3,0,0,-1,,,,0,0,-1,,,,2024-10-14 01:54:08
12837,716639,19971,away,0,3-5-2,1,1,6,312477,Jasmine Matthews,Center Left Defender,4,0,0,-1,,,,0,0,-1,,,,2024-10-14 01:54:08
12837,716639,19971,away,0,3-5-2,1,1,23,188447,Gemma Bonner,Center Defender,5,0,0,-1,,,,0,0,-1,,,,2024-10-14 01:54:08
12837,716639,19971,away,0,3-5-2,1,1,17,305989,Jenna Clark,Center Right Defender,6,0,0,-1,,,,1,219050,5,219050.0,4740.0,79',2024-10-14 01:54:08
12837,716639,19971,away,0,3-5-2,1,1,14,314199,Marie Hobinger,Center Right Midfielder,7,0,0,-1,,,,0,0,-1,,,,2025-04-05 08:30:15
12837,716639,19971,away,0,3-5-2,1,1,18,264581,Ceri Holland,Center Left Midfielder,8,0,0,-1,,,,1,314960,15,314960.0,4560.0,76',2024-10-14 01:54:08
12837,716639,19971,away,0,3-5-2,1,1,10,280992,Sophie Román Haug,Center Left Forward,9,0,0,-1,,,,1,287518,9,287518.0,4560.0,76',2024-10-14 01:54:08
12837,716639,19971,away,0,3-5-2,1,1,11,279337,Olivia Smith,Center Right Forward,10,0,0,-1,,,,1,325841,13,325841.0,4560.0,76',2024-10-14 01:54:08
12837,716639,19971,away,0,3-5-2,1,1,8,282995,Fuka Nagano,Attacking Midfielder,11,0,0,-1,,,,0,0,-1,,,,2024-10-14 01:54:08
12837,716639,19971,away,0,3-5-2,1,0,47,376486,Eva Spencer,Substitute,0,0,0,-1,,,,0,0,-1,,,,2024-10-14 01:54:08
12837,716639,19971,away,0,3-5-2,1,0,34,328798,Hannah Silcock,Substitute,0,0,0,-1,,,,0,0,-1,,,,2024-10-14 01:54:08
12837,716639,19971,away,0,3-5-2,1,0,13,325841,Mia Enderby,Substitute,0,1,279337,11,279337.0,4560.0,76',0,0,-1,,,,2024-10-14 01:54:08
12837,716639,19971,away,0,3-5-2,1,0,15,314960,Sofie Lundgaard,Substitute,0,1,264581,18,264581.0,4560.0,76',0,0,-1,,,,2024-10-14 01:54:08
12837,716639,19971,away,0,3-5-2,1,0,9,287518,Leanne Kiernan,Substitute,0,1,280992,10,280992.0,4560.0,76',0,0,-1,,,,2024-10-14 01:54:08
12837,716639,19971,away,0,3-5-2,1,0,7,389652,Cornelia Kapocs,Substitute,0,0,0,-1,,,,0,0,-1,,,,2024-10-14 01:54:08
12837,716639,19971,away,0,3-5-2,1,0,3,259312,Gemma Evans,Substitute,0,0,0,-1,,,,0,0,-1,,,,2024-10-14 01:54:08
12837,716639,19971,away,0,3-5-2,1,0,20,257593,Yana Daniels,Substitute,0,1,323518,2,323518.0,4560.0,76',0,0,-1,,,,2024-10-14 01:54:08
12837,716639,19971,away,0,3-5-2,1,0,5,219050,Niamh Fahey,Substitute,0,1,305989,17,305989.0,4740.0,79',0,0,-1,,,,2024-10-14 01:54:08
12837,716640,20707,home,0,4-2-3-1,1,1,1,209364,Sabrina D'Angelo,Goalkeeper,1,0,0,-1,,,,0,0,-1,,,,2024-10-13 22:19:37
12837,716640,20707,home,0,4-2-3-1,1,1,16,220024,Noelle Maritz,Right Back,2,0,0,-1,,,,0,0,-1,,,,2024-10-13 22:19:37
12837,716640,20707,home,0,4-2-3-1,1,1,3,335782,Paula Tomás,Left Back,3,0,0,-1,,,,0,0,-1,,,,2024-10-13 22:19:37
12837,716640,20707,home,0,4-2-3-1,1,1,7,323523,Missy Bo Kearns,Left Midfielder,4,0,0,-1,,,,1,280984,5,280984.0,4020.0,67',2024-10-13 22:19:37
12837,716640,20707,home,0,4-2-3-1,1,1,4,262611,Anna Patten,Center Right Defender,5,0,0,-1,,,,0,0,-1,,,,2024-10-13 22:19:37
12837,716640,20707,home,0,4-2-3-1,1,1,15,261804,Lucy Parker,Center Left Defender,6,0,0,-1,,,,0,0,-1,,,,2024-10-13 22:19:37
12837,716640,20707,home,0,4-2-3-1,1,1,23,309858,Chasity Grant,Attacking Midfielder Right,7,0,0,-1,,,,1,294246,17,294246.0,4800.0,80',2024-10-13 22:19:37
12837,716640,20707,home,0,4-2-3-1,1,1,8,178854,Jordan Nobbs,Right Midfielder,8,0,0,-1,,,,0,0,-1,,,,2024-10-13 22:19:37
12837,716640,20707,home,0,4-2-3-1,1,1,9,248769,Rachel Daly,Forward,9,0,0,-1,,,,1,338756,25,338756.0,5400.0,90'+2',2024-10-13 22:19:37
12837,716640,20707,home,0,4-2-3-1,1,1,10,219119,Kenza Dali,Attacking Midfielder,10,0,0,-1,,,,1,312467,11,312467.0,4020.0,67',2024-10-13 22:19:37
12837,716640,20707,home,0,4-2-3-1,1,1,20,294252,Kirsty Hanson,Attacking Midfielder Left,11,0,0,-1,,,,1,219769,19,219769.0,4020.0,67',2024-10-13 22:19:37
12837,716640,20707,home,0,4-2-3-1,1,0,25,338756,Miri Taylor,Substitute,0,1,248769,9,248769.0,5400.0,90'+2',0,0,-1,,,,2025-04-05 08:30:15
12837,716640,20707,home,0,4-2-3-1,1,0,17,294246,Ebony Salmon,Substitute,0,1,309858,23,309858.0,4800.0,80',0,0,-1,,,,2024-10-13 22:19:37
12837,716640,20707,home,0,4-2-3-1,1,0,5,280984,Lucy Staniforth,Substitute,0,1,323523,7,323523.0,4020.0,67',0,0,-1,,,,2024-10-13 22:19:37
12837,716640,20707,home,0,4-2-3-1,1,0,2,312456,Sarah Mayling,Substitute,0,0,0,-1,,,,0,0,-1,,,,2024-10-13 22:19:37
12837,716640,20707,home,0,4-2-3-1,1,0,11,312467,Katie Robinson,Substitute,0,1,219119,10,219119.0,4020.0,67',0,0,-1,,,,2024-10-13 22:19:37
12837,716640,20707,home,0,4-2-3-1,1,0,35,350626,Sophia Poor,Substitute,0,0,0,-1,,,,0,0,-1,,,,2024-10-13 22:19:37
12837,716640,20707,home,0,4-2-3-1,1,0,14,312484,Danielle Turner,Substitute,0,0,0,-1,,,,0,0,-1,,,,2024-10-13 22:19:37
12837,716640,20707,home,0,4-2-3-1,1,0,19,219769,Adriana Leon,Substitute,0,1,294252,20,294252.0,4020.0,67',0,0,-1,,,,2024-10-13 22:19:37
12837,716640,20707,home,0,4-2-3-1,1,0,33,312497,Mayumi Pacheco,Substitute,0,0,0,-1,,,,0,0,-1,,,,2024-10-13 22:19:37
12837,716640,20062,away,0,4-2-3-1,1,1,22,286883,Rebecca Spencer,Goalkeeper,1,0,0,-1,,,,0,0,-1,,,,2024-10-13 22:19:37
12837,716640,20062,away,0,4-2-3-1,1,1,29,294265,Ashleigh Neville,Right Back,2,0,0,-1,,,,0,0,-1,,,,2024-10-13 22:19:37
12837,716640,20062,away,0,4-2-3-1,1,1,6,314494,Amanda Nildén,Left Back,3,0,0,-1,,,,0,0,-1,,,,2024-10-13 22:19:37
12837,716640,20062,away,0,4-2-3-1,1,1,25,267666,Eveliina Summanen,Left Midfielder,4,0,0,-1,,,,0,0,-1,,,,2024-10-13 22:19:37
12837,716640,20062,away,0,4-2-3-1,1,1,5,312487,Molly Bartrip,Center Right Defender,5,0,0,-1,,,,0,0,-1,,,,2024-10-13 22:19:37
12837,716640,20062,away,0,4-2-3-1,1,1,15,312233,Clare Hunt,Center Left Defender,6,0,0,-1,,,,0,0,-1,,,,2024-10-13 22:19:37
12837,716640,20062,away,0,4-2-3-1,1,1,8,219818,Hayley Raso,Attacking Midfielder Right,7,0,0,-1,,,,1,311201,14,311201.0,4620.0,77',2024-10-13 22:19:37
12837,716640,20062,away,0,4-2-3-1,1,1,10,320356,Maite Oroz,Right Midfielder,8,0,0,-1,,,,1,349567,13,349567.0,5160.0,86',2024-10-13 22:19:37
12837,716640,20062,away,0,4-2-3-1,1,1,17,226804,Martha Thomas,Forward,9,0,0,-1,,,,0,0,-1,,,,2024-10-13 22:19:37
12837,716640,20062,away,0,4-2-3-1,1,1,24,286882,Drew Spence,Attacking Midfielder,10,0,0,-1,,,,1,267679,20,267679.0,4620.0,77',2024-10-13 22:19:37
12837,716640,20062,away,0,4-2-3-1,1,1,7,294268,Jessica Naz,Attacking Midfielder Left,11,0,0,-1,,,,1,293410,9,293410.0,3300.0,55',2024-10-13 22:19:37
12837,716640,20062,away,0,4-2-3-1,1,0,31,355373,Lenna Gunning-Williams,Substitute,0,0,0,-1,,,,0,0,-1,,,,2024-10-13 22:19:37
12837,716640,20062,away,0,4-2-3-1,1,0,30,377621,Araya Dennis,Substitute,0,0,0,-1,,,,0,0,-1,,,,2024-10-13 22:19:37
12837,716640,20062,away,0,4-2-3-1,1,0,20,267679,Olga Ahtinen,Substitute,0,1,286882,24,286882.0,4620.0,77',0,0,-1,,,,2024-10-13 22:19:37
12837,716640,20062,away,0,4-2-3-1,1,0,2,300442,Charlotte Grant,Substitute,0,0,0,-1,,,,0,0,-1,,,,2024-10-13 22:19:37
12837,716640,20062,away,0,4-2-3-1,1,0,14,311201,Anna Csiki,Substitute,0,1,219818,8,219818.0,4620.0,77',0,0,-1,,,,2024-10-13 22:19:37
12837,716640,20062,away,0,4-2-3-1,1,0,3,323599,Ella Morris,Substitute,0,0,0,-1,,,,0,0,-1,,,,2024-10-13 22:19:37
12837,716640,20062,away,0,4-2-3-1,1,0,13,349567,Matilda Vinberg,Substitute,0,1,320356,10,320356.0,5160.0,86',0,0,-1,,,,2024-10-13 22:19:37
12837,716640,20062,away,0,4-2-3-1,1,0,26,351745,Katelin Talbert,Substitute,0,0,0,-1,,,,0,0,-1,,,,2024-10-13 22:19:37
12837,716640,20062,away,0,4-2-3-1,1,0,9,293410,Bethany England,Substitute,0,1,294268,7,294268.0,3300.0,55',0,0,-1,,,,2025-04-05 08:30:15
12837,716641,19972,home,0,3-4-3,1,1,1,209174,Courtney Brosnan,Goalkeeper,1,0,0,-1,,,,0,0,-1,,,,2024-10-13 22:19:37
12837,716641,19972,home,0,3-4-3,1,1,17,284939,Lucy Hope,Right Midfielder,2,0,0,-1,,,,1,291349,19,291349.0,3840.0,64',2025-04-05 08:30:15
12837,716641,19972,home,0,3-4-3,1,1,23,287392,Sara Holmgaard,Left Midfielder,3,0,0,-1,,,,1,378053,4,378053.0,4920.0,82',2024-10-13 22:19:37
12837,716641,19972,home,0,3-4-3,1,1,27,349927,Elise Stenevik,Center Left Defender,4,0,0,-1,,,,0,0,-1,,,,2024-10-13 22:19:37
12837,716641,19972,home,0,3-4-3,1,1,20,312482,Megan Finnigan,Center Defender,5,0,0,-1,,,,0,0,-1,,,,2024-10-13 22:19:37
12837,716641,19972,home,0,3-4-3,1,1,8,293328,Justine Vanhaevermaet,Center Right Defender,6,0,0,-1,,,,0,0,-1,,,,2024-10-13 22:19:37
12837,716641,19972,home,0,3-4-3,1,1,6,303336,Honoka Hayashi,Center Right Midfielder,7,0,0,-1,,,,0,0,-1,,,,2024-10-13 22:19:37
12837,716641,19972,home,0,3-4-3,1,1,7,300568,Clare Wheeler,Center Left Midfielder,8,0,0,-1,,,,0,0,-1,,,,2024-10-13 22:19:37
12837,716641,19972,home,0,3-4-3,1,1,25,270037,Katja Snoeijs,Forward,9,0,0,-1,,,,1,297709,11,297709.0,3840.0,64',2024-10-13 22:19:37
12837,716641,19972,home,0,3-4-3,1,1,10,335840,Inma Gabarro,Center Right Forward,10,0,0,-1,,,,1,312559,21,312559.0,840.0,14',2024-10-13 22:19:37
12837,716641,19972,home,0,3-4-3,1,1,47,364520,Karoline Olesen,Center Left Forward,11,0,0,-1,,,,1,211151,9,211151.0,3840.0,64',2024-10-13 22:19:37
12837,716641,19972,home,0,3-4-3,1,0,4,378053,Issy Hobson,Substitute,0,1,287392,23,287392.0,4920.0,82',0,0,-1,,,,2025-04-05 08:30:15
12837,716641,19972,home,0,3-4-3,1,0,40,384158,Ellie Jones,Substitute,0,0,0,-1,,,,0,0,-1,,,,2024-10-13 22:19:37
12837,716641,19972,home,0,3-4-3,1,0,19,291349,Heather Payne,Substitute,0,1,284939,17,284939.0,3840.0,64',0,0,-1,,,,2024-10-13 22:19:37
12837,716641,19972,home,0,3-4-3,1,0,21,312559,Veatriki Sarri,Substitute,0,1,335840,10,335840.0,840.0,14',0,0,-1,,,,2024-10-13 22:19:37
12837,716641,19972,home,0,3-4-3,1,0,11,297709,Emma Bissell,Substitute,0,1,270037,25,270037.0,3840.0,64',0,0,-1,,,,2024-10-13 22:19:37
12837,716641,19972,home,0,3-4-3,1,0,13,278276,Rylee Foster,Substitute,0,0,0,-1,,,,0,0,-1,,,,2024-10-13 22:19:37
12837,716641,19972,home,0,3-4-3,1,0,42,211994,Lauren Thomas,Substitute,0,0,0,-1,,,,0,0,-1,,,,2024-10-13 22:19:37
12837,716641,19972,home,0,3-4-3,1,0,9,211151,Toni Payne,Substitute,0,1,364520,47,364520.0,3840.0,64',0,0,-1,,,,2024-10-13 22:19:37
12837,716641,20061,away,1,4-3-3,1,1,91,208938,Phallon Tullis-Joyce,Goalkeeper,1,0,0,-1,,,,0,0,-1,,,,2024-10-13 22:19:37
12837,716641,20061,away,1,4-3-3,1,1,14,267765,Jayde Riviere,Right Back,2,0,0,-1,,,,0,0,-1,,,,2024-10-13 22:19:37
12837,716641,20061,away,1,4-3-3,1,1,11,294256,Leah Galton,Left Back,3,0,0,-1,,,,0,0,-1,,,,2024-10-13 22:19:37
12837,716641,20061,away,1,4-3-3,1,1,17,219947,Dominique Janssen,Center Midfielder,4,0,0,-1,,,,0,0,-1,,,,2024-10-13 22:19:37
12837,716641,20061,away,1,4-3-3,1,1,4,312462,Maya Le Tissier,Center Right Defender,5,0,0,-1,,,,0,0,-1,,,,2024-10-13 22:19:37
12837,716641,20061,away,1,4-3-3,1,1,21,294257,Millie Turner,Center Left Defender,6,0,0,-1,,,,0,0,-1,,,,2024-10-13 22:19:37
12837,716641,20061,away,1,4-3-3,1,1,8,306883,Grace Clinton,Right Midfielder,7,0,0,-1,,,,0,0,-1,,,,2024-10-13 22:19:37
12837,716641,20061,away,1,4-3-3,1,1,16,268103,Lisa Naalsund,Left Midfielder,8,0,0,-1,,,,1,349220,13,349220.0,4020.0,67',2024-10-13 22:19:37
12837,716641,20061,away,1,4-3-3,1,1,19,298669,Elisabeth Terland,Forward,9,0,0,-1,,,,1,295670,9,295670.0,4020.0,67',2024-10-13 22:19:37
12837,716641,20061,away,1,4-3-3,1,1,23,268325,Geyse,Right Forward,10,0,0,-1,,,,1,328108,15,,,,2024-10-21 05:12:06
12837,716641,20061,away,1,4-3-3,1,1,7,294255,Ella Toone,Left Forward,11,0,0,-1,,,,1,283107,20,283107.0,4560.0,76',2024-10-13 22:19:37
12837,716641,20061,away,1,4-3-3,1,0,9,295670,Melvine Malard,Substitute,0,1,298669,19,298669.0,4020.0,67',0,0,-1,,,,2024-10-13 22:19:37
12837,716641,20061,away,1,4-3-3,1,0,28,134423,Rachel Williams,Substitute,0,0,0,-1,,,,0,0,-1,,,,2024-10-13 22:19:37
12837,716641,20061,away,1,4-3-3,1,0,13,349220,Simi Awujo,Substitute,0,1,268103,16,268103.0,4020.0,67',0,0,-1,,,,2024-10-13 22:19:37
12837,716641,20061,away,1,4-3-3,1,0,39,332051,Safia Middleton-Patel,Substitute,0,0,0,-1,,,,0,0,-1,,,,2024-10-13 22:19:37
12837,716641,20061,away,1,4-3-3,1,0,15,328108,Celin Bizet,Substitute,0,1,268325,23,268325.0,4080.0,68',0,0,-1,,,,2025-04-05 08:30:15
12837,716641,20061,away,1,4-3-3,1,0,5,293411,Aoife Mannion,Substitute,0,0,0,-1,,,,0,0,-1,,,,2024-10-13 22:19:37
12837,716641,20061,away,1,4-3-3,1,0,20,283107,Hinata Miyazawa,Substitute,0,1,294255,7,294255.0,4560.0,76',0,0,-1,,,,2024-10-13 22:19:37
12837,716641,20061,away,1,4-3-3,1,0,3,268536,Gabby George,Substitute,0,0,0,-1,,,,0,0,-1,,,,2025-04-05 08:30:15
12837,716641,20061,away,1,4-3-3,1,0,12,259315,Hayley Ladd,Substitute,0,0,0,-1,,,,0,0,-1,,,,2025-04-05 08:30:15
12837,716642,21036,home,0,4-3-3,1,1,23,264730,Lize Kop,Goalkeeper,1,0,0,-1,,,,0,0,-1,,,,2024-10-14 01:54:08
12837,716642,21036,home,0,4-3-3,1,1,4,219962,C.J. Bott,Right Back,2,0,0,-1,,,,1,300518,2,300518.0,4260.0,71',2024-10-14 01:54:08
12837,716642,21036,home,0,4-3-3,1,1,11,257569,Janice Cayman,Left Back,3,0,0,-1,,,,0,0,-1,,,,2024-10-14 01:54:08
12837,716642,21036,home,0,4-3-3,1,1,30,302566,Ruby Mace,Center Midfielder,4,0,0,-1,,,,1,288888,6,288888.0,3780.0,63',2024-10-14 01:54:08
12837,716642,21036,home,0,4-3-3,1,1,5,210382,Sophie Howard,Center Right Defender,5,0,0,-1,,,,0,0,-1,,,,2024-10-14 01:54:08
12837,716642,21036,home,0,4-3-3,1,1,17,317638,Julie Thibaud,Center Left Defender,6,0,0,-1,,,,0,0,-1,,,,2024-10-14 01:54:08
12837,716642,21036,home,0,4-3-3,1,1,3,323495,Sam Tierney,Right Midfielder,7,0,0,-1,,,,1,379853,18,379853.0,4860.0,81',2024-10-14 01:54:08
12837,716642,21036,home,0,4-3-3,1,1,29,256223,Yuka Momiki,Left Midfielder,8,0,0,-1,,,,0,0,-1,,,,2024-10-14 01:54:08
12837,716642,21036,home,0,4-3-3,1,1,10,365587,Noémie Mouchon,Forward,9,0,0,-1,,,,1,344373,28,344373.0,4320.0,72',2024-10-14 01:54:08
12837,716642,21036,home,0,4-3-3,1,1,8,317806,Jutta Rantala,Right Forward,10,0,0,-1,,,,0,0,-1,,,,2024-10-14 01:54:08
12837,716642,21036,home,0,4-3-3,1,1,20,294600,Missy Goodwin,Left Forward,11,0,0,-1,,,,1,235714,7,235714.0,3780.0,63',2024-10-14 01:54:08
12837,716642,21036,home,0,4-3-3,1,0,1,328082,Janina Leitzig,Substitute,0,0,0,-1,,,,0,0,-1,,,,2024-10-14 01:54:08
12837,716642,21036,home,0,4-3-3,1,0,12,304854,Asmita Ale,Substitute,0,0,0,-1,,,,0,0,-1,,,,2024-10-14 01:54:08
12837,716642,21036,home,0,4-3-3,1,0,22,330334,Sari Kees,Substitute,0,0,0,-1,,,,0,0,-1,,,,2024-10-14 01:54:08
12837,716642,21036,home,0,4-3-3,1,0,2,300518,Courtney Nevin,Substitute,0,1,219962,4,219962.0,4260.0,71',0,0,-1,,,,2024-10-14 01:54:08
12837,716642,21036,home,0,4-3-3,1,0,28,344373,Shana Chossenotte,Substitute,0,1,365587,10,365587.0,4320.0,72',0,0,-1,,,,2024-10-14 01:54:08
12837,716642,21036,home,0,4-3-3,1,0,31,248450,Chantelle Swaby,Substitute,0,0,0,-1,,,,0,0,-1,,,,2024-10-14 01:54:08
12837,716642,21036,home,0,4-3-3,1,0,7,235714,Deanne Rose,Substitute,0,1,294600,20,294600.0,3780.0,63',0,0,-1,,,,2024-10-14 01:54:08
12837,716642,21036,home,0,4-3-3,1,0,18,379853,Emilia Pelgander,Substitute,0,1,323495,3,323495.0,4860.0,81',0,0,-1,,,,2024-10-14 01:54:08
12837,716642,21036,home,0,4-3-3,1,0,6,288888,Saori Takarada,Substitute,0,1,302566,30,302566.0,3780.0,63',0,0,-1,,,,2024-10-14 01:54:08
12837,716642,19973,away,1,4-4-2,1,1,14,309903,Daphne van Domselaar,Goalkeeper,1,0,0,-1,,,,0,0,-1,,,,2024-10-14 01:54:08
12837,716642,19973,away,1,4-4-2,1,1,2,263684,Emily Fox,Right Back,2,0,0,-1,,,,0,0,-1,,,,2024-10-14 01:54:08
12837,716642,19973,away,1,4-4-2,1,1,11,219079,Katie McCabe,Left Back,3,0,0,-1,,,,1,350636,16,350636.0,4320.0,72',2024-10-14 01:54:08
12837,716642,19973,away,1,4-4-2,1,1,32,288907,Kyra Cooney-Cross,Center Right Midfielder,4,0,0,-1,,,,1,176041,10,176041.0,3480.0,58',2024-10-14 01:54:08
12837,716642,19973,away,1,4-4-2,1,1,3,263682,Lotte Wubben-Moy,Center Right Defender,5,0,0,-1,,,,0,0,-1,,,,2024-10-14 01:54:08
12837,716642,19973,away,1,4-4-2,1,1,5,295638,Laia Codina,Center Left Defender,6,0,0,-1,,,,0,0,-1,,,,2024-10-14 01:54:08
12837,716642,19973,away,1,4-4-2,1,1,9,280982,Beth Mead,Right Midfielder,7,0,0,-1,,,,1,257473,8,257473.0,3480.0,58',2024-10-14 01:54:08
12837,716642,19973,away,1,4-4-2,1,1,13,220015,Lia Wälti,Center Left Midfielder,8,0,0,-1,,,,0,0,-1,,,,2024-10-14 01:54:08
12837,716642,19973,away,1,4-4-2,1,1,23,263683,Alessia Russo,Center Left Forward,9,0,0,-1,,,,0,0,-1,,,,2024-10-14 01:54:08
12837,716642,19973,away,1,4-4-2,1,1,12,259331,Frida Maanum,Center Right Forward,10,0,0,-1,,,,1,240274,25,240274.0,3480.0,58',2024-10-14 01:54:08
12837,716642,19973,away,1,4-4-2,1,1,19,158678,Caitlin Foord,Left Midfielder,11,0,0,-1,,,,1,350679,62,350679.0,5400.0,90'+7',2024-10-14 01:54:08
12837,716642,19973,away,1,4-4-2,1,0,62,350679,Katie Reid,Substitute,0,1,158678,19,158678.0,5400.0,90'+7',0,0,-1,,,,2024-10-14 01:54:08
12837,716642,19973,away,1,4-4-2,1,0,56,357871,Freya Godfrey,Substitute,0,0,0,-1,,,,0,0,-1,,,,2024-10-14 01:54:08
12837,716642,19973,away,1,4-4-2,1,0,10,176041,Kim Little,Substitute,0,1,288907,32,288907.0,3480.0,58',0,0,-1,,,,2024-10-14 01:54:08
12837,716642,19973,away,1,4-4-2,1,0,25,240274,Stina Blackstenius,Substitute,0,1,259331,12,259331.0,3480.0,58',0,0,-1,,,,2024-10-14 01:54:08
12837,716642,19973,away,1,4-4-2,1,0,8,257473,Mariona Caldentey,Substitute,0,1,280982,9,280982.0,3480.0,58',0,0,-1,,,,2024-10-14 01:54:08
12837,716642,19973,away,1,4-4-2,1,0,26,268324,Laura Wienroither,Substitute,0,0,0,-1,,,,0,0,-1,,,,2024-10-14 01:54:08
12837,716642,19973,away,1,4-4-2,1,0,22,317573,Katherine Kühl,Substitute,0,0,0,-1,,,,0,0,-1,,,,2024-10-14 01:54:08
12837,716642,19973,away,1,4-4-2,1,0,16,350636,Rosa Kafaji,Substitute,0,1,219079,11,219079.0,4320.0,72',0,0,-1,,,,2025-04-05 08:30:15
12837,716642,19973,away,1,4-4-2,1,0,1,252339,Manuela Zinsberger,Substitute,0,0,0,-1,,,,0,0,-1,,,,2024-10-14 01:54:08
12837,716643,19257,home,1,4-3-3,1,1,31,223470,Ayaka Yamashita,Goalkeeper,1,0,0,-1,,,,0,0,-1,,,,2024-10-14 01:54:08
12837,716643,19257,home,1,4-3-3,1,1,3,306881,Naomi Layzell,Right Back,2,0,0,-1,,,,0,0,-1,,,,2024-10-14 01:54:08
12837,716643,19257,home,1,4-3-3,1,1,18,309904,Kerstin Casparij,Left Back,3,0,0,-1,,,,0,0,-1,,,,2024-10-14 01:54:08
12837,716643,19257,home,1,4-3-3,1,1,25,256228,Yui Hasegawa,Center Midfielder,4,0,0,-1,,,,0,0,-1,,,,2024-10-14 01:54:08
12837,716643,19257,home,1,4-3-3,1,1,4,286338,Laia Aleixandri,Center Right Defender,5,0,0,-1,,,,0,0,-1,,,,2024-10-14 01:54:08
12837,716643,19257,home,1,4-3-3,1,1,5,204659,Alex Greenwood,Center Left Defender,6,0,0,-1,,,,0,0,-1,,,,2024-10-14 01:54:08
12837,716643,19257,home,1,4-3-3,1,1,16,296503,Jess Park,Right Midfielder,7,0,0,-1,,,,0,0,-1,,,,2025-04-05 08:30:15
12837,716643,19257,home,1,4-3-3,1,1,6,219945,Vivianne Miedema,Left Midfielder,8,0,0,-1,,,,1,219951,10,219951.0,4860.0,81',2024-10-14 01:54:08
12837,716643,19257,home,1,4-3-3,1,1,21,261947,Khadija Shaw,Forward,9,0,0,-1,,,,1,276165,8,276165.0,4620.0,77',2024-10-14 01:54:08
12837,716643,19257,home,1,4-3-3,1,1,20,351355,Aoba Fujino,Right Forward,10,0,0,-1,,,,0,0,-1,,,,2024-10-14 01:54:08
12837,716643,19257,home,1,4-3-3,1,1,11,296873,Lauren Hemp,Left Forward,11,0,0,-1,,,,0,0,-1,,,,2024-10-14 01:54:08
12837,716643,19257,home,1,4-3-3,1,0,46,390468,Lily Murphy,Substitute,0,0,0,-1,,,,0,0,-1,,,,2024-10-14 01:54:08
12837,716643,19257,home,1,4-3-3,1,0,7,229456,Laura Coombs,Substitute,0,0,0,-1,,,,0,0,-1,,,,2024-10-14 01:54:08
12837,716643,19257,home,1,4-3-3,1,0,44,390465,Codie Thomas,Substitute,0,0,0,-1,,,,0,0,-1,,,,2024-10-14 01:54:08
12837,716643,19257,home,1,4-3-3,1,0,35,314954,Khiara Keating,Substitute,0,0,0,-1,,,,0,0,-1,,,,2024-10-14 01:54:08
12837,716643,19257,home,1,4-3-3,1,0,19,298641,Laura Blindkilde Brown,Substitute,0,0,0,-1,,,,0,0,-1,,,,2025-04-05 08:30:15
12837,716643,19257,home,1,4-3-3,1,0,9,282993,Chloe Kelly,Substitute,0,0,0,-1,,,,0,0,-1,,,,2024-10-14 01:54:08
12837,716643,19257,home,1,4-3-3,1,0,8,276165,Mary Fowler,Substitute,0,1,261947,21,261947.0,4620.0,77',0,0,-1,,,,2024-10-14 01:54:08
12837,716643,19257,home,1,4-3-3,1,0,10,219951,Jill Roord,Substitute,0,1,219945,6,219945.0,4860.0,81',0,0,-1,,,,2024-10-14 01:54:08
12837,716643,19257,home,1,4-3-3,1,0,14,219819,Alanna Kennedy,Substitute,0,0,0,-1,,,,0,0,-1,,,,2024-10-14 01:54:08
12837,716643,19976,away,0,3-4-3,1,1,32,249106,Sophie Baggaley,Goalkeeper,1,0,0,-1,,,,0,0,-1,,,,2024-10-14 01:54:08
12837,716643,19976,away,0,3-4-3,1,1,14,219773,Fran Kirby,Right Midfielder,2,0,0,-1,,,,0,0,-1,,,,2024-10-14 01:54:08
12837,716643,19976,away,0,3-4-3,1,1,3,294247,Poppy Pattinson,Left Midfielder,3,0,0,-1,,,,1,313706,18,313706.0,4200.0,70',2024-10-14 01:54:08
12837,716643,19976,away,0,3-4-3,1,1,16,325886,Jorelyn Carabalí,Center Left Defender,4,0,0,-1,,,,0,0,-1,,,,2024-10-14 01:54:08
12837,716643,19976,away,0,3-4-3,1,1,5,213937,Guro Bergsvand,Center Defender,5,0,0,-1,,,,0,0,-1,,,,2024-10-14 01:54:08
12837,716643,19976,away,0,3-4-3,1,1,2,219987,Maria Thorisdottir,Center Right Defender,6,0,0,-1,,,,0,0,-1,,,,2024-10-14 01:54:08
12837,716643,19976,away,0,3-4-3,1,1,6,219990,Vicky Losada,Center Right Midfielder,7,0,0,-1,,,,0,0,-1,,,,2024-10-14 01:54:08
12837,716643,19976,away,0,3-4-3,1,1,19,309906,Marisa Olislagers,Center Left Midfielder,8,0,0,-1,,,,1,257536,27,257536.0,5400.0,90'+3',2024-10-14 01:54:08
12837,716643,19976,away,0,3-4-3,1,1,8,219939,Pauline Bremer,Forward,9,0,0,-1,,,,1,350678,59,350678.0,3420.0,57',2024-10-14 01:54:08
12837,716643,19976,away,0,3-4-3,1,1,11,296778,Kiko Seike,Center Right Forward,10,0,0,-1,,,,1,261578,21,261578.0,3420.0,57',2024-10-14 01:54:08
12837,716643,19976,away,0,3-4-3,1,1,20,305984,Bruna Vilamala,Center Left Forward,11,0,0,-1,,,,1,246314,9,246314.0,3420.0,57',2024-10-14 01:54:08
12837,716643,19976,away,0,3-4-3,1,0,21,261578,Madison Haley,Substitute,0,1,296778,11,296778.0,3420.0,57',0,0,-1,,,,2024-10-14 01:54:08
12837,716643,19976,away,0,3-4-3,1,0,18,313706,Maisie Symonds,Substitute,0,1,294247,3,294247.0,4200.0,70',0,0,-1,,,,2024-10-14 01:54:08
12837,716643,19976,away,0,3-4-3,1,0,23,324775,Marit Auée,Substitute,0,0,0,-1,,,,0,0,-1,,,,2024-10-14 01:54:08
12837,716643,19976,away,0,3-4-3,1,0,27,257536,Rachel McLauchlan,Substitute,0,1,309906,19,309906.0,5400.0,90'+3',0,0,-1,,,,2024-10-14 01:54:08
12837,716643,19976,away,0,3-4-3,1,0,25,330549,Hannah Poulter,Substitute,0,0,0,-1,,,,0,0,-1,,,,2024-10-14 01:54:08
12837,716643,19976,away,0,3-4-3,1,0,59,350678,Michelle Agyemang,Substitute,0,1,219939,8,219939.0,3420.0,57',0,0,-1,,,,2024-10-14 01:54:08
12837,716643,19976,away,0,3-4-3,1,0,28,367224,Melina Loeck,Substitute,0,0,0,-1,,,,0,0,-1,,,,2024-10-14 01:54:08
12837,716643,19976,away,0,3-4-3,1,0,9,246314,Nikita Parris,Substitute,0,1,305984,20,305984.0,3420.0,57',0,0,-1,,,,2024-10-14 01:54:08
12837,716644,19976,home,1,3-4-3,1,1,32,249106,Sophie Baggaley,Goalkeeper,1,0,0,-1,,,,0,0,-1,,,,2024-10-14 01:54:08
12837,716644,19976,home,1,3-4-3,1,1,14,219773,Fran Kirby,Right Midfielder,2,0,0,-1,,,,1,350678,59,350678.0,5280.0,88',2024-10-14 01:54:08
12837,716644,19976,home,1,3-4-3,1,1,3,294247,Poppy Pattinson,Left Midfielder,3,0,0,-1,,,,0,0,-1,,,,2024-10-14 01:54:08
12837,716644,19976,home,1,3-4-3,1,1,16,325886,Jorelyn Carabalí,Center Left Defender,4,0,0,-1,,,,0,0,-1,,,,2024-10-14 01:54:08
12837,716644,19976,home,1,3-4-3,1,1,5,213937,Guro Bergsvand,Center Defender,5,0,0,-1,,,,0,0,-1,,,,2024-10-14 01:54:08
12837,716644,19976,home,1,3-4-3,1,1,2,219987,Maria Thorisdottir,Center Right Defender,6,0,0,-1,,,,0,0,-1,,,,2024-10-14 01:54:08
12837,716644,19976,home,1,3-4-3,1,1,19,309906,Marisa Olislagers,Center Right Midfielder,7,0,0,-1,,,,1,313706,18,313706.0,2700.0,45',2024-10-14 01:54:08
12837,716644,19976,home,1,3-4-3,1,1,6,219990,Vicky Losada,Center Left Midfielder,8,0,0,-1,,,,1,314994,10,314994.0,4440.0,74',2024-10-14 01:54:08
12837,716644,19976,home,1,3-4-3,1,1,9,246314,Nikita Parris,Forward,9,0,0,-1,,,,0,0,-1,,,,2024-10-14 01:54:08
12837,716644,19976,home,1,3-4-3,1,1,8,219939,Pauline Bremer,Center Right Forward,10,0,0,-1,,,,1,261578,21,261578.0,4440.0,74',2024-10-14 01:54:08
12837,716644,19976,home,1,3-4-3,1,1,20,305984,Bruna Vilamala,Center Left Forward,11,0,0,-1,,,,1,296778,11,296778.0,2700.0,45',2024-10-14 01:54:08
12837,716644,19976,home,1,3-4-3,1,0,28,367224,Melina Loeck,Substitute,0,0,0,-1,,,,0,0,-1,,,,2024-10-14 01:54:08
12837,716644,19976,home,1,3-4-3,1,0,59,350678,Michelle Agyemang,Substitute,0,1,219773,14,219773.0,5280.0,88',0,0,-1,,,,2024-10-14 01:54:08
12837,716644,19976,home,1,3-4-3,1,0,7,350639,Aisha Masaka,Substitute,0,0,0,-1,,,,0,0,-1,,,,2024-10-14 01:54:08
12837,716644,19976,home,1,3-4-3,1,0,23,324775,Marit Auée,Substitute,0,0,0,-1,,,,0,0,-1,,,,2024-10-14 01:54:08
12837,716644,19976,home,1,3-4-3,1,0,18,313706,Maisie Symonds,Substitute,0,1,309906,19,309906.0,2700.0,45',0,0,-1,,,,2024-10-14 01:54:08
12837,716644,19976,home,1,3-4-3,1,0,11,296778,Kiko Seike,Substitute,0,1,305984,20,305984.0,2700.0,45',0,0,-1,,,,2024-10-14 01:54:08
12837,716644,19976,home,1,3-4-3,1,0,27,257536,Rachel McLauchlan,Substitute,0,0,0,-1,,,,0,0,-1,,,,2024-10-14 01:54:08
12837,716644,19976,home,1,3-4-3,1,0,21,261578,Madison Haley,Substitute,0,1,219939,8,219939.0,4440.0,74',0,0,-1,,,,2024-10-14 01:54:08
12837,716644,19976,home,1,3-4-3,1,0,10,314994,Jelena Cankovic,Substitute,0,1,219990,6,219990.0,4440.0,74',0,0,-1,,,,2024-10-14 01:54:08
12837,716644,20707,away,0,3-4-2-1,1,1,1,209364,Sabrina D'Angelo,Goalkeeper,1,0,0,-1,,,,0,0,-1,,,,2024-10-14 01:54:08
12837,716644,20707,away,0,3-4-2-1,1,1,23,309858,Chasity Grant,Right Midfielder,2,0,0,-1,,,,0,0,-1,,,,2024-10-14 01:54:08
12837,716644,20707,away,0,3-4-2-1,1,1,3,335782,Paula Tomás,Left Midfielder,3,0,0,-1,,,,0,0,-1,,,,2024-10-14 01:54:08
12837,716644,20707,away,0,3-4-2-1,1,1,15,261804,Lucy Parker,Center Left Defender,4,0,0,-1,,,,1,312456,2,312456.0,5280.0,88',2024-10-14 01:54:08
12837,716644,20707,away,0,3-4-2-1,1,1,4,262611,Anna Patten,Center Defender,5,0,0,-1,,,,0,0,-1,,,,2024-10-14 01:54:08
12837,716644,20707,away,0,3-4-2-1,1,1,16,220024,Noelle Maritz,Center Right Defender,6,0,0,-1,,,,0,0,-1,,,,2024-10-14 01:54:08
12837,716644,20707,away,0,3-4-2-1,1,1,8,178854,Jordan Nobbs,Center Right Midfielder,7,0,0,-1,,,,0,0,-1,,,,2024-10-14 01:54:08
12837,716644,20707,away,0,3-4-2-1,1,1,7,323523,Missy Bo Kearns,Center Left Midfielder,8,0,0,-1,,,,1,280984,5,280984.0,3900.0,65',2024-10-14 01:54:08
12837,716644,20707,away,0,3-4-2-1,1,1,9,248769,Rachel Daly,Forward,9,0,0,-1,,,,1,294246,17,294246.0,5280.0,88',2024-10-14 01:54:08
12837,716644,20707,away,0,3-4-2-1,1,1,10,219119,Kenza Dali,Center Right Forward,10,0,0,-1,,,,1,312467,11,312467.0,3900.0,65',2024-10-14 01:54:08
12837,716644,20707,away,0,3-4-2-1,1,1,20,294252,Kirsty Hanson,Center Left Forward,11,0,0,-1,,,,1,219769,19,219769.0,4500.0,75',2024-10-14 01:54:08
12837,716644,20707,away,0,3-4-2-1,1,0,25,338756,Miri Taylor,Substitute,0,0,0,-1,,,,0,0,-1,,,,2025-04-05 08:30:15
12837,716644,20707,away,0,3-4-2-1,1,0,17,294246,Ebony Salmon,Substitute,0,1,248769,9,248769.0,5280.0,88',0,0,-1,,,,2024-10-14 01:54:08
12837,716644,20707,away,0,3-4-2-1,1,0,35,350626,Sophia Poor,Substitute,0,0,0,-1,,,,0,0,-1,,,,2024-10-14 01:54:08
12837,716644,20707,away,0,3-4-2-1,1,0,33,312497,Mayumi Pacheco,Substitute,0,0,0,-1,,,,0,0,-1,,,,2024-10-14 01:54:08
12837,716644,20707,away,0,3-4-2-1,1,0,14,312484,Danielle Turner,Substitute,0,0,0,-1,,,,0,0,-1,,,,2024-10-14 01:54:08
12837,716644,20707,away,0,3-4-2-1,1,0,11,312467,Katie Robinson,Substitute,0,1,219119,10,219119.0,3900.0,65',0,0,-1,,,,2024-10-14 01:54:08
12837,716644,20707,away,0,3-4-2-1,1,0,2,312456,Sarah Mayling,Substitute,0,1,261804,15,261804.0,5280.0,88',0,0,-1,,,,2024-10-14 01:54:08
12837,716644,20707,away,0,3-4-2-1,1,0,5,280984,Lucy Staniforth,Substitute,0,1,323523,7,323523.0,3900.0,65',0,0,-1,,,,2024-10-14 01:54:08
12837,716644,20707,away,0,3-4-2-1,1,0,19,219769,Adriana Leon,Substitute,0,1,294252,20,294252.0,4500.0,75',0,0,-1,,,,2024-10-14 01:54:08
12837,716645,19970,home,1,4-2-3-1,1,1,24,312460,Hannah Hampton,Goalkeeper,1,0,0,-1,,,,0,0,-1,,,,2024-11-24 15:57:29
12837,716645,19970,home,1,4-2-3-1,1,1,22,188448,Lucy Bronze,Right Back,2,0,0,-1,,,,0,0,-1,,,,2024-11-24 15:57:29
12837,716645,19970,home,1,4-2-3-1,1,1,17,295673,Sandy Baltimore,Left Back,3,0,0,-1,,,,0,0,-1,,,,2024-11-24 15:57:29
12837,716645,19970,home,1,4-2-3-1,1,1,8,257545,Erin Cuthbert,Left Midfielder,4,0,0,-1,,,,0,0,-1,,,,2024-11-24 15:57:29
12837,716645,19970,home,1,4-2-3-1,1,1,14,255181,Nathalie Björn,Center Right Defender,5,0,0,-1,,,,0,0,-1,,,,2024-11-24 15:57:29
12837,716645,19970,home,1,4-2-3-1,1,1,4,248770,Millie Bright,Center Left Defender,6,0,0,-1,,,,0,0,-1,,,,2024-11-24 15:57:29
12837,716645,19970,home,1,4-2-3-1,1,1,19,264735,Johanna Rytting Kaneryd,Attacking Midfielder Right,7,0,0,-1,,,,0,0,-1,,,,2024-12-19 06:05:16
12837,716645,19970,home,1,4-2-3-1,1,1,6,314382,Sjoeke Nüsken,Right Midfielder,8,0,0,-1,,,,0,0,-1,,,,2024-11-24 15:57:29
12837,716645,19970,home,1,4-2-3-1,1,1,7,288680,Mayra Ramírez,Forward,9,0,0,-1,,,,0,0,-1,,,,2024-11-24 15:57:29
12837,716645,19970,home,1,4-2-3-1,1,1,23,351356,Maika Hamano,Attacking Midfielder,10,0,0,-1,,,,1,261568,9,261568.0,3360.0,56',2024-11-24 15:57:29
12837,716645,19970,home,1,4-2-3-1,1,1,11,257483,Guro Reiten,Attacking Midfielder Left,11,0,0,-1,,,,1,313088,33,313088.0,3360.0,56',2024-11-24 15:57:29
12837,716645,19970,home,1,4-2-3-1,1,0,1,255417,Zecira Musovic,Substitute,0,0,0,-1,,,,0,0,-1,,,,2024-11-24 15:57:29
12837,716645,19970,home,1,4-2-3-1,1,0,25,347124,Maelys Mpomé,Substitute,0,0,0,-1,,,,0,0,-1,,,,2024-11-24 15:57:29
12837,716645,19970,home,1,4-2-3-1,1,0,27,317637,Oriane Jean-François,Substitute,0,0,0,-1,,,,0,0,-1,,,,2024-11-24 15:57:29
12837,716645,19970,home,1,4-2-3-1,1,0,18,315453,Wieke Kaptein,Substitute,0,0,0,-1,,,,0,0,-1,,,,2024-11-24 15:57:29
12837,716645,19970,home,1,4-2-3-1,1,0,33,313088,Aggie Beever-Jones,Substitute,0,1,257483,11,257483.0,3360.0,56',0,0,-1,,,,2024-11-24 15:57:29
12837,716645,19970,home,1,4-2-3-1,1,0,29,311207,Alejandra Bernabe,Substitute,0,0,0,-1,,,,0,0,-1,,,,2024-11-24 15:57:29
12837,716645,19970,home,1,4-2-3-1,1,0,15,248834,Ève Périsset,Substitute,0,0,0,-1,,,,0,0,-1,,,,2024-11-24 15:57:29
12837,716645,19970,home,1,4-2-3-1,1,0,9,261568,Catarina Macario,Substitute,0,1,351356,23,351356.0,3360.0,56',0,0,-1,,,,2024-11-24 15:57:29
12837,716645,19970,home,1,4-2-3-1,1,0,12,119954,Ashley Lawrence,Substitute,0,0,0,-1,,,,0,0,-1,,,,2024-11-24 15:57:29
12837,716645,20061,away,0,4-4-1-1,1,1,91,208938,Phallon Tullis-Joyce,Goalkeeper,1,0,0,-1,,,,0,0,-1,,,,2024-11-24 15:57:29
12837,716645,20061,away,0,4-4-1-1,1,1,14,267765,Jayde Riviere,Right Back,2,0,0,-1,,,,0,0,-1,,,,2024-11-24 15:57:29
12837,716645,20061,away,0,4-4-1-1,1,1,3,268536,Gabby George,Left Back,3,0,0,-1,,,,1,359233,2,359233.0,5400.0,90'+3',2024-12-19 06:05:16
12837,716645,20061,away,0,4-4-1-1,1,1,13,349220,Simi Awujo,Center Right Midfielder,4,0,0,-1,,,,1,259315,12,259315.0,5340.0,89',2024-11-24 15:57:29
12837,716645,20061,away,0,4-4-1-1,1,1,4,312462,Maya Le Tissier,Center Right Defender,5,0,0,-1,,,,0,0,-1,,,,2024-11-24 15:57:29
12837,716645,20061,away,0,4-4-1-1,1,1,21,294257,Millie Turner,Center Left Defender,6,0,0,-1,,,,0,0,-1,,,,2024-11-24 15:57:29
12837,716645,20061,away,0,4-4-1-1,1,1,15,328108,Celin Bizet,Right Midfielder,7,0,0,-1,,,,1,294256,11,294256.0,3660.0,61',2024-12-19 06:05:16
12837,716645,20061,away,0,4-4-1-1,1,1,17,219947,Dominique Janssen,Center Left Midfielder,8,0,0,-1,,,,0,0,-1,,,,2024-11-24 15:57:29
12837,716645,20061,away,0,4-4-1-1,1,1,28,134423,Rachel Williams,Forward,9,0,0,-1,,,,1,295670,9,295670.0,3660.0,61',2024-11-24 15:57:29
12837,716645,20061,away,0,4-4-1-1,1,1,8,306883,Grace Clinton,Rear Center Forward,10,0,0,-1,,,,0,0,-1,,,,2024-11-24 15:57:29
12837,716645,20061,away,0,4-4-1-1,1,1,23,268325,Geyse,Left Midfielder,11,0,0,-1,,,,0,0,-1,,,,2024-12-19 06:05:16
12837,716645,20061,away,0,4-4-1-1,1,0,20,283107,Hinata Miyazawa,Substitute,0,0,0,-1,,,,0,0,-1,,,,2024-11-24 15:57:29
12837,716645,20061,away,0,4-4-1-1,1,0,11,294256,Leah Galton,Substitute,0,1,328108,15,,,,0,0,-1,,,,2024-11-24 15:57:29
12837,716645,20061,away,0,4-4-1-1,1,0,9,295670,Melvine Malard,Substitute,0,1,134423,28,134423.0,3660.0,61',0,0,-1,,,,2024-11-24 15:57:29
12837,716645,20061,away,0,4-4-1-1,1,0,12,259315,Hayley Ladd,Substitute,0,1,349220,13,349220.0,5340.0,89',0,0,-1,,,,2024-12-19 06:05:16
12837,716645,20061,away,0,4-4-1-1,1,0,39,332051,Safia Middleton-Patel,Substitute,0,0,0,-1,,,,0,0,-1,,,,2024-11-24 15:57:29
12837,716645,20061,away,0,4-4-1-1,1,0,38,351331,Jess Simpson,Substitute,0,0,0,-1,,,,0,0,-1,,,,2024-12-19 06:05:16
12837,716645,20061,away,0,4-4-1-1,1,0,2,359233,Anna Sandberg,Substitute,0,1,268536,3,268536.0,5400.0,90'+3',0,0,-1,,,,2024-11-24 15:57:29
12837,716645,20061,away,0,4-4-1-1,1,0,34,361722,Emma Watson,Substitute,0,0,0,-1,,,,0,0,-1,,,,2024-11-24 15:57:29
12837,716646,21036,home,0,4-3-3,1,1,1,328082,Janina Leitzig,Goalkeeper,1,0,0,-1,,,,0,0,-1,,,,2024-10-13 23:19:26
12837,716646,21036,home,0,4-3-3,1,1,4,219962,C.J. Bott,Right Back,2,0,0,-1,,,,0,0,-1,,,,2024-10-13 23:19:26
12837,716646,21036,home,0,4-3-3,1,1,11,257569,Janice Cayman,Left Back,3,0,0,-1,,,,0,0,-1,,,,2024-10-13 23:19:26
12837,716646,21036,home,0,4-3-3,1,1,6,288888,Saori Takarada,Center Midfielder,4,0,0,-1,,,,1,344373,28,344373.0,2700.0,45',2024-10-13 23:19:26
12837,716646,21036,home,0,4-3-3,1,1,5,210382,Sophie Howard,Center Right Defender,5,0,0,-1,,,,0,0,-1,,,,2024-10-13 23:19:26
12837,716646,21036,home,0,4-3-3,1,1,17,317638,Julie Thibaud,Center Left Defender,6,0,0,-1,,,,0,0,-1,,,,2024-10-13 23:19:26
12837,716646,21036,home,0,4-3-3,1,1,3,323495,Sam Tierney,Right Midfielder,7,0,0,-1,,,,0,0,-1,,,,2024-10-13 23:19:26
12837,716646,21036,home,0,4-3-3,1,1,30,302566,Ruby Mace,Left Midfielder,8,0,0,-1,,,,1,235714,7,235714.0,4260.0,71',2024-10-13 23:19:26
12837,716646,21036,home,0,4-3-3,1,1,10,365587,Noémie Mouchon,Forward,9,0,0,-1,,,,0,0,-1,,,,2024-10-13 23:19:26
12837,716646,21036,home,0,4-3-3,1,1,8,317806,Jutta Rantala,Right Forward,10,0,0,-1,,,,0,0,-1,,,,2024-10-13 23:19:26
12837,716646,21036,home,0,4-3-3,1,1,20,294600,Missy Goodwin,Left Forward,11,0,0,-1,,,,1,256223,29,256223.0,3360.0,56',2024-10-13 23:19:26
12837,716646,21036,home,0,4-3-3,1,0,18,379853,Emilia Pelgander,Substitute,0,0,0,-1,,,,0,0,-1,,,,2024-10-13 23:19:26
12837,716646,21036,home,0,4-3-3,1,0,28,344373,Shana Chossenotte,Substitute,0,1,288888,6,288888.0,2700.0,45',0,0,-1,,,,2024-10-13 23:19:26
12837,716646,21036,home,0,4-3-3,1,0,22,330334,Sari Kees,Substitute,0,0,0,-1,,,,0,0,-1,,,,2024-10-13 23:19:26
12837,716646,21036,home,0,4-3-3,1,0,53,386685,Nelly Las,Substitute,0,0,0,-1,,,,0,0,-1,,,,2024-10-13 23:19:26
12837,716646,21036,home,0,4-3-3,1,0,23,264730,Lize Kop,Substitute,0,0,0,-1,,,,0,0,-1,,,,2024-10-13 23:19:26
12837,716646,21036,home,0,4-3-3,1,0,29,256223,Yuka Momiki,Substitute,0,1,294600,20,294600.0,3360.0,56',0,0,-1,,,,2024-10-13 23:19:26
12837,716646,21036,home,0,4-3-3,1,0,31,248450,Chantelle Swaby,Substitute,0,0,0,-1,,,,0,0,-1,,,,2024-10-13 23:19:26
12837,716646,21036,home,0,4-3-3,1,0,7,235714,Deanne Rose,Substitute,0,1,302566,30,302566.0,4260.0,71',0,0,-1,,,,2024-10-13 23:19:26
12837,716646,21036,home,0,4-3-3,1,0,2,300518,Courtney Nevin,Substitute,0,0,0,-1,,,,0,0,-1,,,,2024-10-13 23:19:26
12837,716646,21037,away,1,4-2-3-1,1,1,30,224886,Shae Yanez,Goalkeeper,1,0,0,-1,,,,0,0,-1,,,,2024-10-13 23:19:26
12837,716646,21037,away,1,4-2-3-1,1,1,14,259626,Josie Green,Right Back,2,0,0,-1,,,,0,0,-1,,,,2025-04-05 08:30:15
12837,716646,21037,away,1,4-2-3-1,1,1,23,288977,Lily Woodham,Left Back,3,0,0,-1,,,,0,0,-1,,,,2024-10-13 23:19:26
12837,716646,21037,away,1,4-2-3-1,1,1,5,392348,My Cato,Left Midfielder,4,0,0,-1,,,,0,0,-1,,,,2024-10-13 23:19:26
12837,716646,21037,away,1,4-2-3-1,1,1,6,324878,Aimee Everett,Center Right Defender,5,0,0,-1,,,,0,0,-1,,,,2024-10-13 23:19:26
12837,716646,21037,away,1,4-2-3-1,1,1,2,140056,Katrine Veje,Center Left Defender,6,0,0,-1,,,,0,0,-1,,,,2024-10-13 23:19:26
12837,716646,21037,away,1,4-2-3-1,1,1,22,285187,Mille Gejl,Attacking Midfielder Right,7,0,0,-1,,,,1,300434,20,300434.0,4500.0,75',2024-10-13 23:19:26
12837,716646,21037,away,1,4-2-3-1,1,1,17,377622,Lexi Potter,Right Midfielder,8,0,0,-1,,,,0,0,-1,,,,2025-04-05 08:30:15
12837,716646,21037,away,1,4-2-3-1,1,1,28,290269,Katie Stengel,Forward,9,0,0,-1,,,,0,0,-1,,,,2024-10-13 23:19:26
12837,716646,21037,away,1,4-2-3-1,1,1,10,323499,Annabel Blanchard,Attacking Midfielder,10,0,0,-1,,,,0,0,-1,,,,2024-10-13 23:19:26
12837,716646,21037,away,1,4-2-3-1,1,1,11,314575,Ashleigh Weerden,Attacking Midfielder Left,11,0,0,-1,,,,1,336368,27,336368.0,3600.0,60',2024-10-13 23:19:26
12837,716646,21037,away,1,4-2-3-1,1,0,19,335986,Milla-Maj Majasaari,Substitute,0,0,0,-1,,,,0,0,-1,,,,2024-10-13 23:19:26
12837,716646,21037,away,1,4-2-3-1,1,0,27,336368,Abbie Larkin,Substitute,0,1,314575,11,314575.0,3600.0,60',0,0,-1,,,,2024-10-13 23:19:26
12837,716646,21037,away,1,4-2-3-1,1,0,77,328245,Isibeal Atkinson,Substitute,0,0,0,-1,,,,0,0,-1,,,,2024-10-13 23:19:26
12837,716646,21037,away,1,4-2-3-1,1,0,32,325571,Brooke Aspin,Substitute,0,0,0,-1,,,,0,0,-1,,,,2024-10-13 23:19:26
12837,716646,21037,away,1,4-2-3-1,1,0,8,324879,Molly-Mae Sharpe,Substitute,0,0,0,-1,,,,0,0,-1,,,,2024-10-13 23:19:26
12837,716646,21037,away,1,4-2-3-1,1,0,3,312463,Felicity Gibbons,Substitute,0,0,0,-1,,,,0,0,-1,,,,2024-10-13 23:19:26
12837,716646,21037,away,1,4-2-3-1,1,0,20,300434,Indiah-Paige Riley,Substitute,0,1,285187,22,285187.0,4500.0,75',0,0,-1,,,,2024-10-13 23:19:26
12837,716646,21037,away,1,4-2-3-1,1,0,4,257534,Chloe Arthur,Substitute,0,0,0,-1,,,,0,0,-1,,,,2024-10-13 23:19:26
12837,716647,19257,home,1,4-3-3,1,1,31,223470,Ayaka Yamashita,Goalkeeper,1,0,0,-1,,,,0,0,-1,,,,2024-10-13 22:19:37
12837,716647,19257,home,1,4-3-3,1,1,18,309904,Kerstin Casparij,Right Back,2,0,0,-1,,,,0,0,-1,,,,2024-10-13 22:19:37
12837,716647,19257,home,1,4-3-3,1,1,15,249105,Leila Ouahabi,Left Back,3,0,0,-1,,,,1,306881,3,306881.0,4680.0,78',2024-10-13 22:19:37
12837,716647,19257,home,1,4-3-3,1,1,25,256228,Yui Hasegawa,Center Midfielder,4,0,0,-1,,,,0,0,-1,,,,2024-10-13 22:19:37
12837,716647,19257,home,1,4-3-3,1,1,4,286338,Laia Aleixandri,Center Right Defender,5,0,0,-1,,,,1,219819,14,219819.0,4680.0,78',2024-10-13 22:19:37
12837,716647,19257,home,1,4-3-3,1,1,5,204659,Alex Greenwood,Center Left Defender,6,0,0,-1,,,,0,0,-1,,,,2024-10-13 22:19:37
12837,716647,19257,home,1,4-3-3,1,1,19,298641,Laura Blindkilde Brown,Right Midfielder,7,0,0,-1,,,,0,0,-1,,,,2025-04-05 08:30:15
12837,716647,19257,home,1,4-3-3,1,1,10,219951,Jill Roord,Left Midfielder,8,0,0,-1,,,,1,219945,6,219945.0,2700.0,45',2024-10-13 22:19:37
12837,716647,19257,home,1,4-3-3,1,1,8,276165,Mary Fowler,Forward,9,0,0,-1,,,,0,0,-1,,,,2024-10-13 22:19:37
12837,716647,19257,home,1,4-3-3,1,1,9,282993,Chloe Kelly,Right Forward,10,0,0,-1,,,,1,261947,21,261947.0,4140.0,69',2024-10-13 22:19:37
12837,716647,19257,home,1,4-3-3,1,1,11,296873,Lauren Hemp,Left Forward,11,0,0,-1,,,,1,351355,20,351355.0,4200.0,70',2024-10-13 22:19:37
12837,716647,19257,home,1,4-3-3,1,0,44,390465,Codie Thomas,Substitute,0,0,0,-1,,,,0,0,-1,,,,2024-10-13 22:19:37
12837,716647,19257,home,1,4-3-3,1,0,46,390468,Lily Murphy,Substitute,0,0,0,-1,,,,0,0,-1,,,,2024-10-13 22:19:37
12837,716647,19257,home,1,4-3-3,1,0,20,351355,Aoba Fujino,Substitute,0,1,296873,11,296873.0,4200.0,70',0,0,-1,,,,2024-10-13 22:19:37
12837,716647,19257,home,1,4-3-3,1,0,35,314954,Khiara Keating,Substitute,0,0,0,-1,,,,0,0,-1,,,,2024-10-13 22:19:37
12837,716647,19257,home,1,4-3-3,1,0,7,229456,Laura Coombs,Substitute,0,0,0,-1,,,,0,0,-1,,,,2024-10-13 22:19:37
12837,716647,19257,home,1,4-3-3,1,0,21,261947,Khadija Shaw,Substitute,0,1,282993,9,282993.0,4140.0,69',0,0,-1,,,,2024-10-13 22:19:37
12837,716647,19257,home,1,4-3-3,1,0,6,219945,Vivianne Miedema,Substitute,0,1,219951,10,219951.0,2700.0,45',0,0,-1,,,,2024-10-13 22:19:37
12837,716647,19257,home,1,4-3-3,1,0,14,219819,Alanna Kennedy,Substitute,0,1,286338,4,286338.0,4680.0,78',0,0,-1,,,,2024-10-13 22:19:37
12837,716647,19257,home,1,4-3-3,1,0,3,306881,Naomi Layzell,Substitute,0,1,249105,15,249105.0,4680.0,78',0,0,-1,,,,2024-10-13 22:19:37
12837,716647,19975,away,0,4-4-2,1,1,1,296372,Kinga Szemik,Goalkeeper,1,0,0,-1,,,,0,0,-1,,,,2024-10-13 22:19:37
12837,716647,19975,away,0,4-4-2,1,1,26,281682,Li Mengwen,Right Back,2,0,0,-1,,,,0,0,-1,,,,2024-10-13 22:19:37
12837,716647,19975,away,0,4-4-2,1,1,14,235712,Shelina Zadorsky,Left Back,3,0,0,-1,,,,1,278192,21,278192.0,4620.0,77',2024-10-13 22:19:37
12837,716647,19975,away,0,4-4-2,1,1,10,259752,Dagný Brynjarsdóttir,Center Right Midfielder,4,0,0,-1,,,,1,298775,11,298775.0,4200.0,70',2025-04-05 08:30:15
12837,716647,19975,away,0,4-4-2,1,1,5,312251,Amber Tysiak,Center Right Defender,5,0,0,-1,,,,0,0,-1,,,,2024-10-13 22:19:37
12837,716647,19975,away,0,4-4-2,1,1,17,264860,Camila Sáez,Center Left Defender,6,0,0,-1,,,,0,0,-1,,,,2024-10-13 22:19:37
12837,716647,19975,away,0,4-4-2,1,1,18,310225,Anouk Denton,Right Midfielder,7,0,0,-1,,,,0,0,-1,,,,2024-10-13 22:19:37
12837,716647,19975,away,0,4-4-2,1,1,22,219825,Katrina Gorry,Center Left Midfielder,8,0,0,-1,,,,0,0,-1,,,,2024-10-13 22:19:37
12837,716647,19975,away,0,4-4-2,1,1,9,287317,Riko Ueki,Center Left Forward,9,0,0,-1,,,,0,0,-1,,,,2024-10-13 22:19:37
12837,716647,19975,away,0,4-4-2,1,1,20,188069,Viviane Asseyi,Center Right Forward,10,0,0,-1,,,,1,349057,4,349057.0,3360.0,56',2024-10-13 22:19:37
12837,716647,19975,away,0,4-4-2,1,1,12,312486,Emma Harries,Left Midfielder,11,0,0,-1,,,,1,330350,77,330350.0,2700.0,45',2024-10-13 22:19:37
12837,716647,19975,away,0,4-4-2,1,0,77,330350,Seraina Piubel,Substitute,0,1,312486,12,312486.0,2700.0,45',0,0,-1,,,,2024-10-13 22:19:37
12837,716647,19975,away,0,4-4-2,1,0,4,349057,Oona Siren,Substitute,0,1,188069,20,188069.0,3360.0,56',0,0,-1,,,,2024-10-13 22:19:37
12837,716647,19975,away,0,4-4-2,1,0,7,350638,Marika Bergman-Lundin,Substitute,0,0,0,-1,,,,0,0,-1,,,,2024-10-13 22:19:37
12837,716647,19975,away,0,4-4-2,1,0,42,392345,Marnie Morrison,Substitute,0,0,0,-1,,,,0,0,-1,,,,2024-10-13 22:19:37
12837,716647,19975,away,0,4-4-2,1,0,25,312461,Megan Walsh,Substitute,0,0,0,-1,,,,0,0,-1,,,,2024-10-13 22:19:37
12837,716647,19975,away,0,4-4-2,1,0,11,298775,Manuela Paví,Substitute,0,1,259752,10,259752.0,4200.0,70',0,0,-1,,,,2024-10-13 22:19:37
12837,716647,19975,away,0,4-4-2,1,0,21,278192,Shannon Cooke,Substitute,0,1,235712,14,235712.0,4620.0,77',0,0,-1,,,,2024-10-13 22:19:37
12837,716647,19975,away,0,4-4-2,1,0,33,327979,Halle Houssein,Substitute,0,0,0,-1,,,,0,0,-1,,,,2024-10-13 22:19:37
12837,716648,19973,home,0,4-2-3-1,1,1,14,309903,Daphne van Domselaar,Goalkeeper,1,0,0,-1,,,,0,0,-1,,,,2024-10-13 22:19:37
12837,716648,19973,home,0,4-2-3-1,1,1,2,263684,Emily Fox,Right Back,2,0,0,-1,,,,1,158678,19,158678.0,3840.0,64',2024-10-13 22:19:37
12837,716648,19973,home,0,4-2-3-1,1,1,11,219079,Katie McCabe,Left Back,3,0,0,-1,,,,1,219822,7,219822.0,4620.0,77',2024-10-13 22:19:37
12837,716648,19973,home,0,4-2-3-1,1,1,32,288907,Kyra Cooney-Cross,Left Midfielder,4,0,0,-1,,,,1,220015,13,220015.0,4680.0,78',2024-10-13 22:19:37
12837,716648,19973,home,0,4-2-3-1,1,1,3,263682,Lotte Wubben-Moy,Center Right Defender,5,0,0,-1,,,,1,268100,6,268100.0,3840.0,64',2024-10-13 22:19:37
12837,716648,19973,home,0,4-2-3-1,1,1,5,295638,Laia Codina,Center Left Defender,6,0,0,-1,,,,0,0,-1,,,,2024-10-13 22:19:37
12837,716648,19973,home,0,4-2-3-1,1,1,9,280982,Beth Mead,Attacking Midfielder Right,7,0,0,-1,,,,0,0,-1,,,,2024-10-13 22:19:37
12837,716648,19973,home,0,4-2-3-1,1,1,10,176041,Kim Little,Right Midfielder,8,0,0,-1,,,,0,0,-1,,,,2024-10-13 22:19:37
12837,716648,19973,home,0,4-2-3-1,1,1,23,263683,Alessia Russo,Forward,9,0,0,-1,,,,1,240274,25,240274.0,3840.0,64',2024-10-13 22:19:37
12837,716648,19973,home,0,4-2-3-1,1,1,12,259331,Frida Maanum,Attacking Midfielder,10,0,0,-1,,,,0,0,-1,,,,2024-10-13 22:19:37
12837,716648,19973,home,0,4-2-3-1,1,1,8,257473,Mariona Caldentey,Attacking Midfielder Left,11,0,0,-1,,,,0,0,-1,,,,2024-10-13 22:19:37
12837,716648,19973,home,0,4-2-3-1,1,0,19,158678,Caitlin Foord,Substitute,0,1,263684,2,263684.0,3840.0,64',0,0,-1,,,,2024-10-13 22:19:37
12837,716648,19973,home,0,4-2-3-1,1,0,6,268100,Leah Williamson,Substitute,0,1,263682,3,263682.0,3840.0,64',0,0,-1,,,,2024-10-13 22:19:37
12837,716648,19973,home,0,4-2-3-1,1,0,7,219822,Steph Catley,Substitute,0,1,219079,11,219079.0,4620.0,77',0,0,-1,,,,2024-10-13 22:19:37
12837,716648,19973,home,0,4-2-3-1,1,0,13,220015,Lia Wälti,Substitute,0,1,288907,32,288907.0,4680.0,78',0,0,-1,,,,2024-10-13 22:19:37
12837,716648,19973,home,0,4-2-3-1,1,0,22,317573,Katherine Kühl,Substitute,0,0,0,-1,,,,0,0,-1,,,,2024-10-13 22:19:37
12837,716648,19973,home,0,4-2-3-1,1,0,25,240274,Stina Blackstenius,Substitute,0,1,263683,23,263683.0,3840.0,64',0,0,-1,,,,2024-10-13 22:19:37
12837,716648,19973,home,0,4-2-3-1,1,0,16,350636,Rosa Kafaji,Substitute,0,0,0,-1,,,,0,0,-1,,,,2025-04-05 08:30:15
12837,716648,19973,home,0,4-2-3-1,1,0,1,252339,Manuela Zinsberger,Substitute,0,0,0,-1,,,,0,0,-1,,,,2024-10-13 22:19:37
12837,716648,19973,home,0,4-2-3-1,1,0,62,350679,Katie Reid,Substitute,0,0,0,-1,,,,0,0,-1,,,,2024-10-13 22:19:37
12837,716648,19972,away,0,3-4-3,1,1,1,209174,Courtney Brosnan,Goalkeeper,1,0,0,-1,,,,0,0,-1,,,,2024-10-13 22:19:37
12837,716648,19972,away,0,3-4-3,1,1,17,284939,Lucy Hope,Right Midfielder,2,0,0,-1,,,,0,0,-1,,,,2025-04-05 08:30:15
12837,716648,19972,away,0,3-4-3,1,1,23,287392,Sara Holmgaard,Left Midfielder,3,0,0,-1,,,,0,0,-1,,,,2024-10-13 22:19:37
12837,716648,19972,away,0,3-4-3,1,1,27,349927,Elise Stenevik,Center Left Defender,4,0,0,-1,,,,1,291349,19,291349.0,2700.0,45',2024-10-13 22:19:37
12837,716648,19972,away,0,3-4-3,1,1,20,312482,Megan Finnigan,Center Defender,5,0,0,-1,,,,0,0,-1,,,,2024-10-13 22:19:37
12837,716648,19972,away,0,3-4-3,1,1,8,293328,Justine Vanhaevermaet,Center Right Defender,6,0,0,-1,,,,0,0,-1,,,,2024-10-13 22:19:37
12837,716648,19972,away,0,3-4-3,1,1,6,303336,Honoka Hayashi,Center Right Midfielder,7,0,0,-1,,,,0,0,-1,,,,2024-10-13 22:19:37
12837,716648,19972,away,0,3-4-3,1,1,7,300568,Clare Wheeler,Center Left Midfielder,8,0,0,-1,,,,0,0,-1,,,,2024-10-13 22:19:37
12837,716648,19972,away,0,3-4-3,1,1,25,270037,Katja Snoeijs,Forward,9,0,0,-1,,,,1,297709,11,297709.0,4920.0,82',2024-10-13 22:19:37
12837,716648,19972,away,0,3-4-3,1,1,21,312559,Veatriki Sarri,Center Right Forward,10,0,0,-1,,,,1,211151,9,211151.0,3600.0,60',2024-10-13 22:19:37
12837,716648,19972,away,0,3-4-3,1,1,47,364520,Karoline Olesen,Center Left Forward,11,0,0,-1,,,,1,378053,4,378053.0,5340.0,89',2024-10-13 22:19:37
12837,716648,19972,away,0,3-4-3,1,0,4,378053,Issy Hobson,Substitute,0,1,364520,47,364520.0,5340.0,89',0,0,-1,,,,2025-04-05 08:30:15
12837,716648,19972,away,0,3-4-3,1,0,38,378052,Macy Settle,Substitute,0,0,0,-1,,,,0,0,-1,,,,2024-10-13 22:19:37
12837,716648,19972,away,0,3-4-3,1,0,11,297709,Emma Bissell,Substitute,0,1,270037,25,270037.0,4920.0,82',0,0,-1,,,,2024-10-13 22:19:37
12837,716648,19972,away,0,3-4-3,1,0,9,211151,Toni Payne,Substitute,0,1,312559,21,312559.0,3600.0,60',0,0,-1,,,,2024-10-13 22:19:37
12837,716648,19972,away,0,3-4-3,1,0,12,294254,Emily Ramsey,Substitute,0,0,0,-1,,,,0,0,-1,,,,2024-10-13 22:19:37
12837,716648,19972,away,0,3-4-3,1,0,19,291349,Heather Payne,Substitute,0,1,349927,27,349927.0,2700.0,45',0,0,-1,,,,2024-10-13 22:19:37
12837,716648,19972,away,0,3-4-3,1,0,13,278276,Rylee Foster,Substitute,0,0,0,-1,,,,0,0,-1,,,,2024-10-13 22:19:37
12837,716648,19972,away,0,3-4-3,1,0,42,211994,Lauren Thomas,Substitute,0,0,0,-1,,,,0,0,-1,,,,2024-10-13 22:19:37
12837,716648,19972,away,0,3-4-3,1,0,40,384158,Ellie Jones,Substitute,0,0,0,-1,,,,0,0,-1,,,,2024-10-13 22:19:37
12837,716649,20062,home,0,4-2-3-1,1,1,22,286883,Rebecca Spencer,Goalkeeper,1,0,0,-1,,,,0,0,-1,,,,2024-10-13 22:19:37
12837,716649,20062,home,0,4-2-3-1,1,1,29,294265,Ashleigh Neville,Right Back,2,0,0,-1,,,,0,0,-1,,,,2024-10-13 22:19:37
12837,716649,20062,home,0,4-2-3-1,1,1,6,314494,Amanda Nildén,Left Back,3,0,0,-1,,,,0,0,-1,,,,2024-10-13 22:19:37
12837,716649,20062,home,0,4-2-3-1,1,1,25,267666,Eveliina Summanen,Left Midfielder,4,0,0,-1,,,,1,293410,9,293410.0,3300.0,55',2024-10-13 22:19:37
12837,716649,20062,home,0,4-2-3-1,1,1,5,312487,Molly Bartrip,Center Right Defender,5,0,0,-1,,,,0,0,-1,,,,2024-10-13 22:19:37
12837,716649,20062,home,0,4-2-3-1,1,1,15,312233,Clare Hunt,Center Left Defender,6,0,0,-1,,,,0,0,-1,,,,2024-10-13 22:19:37
12837,716649,20062,home,0,4-2-3-1,1,1,8,219818,Hayley Raso,Attacking Midfielder Right,7,0,0,-1,,,,1,349567,13,349567.0,5400.0,90'+2',2024-10-13 22:19:37
12837,716649,20062,home,0,4-2-3-1,1,1,10,320356,Maite Oroz,Right Midfielder,8,0,0,-1,,,,0,0,-1,,,,2024-10-13 22:19:37
12837,716649,20062,home,0,4-2-3-1,1,1,17,226804,Martha Thomas,Forward,9,0,0,-1,,,,0,0,-1,,,,2024-10-13 22:19:37
12837,716649,20062,home,0,4-2-3-1,1,1,24,286882,Drew Spence,Attacking Midfielder,10,0,0,-1,,,,0,0,-1,,,,2024-10-13 22:19:37
12837,716649,20062,home,0,4-2-3-1,1,1,7,294268,Jessica Naz,Attacking Midfielder Left,11,0,0,-1,,,,0,0,-1,,,,2024-10-13 22:19:37
12837,716649,20062,home,0,4-2-3-1,1,0,14,311201,Anna Csiki,Substitute,0,0,0,-1,,,,0,0,-1,,,,2024-10-13 22:19:37
12837,716649,20062,home,0,4-2-3-1,1,0,9,293410,Bethany England,Substitute,0,1,267666,25,267666.0,3300.0,55',0,0,-1,,,,2025-04-05 08:30:15
12837,716649,20062,home,0,4-2-3-1,1,0,20,267679,Olga Ahtinen,Substitute,0,0,0,-1,,,,0,0,-1,,,,2024-10-13 22:19:37
12837,716649,20062,home,0,4-2-3-1,1,0,2,300442,Charlotte Grant,Substitute,0,0,0,-1,,,,0,0,-1,,,,2024-10-13 22:19:37
12837,716649,20062,home,0,4-2-3-1,1,0,21,309086,Luana Bühler,Substitute,0,0,0,-1,,,,0,0,-1,,,,2024-10-13 22:19:37
12837,716649,20062,home,0,4-2-3-1,1,0,30,377621,Araya Dennis,Substitute,0,0,0,-1,,,,0,0,-1,,,,2024-10-13 22:19:37
12837,716649,20062,home,0,4-2-3-1,1,0,13,349567,Matilda Vinberg,Substitute,0,1,219818,8,219818.0,5400.0,90'+2',0,0,-1,,,,2024-10-13 22:19:37
12837,716649,20062,home,0,4-2-3-1,1,0,26,351745,Katelin Talbert,Substitute,0,0,0,-1,,,,0,0,-1,,,,2024-10-13 22:19:37
12837,716649,20062,home,0,4-2-3-1,1,0,31,355373,Lenna Gunning-Williams,Substitute,0,0,0,-1,,,,0,0,-1,,,,2024-10-13 22:19:37
12837,716649,19971,away,1,3-5-2,1,1,1,230835,Rachael Laws,Goalkeeper,1,0,0,-1,,,,0,0,-1,,,,2024-10-13 22:19:37
12837,716649,19971,away,1,3-5-2,1,1,14,314199,Marie Hobinger,Right Midfielder,2,0,0,-1,,,,0,0,-1,,,,2025-04-05 08:30:15
12837,716649,19971,away,1,3-5-2,1,1,12,323520,Taylor Hinds,Left Midfielder,3,0,0,-1,,,,0,0,-1,,,,2024-10-13 22:19:37
12837,716649,19971,away,1,3-5-2,1,1,6,312477,Jasmine Matthews,Center Left Defender,4,0,0,-1,,,,1,305989,17,305989.0,3660.0,61',2024-10-13 22:19:37
12837,716649,19971,away,1,3-5-2,1,1,23,188447,Gemma Bonner,Center Defender,5,0,0,-1,,,,0,0,-1,,,,2024-10-13 22:19:37
12837,716649,19971,away,1,3-5-2,1,1,2,323518,Lucy Parry,Center Right Defender,6,0,0,-1,,,,0,0,-1,,,,2024-10-13 22:19:37
12837,716649,19971,away,1,3-5-2,1,1,8,282995,Fuka Nagano,Center Right Midfielder,7,0,0,-1,,,,0,0,-1,,,,2024-10-13 22:19:37
12837,716649,19971,away,1,3-5-2,1,1,7,389652,Cornelia Kapocs,Center Left Midfielder,8,0,0,-1,,,,1,325841,13,325841.0,3660.0,61',2024-10-13 22:19:37
12837,716649,19971,away,1,3-5-2,1,1,10,280992,Sophie Román Haug,Center Left Forward,9,0,0,-1,,,,0,0,-1,,,,2024-10-13 22:19:37
12837,716649,19971,away,1,3-5-2,1,1,11,279337,Olivia Smith,Center Right Forward,10,0,0,-1,,,,1,287518,9,287518.0,4500.0,75',2024-10-13 22:19:37
12837,716649,19971,away,1,3-5-2,1,1,15,314960,Sofie Lundgaard,Attacking Midfielder,11,0,0,-1,,,,1,259312,3,259312.0,1920.0,32',2024-10-13 22:19:37
12837,716649,19971,away,1,3-5-2,1,0,34,328798,Hannah Silcock,Substitute,0,0,0,-1,,,,0,0,-1,,,,2024-10-13 22:19:37
12837,716649,19971,away,1,3-5-2,1,0,5,219050,Niamh Fahey,Substitute,0,0,0,-1,,,,0,0,-1,,,,2024-10-13 22:19:37
12837,716649,19971,away,1,3-5-2,1,0,20,257593,Yana Daniels,Substitute,0,0,0,-1,,,,0,0,-1,,,,2024-10-13 22:19:37
12837,716649,19971,away,1,3-5-2,1,0,3,259312,Gemma Evans,Substitute,0,1,314960,15,314960.0,1920.0,32',0,0,-1,,,,2024-10-13 22:19:37
12837,716649,19971,away,1,3-5-2,1,0,9,287518,Leanne Kiernan,Substitute,0,1,279337,11,279337.0,4500.0,75',0,0,-1,,,,2024-10-13 22:19:37
12837,716649,19971,away,1,3-5-2,1,0,17,305989,Jenna Clark,Substitute,0,1,312477,6,312477.0,3660.0,61',0,0,-1,,,,2024-10-13 22:19:37
12837,716649,19971,away,1,3-5-2,1,0,13,325841,Mia Enderby,Substitute,0,1,389652,7,389652.0,3660.0,61',0,0,-1,,,,2024-10-13 22:19:37
12837,716650,19973,home,0,4-2-3-1,1,1,14,309903,Daphne van Domselaar,Goalkeeper,1,0,0,-1,,,,0,0,-1,,,,2024-10-13 23:19:26
12837,716650,19973,home,0,4-2-3-1,1,1,2,263684,Emily Fox,Right Back,2,0,0,-1,,,,0,0,-1,,,,2024-10-13 23:19:26
12837,716650,19973,home,0,4-2-3-1,1,1,11,219079,Katie McCabe,Left Back,3,0,0,-1,,,,0,0,-1,,,,2024-10-13 23:19:26
12837,716650,19973,home,0,4-2-3-1,1,1,13,220015,Lia Wälti,Left Midfielder,4,0,0,-1,,,,0,0,-1,,,,2024-10-13 23:19:26
12837,716650,19973,home,0,4-2-3-1,1,1,6,268100,Leah Williamson,Center Right Defender,5,0,0,-1,,,,0,0,-1,,,,2024-10-13 23:19:26
12837,716650,19973,home,0,4-2-3-1,1,1,3,263682,Lotte Wubben-Moy,Center Left Defender,6,0,0,-1,,,,0,0,-1,,,,2024-10-13 23:19:26
12837,716650,19973,home,0,4-2-3-1,1,1,9,280982,Beth Mead,Attacking Midfielder Right,7,0,0,-1,,,,1,259331,12,259331.0,3960.0,66',2024-10-13 23:19:26
12837,716650,19973,home,0,4-2-3-1,1,1,10,176041,Kim Little,Right Midfielder,8,0,0,-1,,,,1,288907,32,288907.0,4560.0,76',2024-10-13 23:19:26
12837,716650,19973,home,0,4-2-3-1,1,1,23,263683,Alessia Russo,Forward,9,0,0,-1,,,,0,0,-1,,,,2024-10-13 23:19:26
12837,716650,19973,home,0,4-2-3-1,1,1,8,257473,Mariona Caldentey,Attacking Midfielder,10,0,0,-1,,,,1,240274,25,240274.0,4560.0,76',2024-10-13 23:19:26
12837,716650,19973,home,0,4-2-3-1,1,1,19,158678,Caitlin Foord,Attacking Midfielder Left,11,0,0,-1,,,,0,0,-1,,,,2024-10-13 23:19:26
12837,716650,19973,home,0,4-2-3-1,1,0,12,259331,Frida Maanum,Substitute,0,1,280982,9,280982.0,3960.0,66',0,0,-1,,,,2024-10-13 23:19:26
12837,716650,19973,home,0,4-2-3-1,1,0,32,288907,Kyra Cooney-Cross,Substitute,0,1,176041,10,176041.0,4560.0,76',0,0,-1,,,,2024-10-13 23:19:26
12837,716650,19973,home,0,4-2-3-1,1,0,1,252339,Manuela Zinsberger,Substitute,0,0,0,-1,,,,0,0,-1,,,,2024-10-13 23:19:26
12837,716650,19973,home,0,4-2-3-1,1,0,5,295638,Laia Codina,Substitute,0,0,0,-1,,,,0,0,-1,,,,2024-10-13 23:19:26
12837,716650,19973,home,0,4-2-3-1,1,0,22,317573,Katherine Kühl,Substitute,0,0,0,-1,,,,0,0,-1,,,,2024-10-13 23:19:26
12837,716650,19973,home,0,4-2-3-1,1,0,7,219822,Steph Catley,Substitute,0,0,0,-1,,,,0,0,-1,,,,2024-10-13 23:19:26
12837,716650,19973,home,0,4-2-3-1,1,0,16,350636,Rosa Kafaji,Substitute,0,0,0,-1,,,,0,0,-1,,,,2025-04-05 08:30:15
12837,716650,19973,home,0,4-2-3-1,1,0,62,350679,Katie Reid,Substitute,0,0,0,-1,,,,0,0,-1,,,,2024-10-13 23:19:26
12837,716650,19973,home,0,4-2-3-1,1,0,25,240274,Stina Blackstenius,Substitute,0,1,257473,8,257473.0,4560.0,76',0,0,-1,,,,2024-10-13 23:19:26
12837,716650,19970,away,1,4-3-3,1,1,24,312460,Hannah Hampton,Goalkeeper,1,0,0,-1,,,,0,0,-1,,,,2024-10-13 23:19:26
12837,716650,19970,away,1,4-3-3,1,1,22,188448,Lucy Bronze,Right Back,2,0,0,-1,,,,0,0,-1,,,,2024-10-13 23:19:26
12837,716650,19970,away,1,4-3-3,1,1,17,295673,Sandy Baltimore,Left Back,3,0,0,-1,,,,0,0,-1,,,,2024-10-13 23:19:26
12837,716650,19970,away,1,4-3-3,1,1,6,314382,Sjoeke Nüsken,Center Midfielder,4,0,0,-1,,,,0,0,-1,,,,2024-10-13 23:19:26
12837,716650,19970,away,1,4-3-3,1,1,26,209937,Kadeisha Buchanan,Center Right Defender,5,0,0,-1,,,,0,0,-1,,,,2024-10-13 23:19:26
12837,716650,19970,away,1,4-3-3,1,1,4,248770,Millie Bright,Center Left Defender,6,0,0,-1,,,,0,0,-1,,,,2024-10-13 23:19:26
12837,716650,19970,away,1,4-3-3,1,1,18,315453,Wieke Kaptein,Right Midfielder,7,0,0,-1,,,,1,257545,8,257545.0,4440.0,74',2024-10-13 23:19:26
12837,716650,19970,away,1,4-3-3,1,1,10,294253,Lauren James,Left Midfielder,8,0,0,-1,,,,1,261568,9,261568.0,3780.0,63',2024-10-13 23:19:26
12837,716650,19970,away,1,4-3-3,1,1,7,288680,Mayra Ramírez,Forward,9,0,0,-1,,,,1,313088,33,313088.0,3780.0,63',2024-10-13 23:19:26
12837,716650,19970,away,1,4-3-3,1,1,19,264735,Johanna Rytting Kaneryd,Right Forward,10,0,0,-1,,,,1,119954,12,119954.0,5340.0,89',2025-04-05 08:30:15
12837,716650,19970,away,1,4-3-3,1,1,11,257483,Guro Reiten,Left Forward,11,0,0,-1,,,,1,255181,14,255181.0,5340.0,89',2024-10-13 23:19:26
12837,716650,19970,away,1,4-3-3,1,0,27,317637,Oriane Jean-François,Substitute,0,0,0,-1,,,,0,0,-1,,,,2024-10-13 23:19:26
12837,716650,19970,away,1,4-3-3,1,0,23,351356,Maika Hamano,Substitute,0,0,0,-1,,,,0,0,-1,,,,2024-10-13 23:19:26
12837,716650,19970,away,1,4-3-3,1,0,12,119954,Ashley Lawrence,Substitute,0,1,264735,19,264735.0,5340.0,89',0,0,-1,,,,2024-10-13 23:19:26
12837,716650,19970,away,1,4-3-3,1,0,15,248834,Ève Périsset,Substitute,0,0,0,-1,,,,0,0,-1,,,,2024-10-13 23:19:26
12837,716650,19970,away,1,4-3-3,1,0,1,255417,Zecira Musovic,Substitute,0,0,0,-1,,,,0,0,-1,,,,2024-10-13 23:19:26
12837,716650,19970,away,1,4-3-3,1,0,8,257545,Erin Cuthbert,Substitute,0,1,315453,18,315453.0,4440.0,74',0,0,-1,,,,2024-10-13 23:19:26
12837,716650,19970,away,1,4-3-3,1,0,9,261568,Catarina Macario,Substitute,0,1,294253,10,294253.0,3780.0,63',0,0,-1,,,,2024-10-13 23:19:26
12837,716650,19970,away,1,4-3-3,1,0,33,313088,Aggie Beever-Jones,Substitute,0,1,288680,7,288680.0,3780.0,63',0,0,-1,,,,2024-10-13 23:19:26
12837,716650,19970,away,1,4-3-3,1,0,14,255181,Nathalie Björn,Substitute,0,1,257483,11,257483.0,5340.0,89',0,0,-1,,,,2024-10-13 23:19:26
12837,716651,20707,home,0,4-2-3-1,1,1,1,209364,Sabrina D'Angelo,Goalkeeper,1,0,0,-1,,,,0,0,-1,,,,2024-10-14 06:59:34
12837,716651,20707,home,0,4-2-3-1,1,1,16,220024,Noelle Maritz,Right Back,2,0,0,-1,,,,0,0,-1,,,,2024-10-14 06:59:34
12837,716651,20707,home,0,4-2-3-1,1,1,14,312484,Danielle Turner,Left Back,3,0,0,-1,,,,0,0,-1,,,,2024-10-14 06:59:34
12837,716651,20707,home,0,4-2-3-1,1,1,7,323523,Missy Bo Kearns,Left Midfielder,4,0,0,-1,,,,1,280984,5,280984.0,3660.0,61',2024-10-14 06:59:34
12837,716651,20707,home,0,4-2-3-1,1,1,15,261804,Lucy Parker,Center Right Defender,5,0,0,-1,,,,0,0,-1,,,,2024-10-14 06:59:34
12837,716651,20707,home,0,4-2-3-1,1,1,4,262611,Anna Patten,Center Left Defender,6,0,0,-1,,,,0,0,-1,,,,2024-10-14 06:59:34
12837,716651,20707,home,0,4-2-3-1,1,1,23,309858,Chasity Grant,Attacking Midfielder Right,7,0,0,-1,,,,1,219769,19,219769.0,3660.0,61',2024-10-14 06:59:34
12837,716651,20707,home,0,4-2-3-1,1,1,8,178854,Jordan Nobbs,Right Midfielder,8,0,0,-1,,,,0,0,-1,,,,2024-10-14 06:59:34
12837,716651,20707,home,0,4-2-3-1,1,1,9,248769,Rachel Daly,Forward,9,0,0,-1,,,,0,0,-1,,,,2024-10-14 06:59:34
12837,716651,20707,home,0,4-2-3-1,1,1,28,257469,Gabi Nunes,Attacking Midfielder,10,0,0,-1,,,,1,219119,10,219119.0,2700.0,45',2024-10-14 06:59:34
12837,716651,20707,home,0,4-2-3-1,1,1,20,294252,Kirsty Hanson,Attacking Midfielder Left,11,0,0,-1,,,,1,312467,11,312467.0,3660.0,61',2024-10-14 06:59:34
12837,716651,20707,home,0,4-2-3-1,1,0,35,350626,Sophia Poor,Substitute,0,0,0,-1,,,,0,0,-1,,,,2024-10-14 06:59:34
12837,716651,20707,home,0,4-2-3-1,1,0,19,219769,Adriana Leon,Substitute,0,1,309858,23,309858.0,3660.0,61',0,0,-1,,,,2024-10-14 06:59:34
12837,716651,20707,home,0,4-2-3-1,1,0,25,338756,Miri Taylor,Substitute,0,0,0,-1,,,,0,0,-1,,,,2025-04-05 08:30:15
12837,716651,20707,home,0,4-2-3-1,1,0,33,312497,Mayumi Pacheco,Substitute,0,0,0,-1,,,,0,0,-1,,,,2024-10-14 06:59:34
12837,716651,20707,home,0,4-2-3-1,1,0,11,312467,Katie Robinson,Substitute,0,1,294252,20,294252.0,3660.0,61',0,0,-1,,,,2024-10-14 06:59:34
12837,716651,20707,home,0,4-2-3-1,1,0,2,312456,Sarah Mayling,Substitute,0,0,0,-1,,,,0,0,-1,,,,2024-10-14 06:59:34
12837,716651,20707,home,0,4-2-3-1,1,0,17,294246,Ebony Salmon,Substitute,0,0,0,-1,,,,0,0,-1,,,,2024-10-14 06:59:34
12837,716651,20707,home,0,4-2-3-1,1,0,5,280984,Lucy Staniforth,Substitute,0,1,323523,7,323523.0,3660.0,61',0,0,-1,,,,2024-10-14 06:59:34
12837,716651,20707,home,0,4-2-3-1,1,0,10,219119,Kenza Dali,Substitute,0,1,257469,28,257469.0,2700.0,45',0,0,-1,,,,2024-10-14 06:59:34
12837,716651,21036,away,0,4-2-3-1,1,1,1,328082,Janina Leitzig,Goalkeeper,1,0,0,-1,,,,0,0,-1,,,,2024-10-14 06:59:34
12837,716651,21036,away,0,4-2-3-1,1,1,4,219962,C.J. Bott,Right Back,2,0,0,-1,,,,1,304854,12,304854.0,2700.0,45',2024-10-14 06:59:34
12837,716651,21036,away,0,4-2-3-1,1,1,2,300518,Courtney Nevin,Left Back,3,0,0,-1,,,,0,0,-1,,,,2024-10-14 06:59:34
12837,716651,21036,away,0,4-2-3-1,1,1,6,288888,Saori Takarada,Left Midfielder,4,0,0,-1,,,,0,0,-1,,,,2024-10-14 06:59:34
12837,716651,21036,away,0,4-2-3-1,1,1,5,210382,Sophie Howard,Center Right Defender,5,0,0,-1,,,,0,0,-1,,,,2024-10-14 06:59:34
12837,716651,21036,away,0,4-2-3-1,1,1,22,330334,Sari Kees,Center Left Defender,6,0,0,-1,,,,0,0,-1,,,,2024-10-14 06:59:34
12837,716651,21036,away,0,4-2-3-1,1,1,28,344373,Shana Chossenotte,Attacking Midfielder Right,7,0,0,-1,,,,1,235714,7,235714.0,3420.0,57',2024-10-14 06:59:34
12837,716651,21036,away,0,4-2-3-1,1,1,3,323495,Sam Tierney,Right Midfielder,8,0,0,-1,,,,0,0,-1,,,,2024-10-14 06:59:34
12837,716651,21036,away,0,4-2-3-1,1,1,30,302566,Ruby Mace,Forward,9,0,0,-1,,,,0,0,-1,,,,2024-10-14 06:59:34
12837,716651,21036,away,0,4-2-3-1,1,1,29,256223,Yuka Momiki,Attacking Midfielder,10,0,0,-1,,,,1,379853,18,379853.0,4860.0,81',2024-10-14 06:59:34
12837,716651,21036,away,0,4-2-3-1,1,1,20,294600,Missy Goodwin,Attacking Midfielder Left,11,0,0,-1,,,,1,257569,11,257569.0,4260.0,71',2024-10-14 06:59:34
12837,716651,21036,away,0,4-2-3-1,1,0,23,264730,Lize Kop,Substitute,0,0,0,-1,,,,0,0,-1,,,,2024-10-14 06:59:34
12837,716651,21036,away,0,4-2-3-1,1,0,55,393960,Poppy Groves,Substitute,0,0,0,-1,,,,0,0,-1,,,,2024-10-14 06:59:34
12837,716651,21036,away,0,4-2-3-1,1,0,18,379853,Emilia Pelgander,Substitute,0,1,256223,29,256223.0,4860.0,81',0,0,-1,,,,2024-10-14 06:59:34
12837,716651,21036,away,0,4-2-3-1,1,0,10,365587,Noémie Mouchon,Substitute,0,0,0,-1,,,,0,0,-1,,,,2024-10-14 06:59:34
12837,716651,21036,away,0,4-2-3-1,1,0,7,235714,Deanne Rose,Substitute,0,1,344373,28,344373.0,3420.0,57',0,0,-1,,,,2024-10-14 06:59:34
12837,716651,21036,away,0,4-2-3-1,1,0,31,248450,Chantelle Swaby,Substitute,0,0,0,-1,,,,0,0,-1,,,,2024-10-14 06:59:34
12837,716651,21036,away,0,4-2-3-1,1,0,17,317638,Julie Thibaud,Substitute,0,0,0,-1,,,,0,0,-1,,,,2024-10-14 06:59:34
12837,716651,21036,away,0,4-2-3-1,1,0,12,304854,Asmita Ale,Substitute,0,1,219962,4,219962.0,2700.0,45',0,0,-1,,,,2024-10-14 06:59:34
12837,716651,21036,away,0,4-2-3-1,1,0,11,257569,Janice Cayman,Substitute,0,1,294600,20,294600.0,4260.0,71',0,0,-1,,,,2024-10-14 06:59:34
12837,716652,19971,home,0,3-4-3,1,1,1,230835,Rachael Laws,Goalkeeper,1,0,0,-1,,,,0,0,-1,,,,2024-10-15 05:13:46
12837,716652,19971,home,0,3-4-3,1,1,2,323518,Lucy Parry,Right Midfielder,2,0,0,-1,,,,0,0,-1,,,,2024-10-15 05:13:46
12837,716652,19971,home,0,3-4-3,1,1,12,323520,Taylor Hinds,Left Midfielder,3,0,0,-1,,,,0,0,-1,,,,2024-10-15 05:13:46
12837,716652,19971,home,0,3-4-3,1,1,6,312477,Jasmine Matthews,Center Left Defender,4,0,0,-1,,,,0,0,-1,,,,2024-10-15 05:13:46
12837,716652,19971,home,0,3-4-3,1,1,23,188447,Gemma Bonner,Center Defender,5,0,0,-1,,,,1,219050,5,219050.0,4800.0,80',2024-10-15 05:13:46
12837,716652,19971,home,0,3-4-3,1,1,17,305989,Jenna Clark,Center Right Defender,6,0,0,-1,,,,0,0,-1,,,,2024-10-15 05:13:46
12837,716652,19971,home,0,3-4-3,1,1,14,314199,Marie Hobinger,Center Right Midfielder,7,0,0,-1,,,,0,0,-1,,,,2025-04-05 08:30:15
12837,716652,19971,home,0,3-4-3,1,1,8,282995,Fuka Nagano,Center Left Midfielder,8,0,0,-1,,,,0,0,-1,,,,2024-10-15 05:13:46
12837,716652,19971,home,0,3-4-3,1,1,10,280992,Sophie Román Haug,Forward,9,0,0,-1,,,,0,0,-1,,,,2024-10-15 05:13:46
12837,716652,19971,home,0,3-4-3,1,1,11,279337,Olivia Smith,Center Right Forward,10,0,0,-1,,,,1,325841,13,325841.0,2700.0,45',2024-10-15 05:13:46
12837,716652,19971,home,0,3-4-3,1,1,7,389652,Cornelia Kapocs,Center Left Forward,11,0,0,-1,,,,1,287518,9,287518.0,4800.0,80',2024-10-15 05:13:46
12837,716652,19971,home,0,3-4-3,1,0,9,287518,Leanne Kiernan,Substitute,0,1,389652,7,389652.0,4800.0,80',0,0,-1,,,,2024-10-15 05:13:46
12837,716652,19971,home,0,3-4-3,1,0,5,219050,Niamh Fahey,Substitute,0,1,188447,23,188447.0,4800.0,80',0,0,-1,,,,2024-10-15 05:13:46
12837,716652,19971,home,0,3-4-3,1,0,20,257593,Yana Daniels,Substitute,0,0,0,-1,,,,0,0,-1,,,,2024-10-15 05:13:46
12837,716652,19971,home,0,3-4-3,1,0,3,259312,Gemma Evans,Substitute,0,0,0,-1,,,,0,0,-1,,,,2024-10-15 05:13:46
12837,716652,19971,home,0,3-4-3,1,0,13,325841,Mia Enderby,Substitute,0,1,279337,11,279337.0,2700.0,45',0,0,-1,,,,2024-10-15 05:13:46
12837,716652,19971,home,0,3-4-3,1,0,34,328798,Hannah Silcock,Substitute,0,0,0,-1,,,,0,0,-1,,,,2024-10-15 05:13:46
12837,716652,19971,home,0,3-4-3,1,0,56,382805,Maddy Duffy,Substitute,0,0,0,-1,,,,0,0,-1,,,,2024-10-15 05:13:46
12837,716652,19257,away,1,4-3-3,1,1,31,223470,Ayaka Yamashita,Goalkeeper,1,0,0,-1,,,,0,0,-1,,,,2024-10-15 05:13:46
12837,716652,19257,away,1,4-3-3,1,1,18,309904,Kerstin Casparij,Right Back,2,0,0,-1,,,,0,0,-1,,,,2024-10-15 05:13:46
12837,716652,19257,away,1,4-3-3,1,1,15,249105,Leila Ouahabi,Left Back,3,0,0,-1,,,,0,0,-1,,,,2024-10-15 05:13:46
12837,716652,19257,away,1,4-3-3,1,1,25,256228,Yui Hasegawa,Center Midfielder,4,0,0,-1,,,,0,0,-1,,,,2024-10-15 05:13:46
12837,716652,19257,away,1,4-3-3,1,1,4,286338,Laia Aleixandri,Center Right Defender,5,0,0,-1,,,,0,0,-1,,,,2024-10-15 05:13:46
12837,716652,19257,away,1,4-3-3,1,1,5,204659,Alex Greenwood,Center Left Defender,6,0,0,-1,,,,0,0,-1,,,,2024-10-15 05:13:46
12837,716652,19257,away,1,4-3-3,1,1,16,296503,Jess Park,Right Midfielder,7,0,0,-1,,,,0,0,-1,,,,2025-04-05 08:30:15
12837,716652,19257,away,1,4-3-3,1,1,10,219951,Jill Roord,Left Midfielder,8,0,0,-1,,,,0,0,-1,,,,2024-10-15 05:13:46
12837,716652,19257,away,1,4-3-3,1,1,21,261947,Khadija Shaw,Forward,9,0,0,-1,,,,0,0,-1,,,,2024-10-15 05:13:46
12837,716652,19257,away,1,4-3-3,1,1,8,276165,Mary Fowler,Right Forward,10,0,0,-1,,,,1,351355,20,351355.0,4620.0,77',2024-10-15 05:13:46
12837,716652,19257,away,1,4-3-3,1,1,11,296873,Lauren Hemp,Left Forward,11,0,0,-1,,,,0,0,-1,,,,2024-10-15 05:13:46
12837,716652,19257,away,1,4-3-3,1,0,46,390468,Lily Murphy,Substitute,0,0,0,-1,,,,0,0,-1,,,,2024-10-15 05:13:46
12837,716652,19257,away,1,4-3-3,1,0,9,282993,Chloe Kelly,Substitute,0,0,0,-1,,,,0,0,-1,,,,2024-10-15 05:13:46
12837,716652,19257,away,1,4-3-3,1,0,14,219819,Alanna Kennedy,Substitute,0,0,0,-1,,,,0,0,-1,,,,2024-10-15 05:13:46
12837,716652,19257,away,1,4-3-3,1,0,35,314954,Khiara Keating,Substitute,0,0,0,-1,,,,0,0,-1,,,,2024-10-15 05:13:46
12837,716652,19257,away,1,4-3-3,1,0,20,351355,Aoba Fujino,Substitute,0,1,276165,8,276165.0,4620.0,77',0,0,-1,,,,2024-10-15 05:13:46
12837,716652,19257,away,1,4-3-3,1,0,28,353342,Gracie Prior,Substitute,0,0,0,-1,,,,0,0,-1,,,,2024-10-15 05:13:46
12837,716652,19257,away,1,4-3-3,1,0,44,390465,Codie Thomas,Substitute,0,0,0,-1,,,,0,0,-1,,,,2024-10-15 05:13:46
12837,716652,19257,away,1,4-3-3,1,0,7,229456,Laura Coombs,Substitute,0,0,0,-1,,,,0,0,-1,,,,2024-10-15 05:13:46
12837,716652,19257,away,1,4-3-3,1,0,19,298641,Laura Blindkilde Brown,Substitute,0,0,0,-1,,,,0,0,-1,,,,2025-04-05 08:30:15
12837,716653,19972,home,0,3-4-3,1,1,1,209174,Courtney Brosnan,Goalkeeper,1,0,0,-1,,,,0,0,-1,,,,2024-10-15 05:13:46
12837,716653,19972,home,0,3-4-3,1,1,17,284939,Lucy Hope,Right Midfielder,2,0,0,-1,,,,0,0,-1,,,,2025-04-05 08:30:15
12837,716653,19972,home,0,3-4-3,1,1,11,297709,Emma Bissell,Left Midfielder,3,0,0,-1,,,,1,312559,21,312559.0,3300.0,55',2024-10-15 05:13:46
12837,716653,19972,home,0,3-4-3,1,1,23,287392,Sara Holmgaard,Center Left Defender,4,0,0,-1,,,,0,0,-1,,,,2024-10-15 05:13:46
12837,716653,19972,home,0,3-4-3,1,1,20,312482,Megan Finnigan,Center Defender,5,0,0,-1,,,,0,0,-1,,,,2024-10-15 05:13:46
12837,716653,19972,home,0,3-4-3,1,1,8,293328,Justine Vanhaevermaet,Center Right Defender,6,0,0,-1,,,,0,0,-1,,,,2024-10-15 05:13:46
12837,716653,19972,home,0,3-4-3,1,1,6,303336,Honoka Hayashi,Center Right Midfielder,7,0,0,-1,,,,0,0,-1,,,,2024-10-15 05:13:46
12837,716653,19972,home,0,3-4-3,1,1,7,300568,Clare Wheeler,Center Left Midfielder,8,0,0,-1,,,,0,0,-1,,,,2024-10-15 05:13:46
12837,716653,19972,home,0,3-4-3,1,1,25,270037,Katja Snoeijs,Forward,9,0,0,-1,,,,0,0,-1,,,,2024-10-15 05:13:46
12837,716653,19972,home,0,3-4-3,1,1,19,291349,Heather Payne,Center Right Forward,10,0,0,-1,,,,1,211151,9,211151.0,3300.0,55',2024-10-15 05:13:46
12837,716653,19972,home,0,3-4-3,1,1,47,364520,Karoline Olesen,Center Left Forward,11,0,0,-1,,,,1,255452,14,255452.0,3960.0,66',2024-10-15 05:13:46
12837,716653,19972,home,0,3-4-3,1,0,38,378052,Macy Settle,Substitute,0,0,0,-1,,,,0,0,-1,,,,2024-10-15 05:13:46
12837,716653,19972,home,0,3-4-3,1,0,12,294254,Emily Ramsey,Substitute,0,0,0,-1,,,,0,0,-1,,,,2024-10-15 05:13:46
12837,716653,19972,home,0,3-4-3,1,0,4,378053,Issy Hobson,Substitute,0,0,0,-1,,,,0,0,-1,,,,2025-04-05 08:30:15
12837,716653,19972,home,0,3-4-3,1,0,40,384158,Ellie Jones,Substitute,0,0,0,-1,,,,0,0,-1,,,,2024-10-15 05:13:46
12837,716653,19972,home,0,3-4-3,1,0,13,278276,Rylee Foster,Substitute,0,0,0,-1,,,,0,0,-1,,,,2024-10-15 05:13:46
12837,716653,19972,home,0,3-4-3,1,0,14,255452,Melissa Lawley,Substitute,0,1,364520,47,364520.0,3960.0,66',0,0,-1,,,,2024-10-15 05:13:46
12837,716653,19972,home,0,3-4-3,1,0,42,211994,Lauren Thomas,Substitute,0,0,0,-1,,,,0,0,-1,,,,2024-10-15 05:13:46
12837,716653,19972,home,0,3-4-3,1,0,9,211151,Toni Payne,Substitute,0,1,291349,19,291349.0,3300.0,55',0,0,-1,,,,2024-10-15 05:13:46
12837,716653,19972,home,0,3-4-3,1,0,21,312559,Veatriki Sarri,Substitute,0,1,297709,11,297709.0,3300.0,55',0,0,-1,,,,2024-10-15 05:13:46
12837,716653,19975,away,0,4-1-3-2,1,1,1,296372,Kinga Szemik,Goalkeeper,1,0,0,-1,,,,0,0,-1,,,,2024-10-15 05:13:46
12837,716653,19975,away,0,4-1-3-2,1,1,18,310225,Anouk Denton,Right Back,2,0,0,-1,,,,0,0,-1,,,,2024-10-15 05:13:46
12837,716653,19975,away,0,4-1-3-2,1,1,14,235712,Shelina Zadorsky,Left Back,3,0,0,-1,,,,0,0,-1,,,,2024-10-15 05:13:46
12837,716653,19975,away,0,4-1-3-2,1,1,5,312251,Amber Tysiak,Sweeper,4,0,0,-1,,,,0,0,-1,,,,2024-10-15 05:13:46
12837,716653,19975,away,0,4-1-3-2,1,1,26,281682,Li Mengwen,Center Right Defender,5,0,0,-1,,,,1,278192,21,278192.0,2700.0,45',2024-10-15 05:13:46
12837,716653,19975,away,0,4-1-3-2,1,1,17,264860,Camila Sáez,Center Left Defender,6,0,0,-1,,,,0,0,-1,,,,2024-10-15 05:13:46
12837,716653,19975,away,0,4-1-3-2,1,1,22,219825,Katrina Gorry,Right Midfielder,7,0,0,-1,,,,0,0,-1,,,,2024-10-15 05:13:46
12837,716653,19975,away,0,4-1-3-2,1,1,4,349057,Oona Siren,Center Midfielder,8,0,0,-1,,,,1,259752,10,259752.0,4320.0,72',2024-10-15 05:13:46
12837,716653,19975,away,0,4-1-3-2,1,1,20,188069,Viviane Asseyi,Center Right Forward,9,0,0,-1,,,,1,257540,2,257540.0,4980.0,83',2024-10-15 05:13:46
12837,716653,19975,away,0,4-1-3-2,1,1,9,287317,Riko Ueki,Center Left Forward,10,0,0,-1,,,,0,0,-1,,,,2024-10-15 05:13:46
12837,716653,19975,away,0,4-1-3-2,1,1,12,312486,Emma Harries,Left Midfielder,11,0,0,-1,,,,1,330350,77,330350.0,3600.0,60',2024-10-15 05:13:46
12837,716653,19975,away,0,4-1-3-2,1,0,33,327979,Halle Houssein,,0,0,0,-1,,,,0,0,-1,,,,2024-10-15 05:13:46
12837,716653,19975,away,0,4-1-3-2,1,0,7,350638,Marika Bergman-Lundin,,0,0,0,-1,,,,0,0,-1,,,,2024-10-15 05:13:46
12837,716653,19975,away,0,4-1-3-2,1,0,77,330350,Seraina Piubel,,0,1,312486,12,312486.0,3600.0,60',0,0,-1,,,,2024-10-15 05:13:46
12837,716653,19975,away,0,4-1-3-2,1,0,11,298775,Manuela Paví,,0,0,0,-1,,,,0,0,-1,,,,2024-10-15 05:13:46
12837,716653,19975,away,0,4-1-3-2,1,0,25,312461,Megan Walsh,,0,0,0,-1,,,,0,0,-1,,,,2024-10-15 05:13:46
12837,716653,19975,away,0,4-1-3-2,1,0,21,278192,Shannon Cooke,,0,1,281682,26,281682.0,2700.0,45',0,0,-1,,,,2024-10-15 05:13:46
12837,716653,19975,away,0,4-1-3-2,1,0,10,259752,Dagný Brynjarsdóttir,,0,1,349057,4,349057.0,4320.0,72',0,0,-1,,,,2025-04-05 08:30:15
12837,716653,19975,away,0,4-1-3-2,1,0,2,257540,Kirsty Smith,,0,1,188069,20,188069.0,4980.0,83',0,0,-1,,,,2024-10-15 05:13:46
12837,716654,21037,home,0,4-2-3-1,1,1,30,224886,Shae Yanez,Goalkeeper,1,0,0,-1,,,,0,0,-1,,,,2024-10-15 05:13:46
12837,716654,21037,home,0,4-2-3-1,1,1,14,259626,Josie Green,Right Back,2,0,0,-1,,,,0,0,-1,,,,2025-04-05 08:30:15
12837,716654,21037,home,0,4-2-3-1,1,1,3,312463,Felicity Gibbons,Left Back,3,0,0,-1,,,,1,328245,77,328245.0,5340.0,89',2024-10-15 05:13:46
12837,716654,21037,home,0,4-2-3-1,1,1,17,377622,Lexi Potter,Left Midfielder,4,0,0,-1,,,,0,0,-1,,,,2025-04-05 08:30:15
12837,716654,21037,home,0,4-2-3-1,1,1,6,324878,Aimee Everett,Center Right Defender,5,0,0,-1,,,,0,0,-1,,,,2024-10-15 05:13:46
12837,716654,21037,home,0,4-2-3-1,1,1,2,140056,Katrine Veje,Center Left Defender,6,0,0,-1,,,,0,0,-1,,,,2024-10-15 05:13:46
12837,716654,21037,home,0,4-2-3-1,1,1,20,300434,Indiah-Paige Riley,Attacking Midfielder Right,7,0,0,-1,,,,1,336368,27,336368.0,4260.0,71',2024-10-15 05:13:46
12837,716654,21037,home,0,4-2-3-1,1,1,5,392348,My Cato,Right Midfielder,8,0,0,-1,,,,1,324879,8,324879.0,5340.0,89',2024-10-15 05:13:46
12837,716654,21037,home,0,4-2-3-1,1,1,28,290269,Katie Stengel,Forward,9,0,0,-1,,,,0,0,-1,,,,2024-10-15 05:13:46
12837,716654,21037,home,0,4-2-3-1,1,1,10,323499,Annabel Blanchard,Attacking Midfielder,10,0,0,-1,,,,0,0,-1,,,,2024-10-15 05:13:46
12837,716654,21037,home,0,4-2-3-1,1,1,22,285187,Mille Gejl,Attacking Midfielder Left,11,0,0,-1,,,,1,314575,11,314575.0,4860.0,81',2024-10-15 05:13:46
12837,716654,21037,home,0,4-2-3-1,1,0,32,325571,Brooke Aspin,Substitute,0,0,0,-1,,,,0,0,-1,,,,2024-10-15 05:13:46
12837,716654,21037,home,0,4-2-3-1,1,0,8,324879,Molly-Mae Sharpe,Substitute,0,1,392348,5,392348.0,5340.0,89',0,0,-1,,,,2024-10-15 05:13:46
12837,716654,21037,home,0,4-2-3-1,1,0,24,326907,Shanade Hopcroft,Substitute,0,0,0,-1,,,,0,0,-1,,,,2024-10-15 05:13:46
12837,716654,21037,home,0,4-2-3-1,1,0,11,314575,Ashleigh Weerden,Substitute,0,1,285187,22,285187.0,4860.0,81',0,0,-1,,,,2024-10-15 05:13:46
12837,716654,21037,home,0,4-2-3-1,1,0,19,335986,Milla-Maj Majasaari,Substitute,0,0,0,-1,,,,0,0,-1,,,,2024-10-15 05:13:46
12837,716654,21037,home,0,4-2-3-1,1,0,27,336368,Abbie Larkin,Substitute,0,1,300434,20,300434.0,4260.0,71',0,0,-1,,,,2024-10-15 05:13:46
12837,716654,21037,home,0,4-2-3-1,1,0,4,257534,Chloe Arthur,Substitute,0,0,0,-1,,,,0,0,-1,,,,2024-10-15 05:13:46
12837,716654,21037,home,0,4-2-3-1,1,0,77,328245,Isibeal Atkinson,Substitute,0,1,312463,3,312463.0,5340.0,89',0,0,-1,,,,2024-10-15 05:13:46
12837,716654,19976,away,1,3-4-3,1,1,32,249106,Sophie Baggaley,Goalkeeper,1,0,0,-1,,,,0,0,-1,,,,2024-10-15 05:13:46
12837,716654,19976,away,1,3-4-3,1,1,14,219773,Fran Kirby,Right Midfielder,2,0,0,-1,,,,0,0,-1,,,,2024-10-15 05:13:46
12837,716654,19976,away,1,3-4-3,1,1,19,309906,Marisa Olislagers,Left Midfielder,3,0,0,-1,,,,0,0,-1,,,,2024-10-15 05:13:46
12837,716654,19976,away,1,3-4-3,1,1,16,325886,Jorelyn Carabalí,Center Left Defender,4,0,0,-1,,,,0,0,-1,,,,2024-10-15 05:13:46
12837,716654,19976,away,1,3-4-3,1,1,5,213937,Guro Bergsvand,Center Defender,5,0,0,-1,,,,0,0,-1,,,,2024-10-15 05:13:46
12837,716654,19976,away,1,3-4-3,1,1,2,219987,Maria Thorisdottir,Center Right Defender,6,0,0,-1,,,,1,257536,27,257536.0,3660.0,61',2024-10-15 05:13:46
12837,716654,19976,away,1,3-4-3,1,1,6,219990,Vicky Losada,Center Right Midfielder,7,0,0,-1,,,,0,0,-1,,,,2024-10-15 05:13:46
12837,716654,19976,away,1,3-4-3,1,1,10,314994,Jelena Cankovic,Center Left Midfielder,8,0,0,-1,,,,1,313706,18,313706.0,2340.0,39',2024-10-15 05:13:46
12837,716654,19976,away,1,3-4-3,1,1,9,246314,Nikita Parris,Forward,9,0,0,-1,,,,1,324775,23,324775.0,5400.0,90'+4',2024-10-15 05:13:46
12837,716654,19976,away,1,3-4-3,1,1,20,305984,Bruna Vilamala,Center Right Forward,10,0,0,-1,,,,1,296778,11,296778.0,3660.0,61',2024-10-15 05:13:46
12837,716654,19976,away,1,3-4-3,1,1,8,219939,Pauline Bremer,Center Left Forward,11,0,0,-1,,,,1,350678,59,350678.0,3660.0,61',2024-10-15 05:13:46
12837,716654,19976,away,1,3-4-3,1,0,59,350678,Michelle Agyemang,Substitute,0,1,219939,8,219939.0,3660.0,61',0,0,-1,,,,2024-10-15 05:13:46
12837,716654,19976,away,1,3-4-3,1,0,28,367224,Melina Loeck,Substitute,0,0,0,-1,,,,0,0,-1,,,,2024-10-15 05:13:46
12837,716654,19976,away,1,3-4-3,1,0,21,261578,Madison Haley,Substitute,0,0,0,-1,,,,0,0,-1,,,,2024-10-15 05:13:46
12837,716654,19976,away,1,3-4-3,1,0,11,296778,Kiko Seike,Substitute,0,1,305984,20,305984.0,3660.0,61',0,0,-1,,,,2024-10-15 05:13:46
12837,716654,19976,away,1,3-4-3,1,0,18,313706,Maisie Symonds,Substitute,0,1,314994,10,314994.0,2340.0,39',0,0,-1,,,,2024-10-15 05:13:46
12837,716654,19976,away,1,3-4-3,1,0,23,324775,Marit Auée,Substitute,0,1,246314,9,246314.0,5400.0,90'+4',0,0,-1,,,,2024-10-15 05:13:46
12837,716654,19976,away,1,3-4-3,1,0,7,350639,Aisha Masaka,Substitute,0,0,0,-1,,,,0,0,-1,,,,2024-10-15 05:13:46
12837,716654,19976,away,1,3-4-3,1,0,27,257536,Rachel McLauchlan,Substitute,0,1,219987,2,219987.0,3660.0,61',0,0,-1,,,,2024-10-15 05:13:46
12837,716655,20061,home,1,4-2-3-1,1,1,91,208938,Phallon Tullis-Joyce,Goalkeeper,1,0,0,-1,,,,0,0,-1,,,,2024-10-15 05:13:46
12837,716655,20061,home,1,4-2-3-1,1,1,15,328108,Celin Bizet,Right Back,2,0,0,-1,,,,1,293411,5,293411.0,5400.0,90',2025-04-05 08:30:15
12837,716655,20061,home,1,4-2-3-1,1,1,3,268536,Gabby George,Left Back,3,0,0,-1,,,,0,0,-1,,,,2025-04-05 08:30:15
12837,716655,20061,home,1,4-2-3-1,1,1,16,268103,Lisa Naalsund,Left Midfielder,4,0,0,-1,,,,1,349220,13,349220.0,4560.0,76',2024-10-15 05:13:46
12837,716655,20061,home,1,4-2-3-1,1,1,4,312462,Maya Le Tissier,Center Right Defender,5,0,0,-1,,,,0,0,-1,,,,2024-10-15 05:13:46
12837,716655,20061,home,1,4-2-3-1,1,1,21,294257,Millie Turner,Center Left Defender,6,0,0,-1,,,,0,0,-1,,,,2024-10-15 05:13:46
12837,716655,20061,home,1,4-2-3-1,1,1,8,306883,Grace Clinton,Attacking Midfielder Right,7,0,0,-1,,,,0,0,-1,,,,2024-10-15 05:13:46
12837,716655,20061,home,1,4-2-3-1,1,1,17,219947,Dominique Janssen,Right Midfielder,8,0,0,-1,,,,0,0,-1,,,,2024-10-15 05:13:46
12837,716655,20061,home,1,4-2-3-1,1,1,19,298669,Elisabeth Terland,Forward,9,0,0,-1,,,,1,134423,28,134423.0,4560.0,76',2024-10-15 05:13:46
12837,716655,20061,home,1,4-2-3-1,1,1,7,294255,Ella Toone,Attacking Midfielder,10,0,0,-1,,,,1,283107,20,283107.0,4560.0,76',2024-10-15 05:13:46
12837,716655,20061,home,1,4-2-3-1,1,1,11,294256,Leah Galton,Attacking Midfielder Left,11,0,0,-1,,,,0,0,-1,,,,2024-10-15 05:13:46
12837,716655,20061,home,1,4-2-3-1,1,0,55,358077,Lucy Newell,Substitute,0,0,0,-1,,,,0,0,-1,,,,2024-10-15 05:13:46
12837,716655,20061,home,1,4-2-3-1,1,0,38,351331,Jess Simpson,Substitute,0,0,0,-1,,,,0,0,-1,,,,2025-04-05 08:30:15
12837,716655,20061,home,1,4-2-3-1,1,0,13,349220,Simi Awujo,Substitute,0,1,268103,16,268103.0,4560.0,76',0,0,-1,,,,2024-10-15 05:13:46
12837,716655,20061,home,1,4-2-3-1,1,0,34,361722,Emma Watson,Substitute,0,0,0,-1,,,,0,0,-1,,,,2024-10-15 05:13:46
12837,716655,20061,home,1,4-2-3-1,1,0,5,293411,Aoife Mannion,Substitute,0,1,328108,15,,,,0,0,-1,,,,2024-10-15 05:13:46
12837,716655,20061,home,1,4-2-3-1,1,0,39,332051,Safia Middleton-Patel,Substitute,0,0,0,-1,,,,0,0,-1,,,,2024-10-15 05:13:46
12837,716655,20061,home,1,4-2-3-1,1,0,28,134423,Rachel Williams,Substitute,0,1,298669,19,298669.0,4560.0,76',0,0,-1,,,,2024-10-15 05:13:46
12837,716655,20061,home,1,4-2-3-1,1,0,20,283107,Hinata Miyazawa,Substitute,0,1,294255,7,294255.0,4560.0,76',0,0,-1,,,,2024-10-15 05:13:46
12837,716655,20061,home,1,4-2-3-1,1,0,12,259315,Hayley Ladd,Substitute,0,0,0,-1,,,,0,0,-1,,,,2025-04-05 08:30:15
12837,716655,20062,away,0,4-2-3-1,1,1,22,286883,Rebecca Spencer,Goalkeeper,1,0,0,-1,,,,0,0,-1,,,,2024-10-15 05:13:46
12837,716655,20062,away,0,4-2-3-1,1,1,29,294265,Ashleigh Neville,Right Back,2,0,0,-1,,,,0,0,-1,,,,2024-10-15 05:13:46
12837,716655,20062,away,0,4-2-3-1,1,1,2,300442,Charlotte Grant,Left Back,3,0,0,-1,,,,0,0,-1,,,,2024-10-15 05:13:46
12837,716655,20062,away,0,4-2-3-1,1,1,25,267666,Eveliina Summanen,Left Midfielder,4,0,0,-1,,,,1,349567,13,349567.0,3360.0,56',2024-10-15 05:13:46
12837,716655,20062,away,0,4-2-3-1,1,1,5,312487,Molly Bartrip,Center Right Defender,5,0,0,-1,,,,0,0,-1,,,,2024-10-15 05:13:46
12837,716655,20062,away,0,4-2-3-1,1,1,15,312233,Clare Hunt,Center Left Defender,6,0,0,-1,,,,0,0,-1,,,,2024-10-15 05:13:46
12837,716655,20062,away,0,4-2-3-1,1,1,7,294268,Jessica Naz,Attacking Midfielder Right,7,0,0,-1,,,,1,355373,31,355373.0,5340.0,89',2024-10-15 05:13:46
12837,716655,20062,away,0,4-2-3-1,1,1,20,267679,Olga Ahtinen,Right Midfielder,8,0,0,-1,,,,0,0,-1,,,,2024-10-15 05:13:46
12837,716655,20062,away,0,4-2-3-1,1,1,9,293410,Bethany England,Forward,9,0,0,-1,,,,0,0,-1,,,,2025-04-05 08:30:15
12837,716655,20062,away,0,4-2-3-1,1,1,24,286882,Drew Spence,Attacking Midfielder,10,0,0,-1,,,,0,0,-1,,,,2024-10-15 05:13:46
12837,716655,20062,away,0,4-2-3-1,1,1,17,226804,Martha Thomas,Attacking Midfielder Left,11,0,0,-1,,,,1,311201,14,311201.0,4680.0,78',2024-10-15 05:13:46
12837,716655,20062,away,0,4-2-3-1,1,0,30,377621,Araya Dennis,Substitute,0,0,0,-1,,,,0,0,-1,,,,2024-10-15 05:13:46
12837,716655,20062,away,0,4-2-3-1,1,0,31,355373,Lenna Gunning-Williams,Substitute,0,1,294268,7,294268.0,5340.0,89',0,0,-1,,,,2024-10-15 05:13:46
12837,716655,20062,away,0,4-2-3-1,1,0,26,351745,Katelin Talbert,Substitute,0,0,0,-1,,,,0,0,-1,,,,2024-10-15 05:13:46
12837,716655,20062,away,0,4-2-3-1,1,0,13,349567,Matilda Vinberg,Substitute,0,1,267666,25,267666.0,3360.0,56',0,0,-1,,,,2024-10-15 05:13:46
12837,716655,20062,away,0,4-2-3-1,1,0,21,309086,Luana Bühler,Substitute,0,0,0,-1,,,,0,0,-1,,,,2024-10-15 05:13:46
12837,716655,20062,away,0,4-2-3-1,1,0,27,301685,Eleanor Heeps,Substitute,0,0,0,-1,,,,0,0,-1,,,,2024-10-15 05:13:46
12837,716655,20062,away,0,4-2-3-1,1,0,14,311201,Anna Csiki,Substitute,0,1,226804,17,226804.0,4680.0,78',0,0,-1,,,,2024-10-15 05:13:46
12837,716656,19976,home,0,3-4-2-1,1,1,32,249106,Sophie Baggaley,Goalkeeper,1,0,0,-1,,,,0,0,-1,,,,2024-10-20 11:04:39
12837,716656,19976,home,0,3-4-2-1,1,1,14,219773,Fran Kirby,Right Midfielder,2,0,0,-1,,,,0,0,-1,,,,2024-10-20 11:04:39
12837,716656,19976,home,0,3-4-2-1,1,1,3,294247,Poppy Pattinson,Left Midfielder,3,0,0,-1,,,,0,0,-1,,,,2024-10-20 11:04:39
12837,716656,19976,home,0,3-4-2-1,1,1,16,325886,Jorelyn Carabalí,Center Left Defender,4,0,0,-1,,,,0,0,-1,,,,2024-10-20 11:04:39
12837,716656,19976,home,0,3-4-2-1,1,1,5,213937,Guro Bergsvand,Center Defender,5,0,0,-1,,,,0,0,-1,,,,2024-10-20 11:04:39
12837,716656,19976,home,0,3-4-2-1,1,1,2,219987,Maria Thorisdottir,Center Right Defender,6,0,0,-1,,,,0,0,-1,,,,2024-10-20 11:04:39
12837,716656,19976,home,0,3-4-2-1,1,1,6,219990,Vicky Losada,Center Right Midfielder,7,0,0,-1,,,,0,0,-1,,,,2024-10-20 11:04:39
12837,716656,19976,home,0,3-4-2-1,1,1,19,309906,Marisa Olislagers,Center Left Midfielder,8,0,0,-1,,,,1,313706,18,313706.0,2700.0,45',2024-10-20 11:04:39
12837,716656,19976,home,0,3-4-2-1,1,1,9,246314,Nikita Parris,Forward,9,0,0,-1,,,,0,0,-1,,,,2024-10-20 11:04:39
12837,716656,19976,home,0,3-4-2-1,1,1,8,219939,Pauline Bremer,Center Right Forward,10,0,0,-1,,,,1,261578,21,261578.0,2460.0,41',2024-10-20 11:04:39
12837,716656,19976,home,0,3-4-2-1,1,1,20,305984,Bruna Vilamala,Center Left Forward,11,0,0,-1,,,,1,350678,59,350678.0,2700.0,45',2024-10-20 11:04:39
12837,716656,19976,home,0,3-4-2-1,1,0,25,330549,Hannah Poulter,Substitute,0,0,0,-1,,,,0,0,-1,,,,2024-10-20 11:04:39
12837,716656,19976,home,0,3-4-2-1,1,0,28,367224,Melina Loeck,Substitute,0,0,0,-1,,,,0,0,-1,,,,2024-10-20 11:04:39
12837,716656,19976,home,0,3-4-2-1,1,0,59,350678,Michelle Agyemang,Substitute,0,1,305984,20,305984.0,2700.0,45',0,0,-1,,,,2024-10-20 11:04:39
12837,716656,19976,home,0,3-4-2-1,1,0,7,350639,Aisha Masaka,Substitute,0,0,0,-1,,,,0,0,-1,,,,2024-10-20 11:04:39
12837,716656,19976,home,0,3-4-2-1,1,0,23,324775,Marit Auée,Substitute,0,0,0,-1,,,,0,0,-1,,,,2024-10-20 11:04:39
12837,716656,19976,home,0,3-4-2-1,1,0,27,257536,Rachel McLauchlan,Substitute,0,0,0,-1,,,,0,0,-1,,,,2024-10-20 11:04:39
12837,716656,19976,home,0,3-4-2-1,1,0,21,261578,Madison Haley,Substitute,0,1,219939,8,219939.0,2460.0,41',0,0,-1,,,,2024-10-20 11:04:39
12837,716656,19976,home,0,3-4-2-1,1,0,18,313706,Maisie Symonds,Substitute,0,1,309906,19,309906.0,2700.0,45',0,0,-1,,,,2024-10-20 11:04:39
12837,716656,19976,home,0,3-4-2-1,1,0,11,296778,Kiko Seike,Substitute,0,0,0,-1,,,,0,0,-1,,,,2024-10-20 11:04:39
12837,716656,20061,away,0,4-2-3-1,1,1,91,208938,Phallon Tullis-Joyce,Goalkeeper,1,0,0,-1,,,,0,0,-1,,,,2024-10-20 11:04:39
12837,716656,20061,away,0,4-2-3-1,1,1,15,328108,Celin Bizet,Right Back,2,0,0,-1,,,,0,0,-1,,,,2025-04-05 08:30:15
12837,716656,20061,away,0,4-2-3-1,1,1,3,268536,Gabby George,Left Back,3,0,0,-1,,,,0,0,-1,,,,2025-04-05 08:30:15
12837,716656,20061,away,0,4-2-3-1,1,1,17,219947,Dominique Janssen,Left Midfielder,4,0,0,-1,,,,0,0,-1,,,,2024-10-20 11:04:39
12837,716656,20061,away,0,4-2-3-1,1,1,4,312462,Maya Le Tissier,Center Right Defender,5,0,0,-1,,,,0,0,-1,,,,2024-10-20 11:04:39
12837,716656,20061,away,0,4-2-3-1,1,1,21,294257,Millie Turner,Center Left Defender,6,0,0,-1,,,,0,0,-1,,,,2024-10-20 11:04:39
12837,716656,20061,away,0,4-2-3-1,1,1,8,306883,Grace Clinton,Attacking Midfielder Right,7,0,0,-1,,,,0,0,-1,,,,2024-10-20 11:04:39
12837,716656,20061,away,0,4-2-3-1,1,1,16,268103,Lisa Naalsund,Right Midfielder,8,0,0,-1,,,,1,349220,13,349220.0,4380.0,73',2024-10-20 11:04:39
12837,716656,20061,away,0,4-2-3-1,1,1,19,298669,Elisabeth Terland,Forward,9,0,0,-1,,,,0,0,-1,,,,2024-10-20 11:04:39
12837,716656,20061,away,0,4-2-3-1,1,1,7,294255,Ella Toone,Attacking Midfielder,10,0,0,-1,,,,1,134423,28,134423.0,5400.0,90',2024-10-20 11:04:39
12837,716656,20061,away,0,4-2-3-1,1,1,20,283107,Hinata Miyazawa,Attacking Midfielder Left,11,0,0,-1,,,,1,293411,5,293411.0,4380.0,73',2024-10-20 11:04:39
12837,716656,20061,away,0,4-2-3-1,1,0,12,259315,Hayley Ladd,Substitute,0,0,0,-1,,,,0,0,-1,,,,2025-04-05 08:30:15
12837,716656,20061,away,0,4-2-3-1,1,0,28,134423,Rachel Williams,Substitute,0,1,294255,7,294255.0,5400.0,90',0,0,-1,,,,2024-10-20 11:04:39
12837,716656,20061,away,0,4-2-3-1,1,0,34,361722,Emma Watson,Substitute,0,0,0,-1,,,,0,0,-1,,,,2024-10-20 11:04:39
12837,716656,20061,away,0,4-2-3-1,1,0,55,358077,Lucy Newell,Substitute,0,0,0,-1,,,,0,0,-1,,,,2024-10-20 11:04:39
12837,716656,20061,away,0,4-2-3-1,1,0,38,351331,Jess Simpson,Substitute,0,0,0,-1,,,,0,0,-1,,,,2025-04-05 08:30:15
12837,716656,20061,away,0,4-2-3-1,1,0,13,349220,Simi Awujo,Substitute,0,1,268103,16,268103.0,4380.0,73',0,0,-1,,,,2024-10-20 11:04:39
12837,716656,20061,away,0,4-2-3-1,1,0,39,332051,Safia Middleton-Patel,Substitute,0,0,0,-1,,,,0,0,-1,,,,2024-10-20 11:04:39
12837,716656,20061,away,0,4-2-3-1,1,0,5,293411,Aoife Mannion,Substitute,0,1,283107,20,283107.0,4380.0,73',0,0,-1,,,,2024-10-20 11:04:39
12837,716656,20061,away,0,4-2-3-1,1,0,23,268325,Geyse,Substitute,0,0,0,-1,,,,0,0,-1,,,,2025-04-05 08:30:15
12837,716657,19970,home,1,4-2-3-1,1,1,24,312460,Hannah Hampton,Goalkeeper,1,0,0,-1,,,,0,0,-1,,,,2024-10-21 05:12:06
12837,716657,19970,home,1,4-2-3-1,1,1,22,188448,Lucy Bronze,Right Back,2,0,0,-1,,,,0,0,-1,,,,2024-10-21 05:12:06
12837,716657,19970,home,1,4-2-3-1,1,1,17,295673,Sandy Baltimore,Left Back,3,0,0,-1,,,,1,119954,12,119954.0,4680.0,78',2024-10-21 05:12:06
12837,716657,19970,home,1,4-2-3-1,1,1,8,257545,Erin Cuthbert,Left Midfielder,4,0,0,-1,,,,1,315453,18,315453.0,2700.0,45',2024-10-21 05:12:06
12837,716657,19970,home,1,4-2-3-1,1,1,26,209937,Kadeisha Buchanan,Center Right Defender,5,0,0,-1,,,,1,347124,25,347124.0,5100.0,85',2024-10-21 05:12:06
12837,716657,19970,home,1,4-2-3-1,1,1,4,248770,Millie Bright,Center Left Defender,6,0,0,-1,,,,0,0,-1,,,,2024-10-21 05:12:06
12837,716657,19970,home,1,4-2-3-1,1,1,19,264735,Johanna Rytting Kaneryd,Attacking Midfielder Right,7,0,0,-1,,,,0,0,-1,,,,2025-04-05 08:30:15
12837,716657,19970,home,1,4-2-3-1,1,1,6,314382,Sjoeke Nüsken,Right Midfielder,8,0,0,-1,,,,0,0,-1,,,,2024-10-21 05:12:06
12837,716657,19970,home,1,4-2-3-1,1,1,7,288680,Mayra Ramírez,Forward,9,0,0,-1,,,,1,313088,33,313088.0,4680.0,78',2024-10-21 05:12:06
12837,716657,19970,home,1,4-2-3-1,1,1,23,351356,Maika Hamano,Attacking Midfielder,10,0,0,-1,,,,1,317637,27,317637.0,5100.0,85',2024-10-21 05:12:06
12837,716657,19970,home,1,4-2-3-1,1,1,11,257483,Guro Reiten,Attacking Midfielder Left,11,0,0,-1,,,,0,0,-1,,,,2024-10-21 05:12:06
12837,716657,19970,home,1,4-2-3-1,1,0,29,311207,Alejandra Bernabe,Substitute,0,0,0,-1,,,,0,0,-1,,,,2024-10-21 05:12:06
12837,716657,19970,home,1,4-2-3-1,1,0,12,119954,Ashley Lawrence,Substitute,0,1,295673,17,295673.0,4680.0,78',0,0,-1,,,,2024-10-21 05:12:06
12837,716657,19970,home,1,4-2-3-1,1,0,15,248834,Ève Périsset,Substitute,0,0,0,-1,,,,0,0,-1,,,,2024-10-21 05:12:06
12837,716657,19970,home,1,4-2-3-1,1,0,25,347124,Maelys Mpomé,Substitute,0,1,209937,26,209937.0,5100.0,85',0,0,-1,,,,2024-10-21 05:12:06
12837,716657,19970,home,1,4-2-3-1,1,0,27,317637,Oriane Jean-François,Substitute,0,1,351356,23,351356.0,5100.0,85',0,0,-1,,,,2024-10-21 05:12:06
12837,716657,19970,home,1,4-2-3-1,1,0,18,315453,Wieke Kaptein,Substitute,0,1,257545,8,257545.0,2700.0,45',0,0,-1,,,,2024-10-21 05:12:06
12837,716657,19970,home,1,4-2-3-1,1,0,14,255181,Nathalie Björn,Substitute,0,0,0,-1,,,,0,0,-1,,,,2024-10-21 05:12:06
12837,716657,19970,home,1,4-2-3-1,1,0,33,313088,Aggie Beever-Jones,Substitute,0,1,288680,7,288680.0,4680.0,78',0,0,-1,,,,2024-10-21 05:12:06
12837,716657,19970,home,1,4-2-3-1,1,0,1,255417,Zecira Musovic,Substitute,0,0,0,-1,,,,0,0,-1,,,,2024-10-21 05:12:06
12837,716657,20062,away,0,4-2-3-1,1,1,22,286883,Rebecca Spencer,Goalkeeper,1,0,0,-1,,,,0,0,-1,,,,2024-10-21 05:12:06
12837,716657,20062,away,0,4-2-3-1,1,1,29,294265,Ashleigh Neville,Right Back,2,0,0,-1,,,,0,0,-1,,,,2024-10-21 05:12:06
12837,716657,20062,away,0,4-2-3-1,1,1,6,314494,Amanda Nildén,Left Back,3,0,0,-1,,,,1,323599,3,323599.0,4500.0,75',2024-10-21 05:12:06
12837,716657,20062,away,0,4-2-3-1,1,1,25,267666,Eveliina Summanen,Left Midfielder,4,0,0,-1,,,,0,0,-1,,,,2024-10-21 05:12:06
12837,716657,20062,away,0,4-2-3-1,1,1,5,312487,Molly Bartrip,Center Right Defender,5,0,0,-1,,,,0,0,-1,,,,2024-10-21 05:12:06
12837,716657,20062,away,0,4-2-3-1,1,1,15,312233,Clare Hunt,Center Left Defender,6,0,0,-1,,,,0,0,-1,,,,2024-10-21 05:12:06
12837,716657,20062,away,0,4-2-3-1,1,1,7,294268,Jessica Naz,Attacking Midfielder Right,7,0,0,-1,,,,0,0,-1,,,,2024-10-21 05:12:06
12837,716657,20062,away,0,4-2-3-1,1,1,20,267679,Olga Ahtinen,Right Midfielder,8,0,0,-1,,,,1,355373,31,355373.0,4500.0,75',2024-10-21 05:12:06
12837,716657,20062,away,0,4-2-3-1,1,1,9,293410,Bethany England,Forward,9,0,0,-1,,,,1,226804,17,226804.0,3780.0,63',2025-04-05 08:30:15
12837,716657,20062,away,0,4-2-3-1,1,1,24,286882,Drew Spence,Attacking Midfielder,10,0,0,-1,,,,0,0,-1,,,,2024-10-21 05:12:06
12837,716657,20062,away,0,4-2-3-1,1,1,13,349567,Matilda Vinberg,Attacking Midfielder Left,11,0,0,-1,,,,0,0,-1,,,,2024-10-21 05:12:06
12837,716657,20062,away,0,4-2-3-1,1,0,31,355373,Lenna Gunning-Williams,Substitute,0,1,267679,20,267679.0,4500.0,75',0,0,-1,,,,2024-10-21 05:12:06
12837,716657,20062,away,0,4-2-3-1,1,0,30,377621,Araya Dennis,Substitute,0,0,0,-1,,,,0,0,-1,,,,2024-10-21 05:12:06
12837,716657,20062,away,0,4-2-3-1,1,0,21,309086,Luana Bühler,Substitute,0,0,0,-1,,,,0,0,-1,,,,2024-10-21 05:12:06
12837,716657,20062,away,0,4-2-3-1,1,0,49,393412,Jhanaie Dezire-Pierre,Substitute,0,0,0,-1,,,,0,0,-1,,,,2024-10-21 05:12:06
12837,716657,20062,away,0,4-2-3-1,1,0,26,351745,Katelin Talbert,Substitute,0,0,0,-1,,,,0,0,-1,,,,2024-10-21 05:12:06
12837,716657,20062,away,0,4-2-3-1,1,0,14,311201,Anna Csiki,Substitute,0,0,0,-1,,,,0,0,-1,,,,2024-10-21 05:12:06
12837,716657,20062,away,0,4-2-3-1,1,0,2,300442,Charlotte Grant,Substitute,0,0,0,-1,,,,0,0,-1,,,,2024-10-21 05:12:06
12837,716657,20062,away,0,4-2-3-1,1,0,17,226804,Martha Thomas,Substitute,0,1,293410,9,293410.0,3780.0,63',0,0,-1,,,,2024-10-21 05:12:06
12837,716657,20062,away,0,4-2-3-1,1,0,3,323599,Ella Morris,Substitute,0,1,314494,6,314494.0,4500.0,75',0,0,-1,,,,2024-10-21 05:12:06
12837,716658,21036,home,1,4-1-4-1,1,1,1,328082,Janina Leitzig,Goalkeeper,1,0,0,-1,,,,0,0,-1,,,,2024-10-21 05:12:06
12837,716658,21036,home,1,4-1-4-1,1,1,4,219962,C.J. Bott,Right Back,2,0,0,-1,,,,0,0,-1,,,,2024-10-21 05:12:06
12837,716658,21036,home,1,4-1-4-1,1,1,2,300518,Courtney Nevin,Left Back,3,0,0,-1,,,,0,0,-1,,,,2024-10-21 05:12:06
12837,716658,21036,home,1,4-1-4-1,1,1,6,288888,Saori Takarada,Defensive Midfielder,4,0,0,-1,,,,1,317638,17,317638.0,3900.0,65',2024-10-21 05:12:06
12837,716658,21036,home,1,4-1-4-1,1,1,5,210382,Sophie Howard,Center Right Defender,5,0,0,-1,,,,0,0,-1,,,,2024-10-21 05:12:06
12837,716658,21036,home,1,4-1-4-1,1,1,22,330334,Sari Kees,Center Left Defender,6,0,0,-1,,,,0,0,-1,,,,2024-10-21 05:12:06
12837,716658,21036,home,1,4-1-4-1,1,1,28,344373,Shana Chossenotte,Right Midfielder,7,0,0,-1,,,,1,323496,21,323496.0,3900.0,65',2024-10-21 05:12:06
12837,716658,21036,home,1,4-1-4-1,1,1,3,323495,Sam Tierney,Center Right Midfielder,8,0,0,-1,,,,0,0,-1,,,,2024-10-21 05:12:06
12837,716658,21036,home,1,4-1-4-1,1,1,30,302566,Ruby Mace,Forward,9,0,0,-1,,,,1,257569,11,257569.0,3240.0,54',2024-10-21 05:12:06
12837,716658,21036,home,1,4-1-4-1,1,1,29,256223,Yuka Momiki,Center Left Midfielder,10,0,0,-1,,,,0,0,-1,,,,2024-10-21 05:12:06
12837,716658,21036,home,1,4-1-4-1,1,1,7,235714,Deanne Rose,Left Midfielder,11,0,0,-1,,,,1,304854,12,304854.0,4620.0,77',2024-10-21 05:12:06
12837,716658,21036,home,1,4-1-4-1,1,0,31,248450,Chantelle Swaby,Substitute,0,0,0,-1,,,,0,0,-1,,,,2024-10-21 05:12:06
12837,716658,21036,home,1,4-1-4-1,1,0,11,257569,Janice Cayman,Substitute,0,1,302566,30,302566.0,3240.0,54',0,0,-1,,,,2024-10-21 05:12:06
12837,716658,21036,home,1,4-1-4-1,1,0,23,264730,Lize Kop,Substitute,0,0,0,-1,,,,0,0,-1,,,,2024-10-21 05:12:06
12837,716658,21036,home,1,4-1-4-1,1,0,12,304854,Asmita Ale,Substitute,0,1,235714,7,235714.0,4620.0,77',0,0,-1,,,,2024-10-21 05:12:06
12837,716658,21036,home,1,4-1-4-1,1,0,17,317638,Julie Thibaud,Substitute,0,1,288888,6,288888.0,3900.0,65',0,0,-1,,,,2024-10-21 05:12:06
12837,716658,21036,home,1,4-1-4-1,1,0,21,323496,Hannah Cain,Substitute,0,1,344373,28,344373.0,3900.0,65',0,0,-1,,,,2024-10-21 05:12:06
12837,716658,21036,home,1,4-1-4-1,1,0,18,379853,Emilia Pelgander,Substitute,0,0,0,-1,,,,0,0,-1,,,,2024-10-21 05:12:06
12837,716658,21036,home,1,4-1-4-1,1,0,57,394496,Sammy Kaczmar,Substitute,0,0,0,-1,,,,0,0,-1,,,,2024-10-21 05:12:06
12837,716658,21036,home,1,4-1-4-1,1,0,49,394497,Ffion Bowen,Substitute,0,0,0,-1,,,,0,0,-1,,,,2024-10-21 05:12:06
12837,716658,19972,away,0,4-2-3-1,1,1,1,209174,Courtney Brosnan,Goalkeeper,1,0,0,-1,,,,0,0,-1,,,,2024-10-21 05:12:06
12837,716658,19972,away,0,4-2-3-1,1,1,17,284939,Lucy Hope,Right Back,2,0,0,-1,,,,0,0,-1,,,,2025-04-05 08:30:15
12837,716658,19972,away,0,4-2-3-1,1,1,23,287392,Sara Holmgaard,Left Back,3,0,0,-1,,,,0,0,-1,,,,2024-10-21 05:12:06
12837,716658,19972,away,0,4-2-3-1,1,1,7,300568,Clare Wheeler,Left Midfielder,4,0,0,-1,,,,0,0,-1,,,,2024-10-21 05:12:06
12837,716658,19972,away,0,4-2-3-1,1,1,8,293328,Justine Vanhaevermaet,Center Right Defender,5,0,0,-1,,,,0,0,-1,,,,2024-10-21 05:12:06
12837,716658,19972,away,0,4-2-3-1,1,1,20,312482,Megan Finnigan,Center Left Defender,6,0,0,-1,,,,0,0,-1,,,,2024-10-21 05:12:06
12837,716658,19972,away,0,4-2-3-1,1,1,19,291349,Heather Payne,Attacking Midfielder Right,7,0,0,-1,,,,1,211151,9,211151.0,2700.0,45',2024-10-21 05:12:06
12837,716658,19972,away,0,4-2-3-1,1,1,6,303336,Honoka Hayashi,Right Midfielder,8,0,0,-1,,,,0,0,-1,,,,2024-10-21 05:12:06
12837,716658,19972,away,0,4-2-3-1,1,1,25,270037,Katja Snoeijs,Forward,9,0,0,-1,,,,0,0,-1,,,,2024-10-21 05:12:06
12837,716658,19972,away,0,4-2-3-1,1,1,47,364520,Karoline Olesen,Attacking Midfielder,10,0,0,-1,,,,1,255452,14,255452.0,3780.0,63',2024-10-21 05:12:06
12837,716658,19972,away,0,4-2-3-1,1,1,21,312559,Veatriki Sarri,Attacking Midfielder Left,11,0,0,-1,,,,1,297709,11,297709.0,5160.0,86',2024-10-22 23:19:35
12837,716658,19972,away,0,4-2-3-1,1,0,9,211151,Toni Payne,Substitute,0,1,291349,19,291349.0,2700.0,45',0,0,-1,,,,2024-10-21 05:12:06
12837,716658,19972,away,0,4-2-3-1,1,0,11,297709,Emma Bissell,Substitute,0,1,312559,21,312559.0,5160.0,86',0,0,-1,,,,2024-10-22 23:19:35
12837,716658,19972,away,0,4-2-3-1,1,0,12,294254,Emily Ramsey,Substitute,0,0,0,-1,,,,0,0,-1,,,,2024-10-21 05:12:06
12837,716658,19972,away,0,4-2-3-1,1,0,42,211994,Lauren Thomas,Substitute,0,0,0,-1,,,,0,0,-1,,,,2024-10-21 05:12:06
12837,716658,19972,away,0,4-2-3-1,1,0,4,378053,Issy Hobson,Substitute,0,0,0,-1,,,,0,0,-1,,,,2025-04-05 08:30:15
12837,716658,19972,away,0,4-2-3-1,1,0,14,255452,Melissa Lawley,Substitute,0,1,364520,47,364520.0,3780.0,63',0,0,-1,,,,2024-10-21 05:12:06
12837,716658,19972,away,0,4-2-3-1,1,0,13,278276,Rylee Foster,Substitute,0,0,0,-1,,,,0,0,-1,,,,2024-10-21 05:12:06
12837,716659,19971,home,0,3-5-2,1,1,1,230835,Rachael Laws,Goalkeeper,1,0,0,-1,,,,0,0,-1,,,,2024-10-21 05:12:06
12837,716659,19971,home,0,3-5-2,1,1,2,323518,Lucy Parry,Right Midfielder,2,0,0,-1,,,,1,261669,4,261669.0,3840.0,64',2024-10-21 05:12:06
12837,716659,19971,home,0,3-5-2,1,1,12,323520,Taylor Hinds,Left Midfielder,3,0,0,-1,,,,1,305989,17,305989.0,2700.0,45',2024-10-21 05:12:06
12837,716659,19971,home,0,3-5-2,1,1,3,259312,Gemma Evans,Center Left Defender,4,0,0,-1,,,,0,0,-1,,,,2024-10-21 05:12:06
12837,716659,19971,home,0,3-5-2,1,1,6,312477,Jasmine Matthews,Center Defender,5,0,0,-1,,,,0,0,-1,,,,2024-10-21 05:12:06
12837,716659,19971,home,0,3-5-2,1,1,23,188447,Gemma Bonner,Center Right Defender,6,0,0,-1,,,,0,0,-1,,,,2024-10-21 05:12:06
12837,716659,19971,home,0,3-5-2,1,1,14,314199,Marie Hobinger,Center Right Midfielder,7,0,0,-1,,,,0,0,-1,,,,2025-04-05 08:30:15
12837,716659,19971,home,0,3-5-2,1,1,7,389652,Cornelia Kapocs,Center Left Midfielder,8,0,0,-1,,,,1,264581,18,264581.0,2700.0,45',2024-10-21 05:12:06
12837,716659,19971,home,0,3-5-2,1,1,13,325841,Mia Enderby,Center Left Forward,9,0,0,-1,,,,1,287518,9,287518.0,2700.0,45',2024-10-21 05:12:06
12837,716659,19971,home,0,3-5-2,1,1,11,279337,Olivia Smith,Center Right Forward,10,0,0,-1,,,,0,0,-1,,,,2024-10-21 05:12:06
12837,716659,19971,home,0,3-5-2,1,1,8,282995,Fuka Nagano,Attacking Midfielder,11,0,0,-1,,,,0,0,-1,,,,2024-10-21 05:12:06
12837,716659,19971,home,0,3-5-2,1,0,56,382805,Maddy Duffy,Substitute,0,0,0,-1,,,,0,0,-1,,,,2024-10-21 05:12:06
12837,716659,19971,home,0,3-5-2,1,0,34,328798,Hannah Silcock,Substitute,0,0,0,-1,,,,0,0,-1,,,,2024-10-21 05:12:06
12837,716659,19971,home,0,3-5-2,1,0,5,219050,Niamh Fahey,Substitute,0,0,0,-1,,,,0,0,-1,,,,2024-10-21 05:12:06
12837,716659,19971,home,0,3-5-2,1,0,9,287518,Leanne Kiernan,Substitute,0,1,325841,13,325841.0,2700.0,45',0,0,-1,,,,2024-10-21 05:12:06
12837,716659,19971,home,0,3-5-2,1,0,18,264581,Ceri Holland,Substitute,0,1,389652,7,389652.0,2700.0,45',0,0,-1,,,,2024-10-21 05:12:06
12837,716659,19971,home,0,3-5-2,1,0,4,261669,Grace Fisk,Substitute,0,1,323518,2,323518.0,3840.0,64',0,0,-1,,,,2024-10-21 05:12:06
12837,716659,19971,home,0,3-5-2,1,0,20,257593,Yana Daniels,Substitute,0,0,0,-1,,,,0,0,-1,,,,2024-10-21 05:12:06
12837,716659,19971,home,0,3-5-2,1,0,17,305989,Jenna Clark,Substitute,0,1,323520,12,323520.0,2700.0,45',0,0,-1,,,,2024-10-21 05:12:06
12837,716659,21037,away,0,4-2-3-1,1,1,30,224886,Shae Yanez,Goalkeeper,1,0,0,-1,,,,0,0,-1,,,,2024-10-21 05:12:06
12837,716659,21037,away,0,4-2-3-1,1,1,14,259626,Josie Green,Right Back,2,0,0,-1,,,,0,0,-1,,,,2025-04-05 08:30:15
12837,716659,21037,away,0,4-2-3-1,1,1,23,288977,Lily Woodham,Left Back,3,0,0,-1,,,,1,314575,11,314575.0,5400.0,90'+1',2024-10-21 05:12:06
12837,716659,21037,away,0,4-2-3-1,1,1,17,377622,Lexi Potter,Left Midfielder,4,0,0,-1,,,,0,0,-1,,,,2025-04-05 08:30:15
12837,716659,21037,away,0,4-2-3-1,1,1,32,325571,Brooke Aspin,Center Right Defender,5,0,0,-1,,,,1,312463,3,312463.0,3960.0,66',2024-10-21 05:12:06
12837,716659,21037,away,0,4-2-3-1,1,1,2,140056,Katrine Veje,Center Left Defender,6,0,0,-1,,,,0,0,-1,,,,2024-10-21 05:12:06
12837,716659,21037,away,0,4-2-3-1,1,1,20,300434,Indiah-Paige Riley,Attacking Midfielder Right,7,0,0,-1,,,,0,0,-1,,,,2024-10-21 05:12:06
12837,716659,21037,away,0,4-2-3-1,1,1,5,392348,My Cato,Right Midfielder,8,0,0,-1,,,,1,336368,27,336368.0,5400.0,90',2024-10-21 05:12:06
12837,716659,21037,away,0,4-2-3-1,1,1,28,290269,Katie Stengel,Forward,9,0,0,-1,,,,0,0,-1,,,,2024-10-21 05:12:06
12837,716659,21037,away,0,4-2-3-1,1,1,10,323499,Annabel Blanchard,Attacking Midfielder,10,0,0,-1,,,,0,0,-1,,,,2024-10-21 05:12:06
12837,716659,21037,away,0,4-2-3-1,1,1,22,285187,Mille Gejl,Attacking Midfielder Left,11,0,0,-1,,,,1,326907,24,326907.0,4620.0,77',2024-10-21 05:12:06
12837,716659,21037,away,0,4-2-3-1,1,0,27,336368,Abbie Larkin,Substitute,0,1,392348,5,392348.0,5400.0,90',0,0,-1,,,,2024-10-21 05:12:06
12837,716659,21037,away,0,4-2-3-1,1,0,3,312463,Felicity Gibbons,Substitute,0,1,325571,32,325571.0,3960.0,66',0,0,-1,,,,2024-10-21 05:12:06
12837,716659,21037,away,0,4-2-3-1,1,0,19,335986,Milla-Maj Majasaari,Substitute,0,0,0,-1,,,,0,0,-1,,,,2024-10-21 05:12:06
12837,716659,21037,away,0,4-2-3-1,1,0,77,328245,Isibeal Atkinson,Substitute,0,0,0,-1,,,,0,0,-1,,,,2024-10-21 05:12:06
12837,716659,21037,away,0,4-2-3-1,1,0,24,326907,Shanade Hopcroft,Substitute,0,1,285187,22,285187.0,4620.0,77',0,0,-1,,,,2024-10-21 05:12:06
12837,716659,21037,away,0,4-2-3-1,1,0,8,324879,Molly-Mae Sharpe,Substitute,0,0,0,-1,,,,0,0,-1,,,,2024-10-21 05:12:06
12837,716659,21037,away,0,4-2-3-1,1,0,11,314575,Ashleigh Weerden,Substitute,0,1,288977,23,288977.0,5400.0,90'+1',0,0,-1,,,,2024-10-21 05:12:06
12837,716659,21037,away,0,4-2-3-1,1,0,4,257534,Chloe Arthur,Substitute,0,0,0,-1,,,,0,0,-1,,,,2024-10-21 05:12:06
12837,716660,19257,home,1,4-3-3,1,1,31,223470,Ayaka Yamashita,Goalkeeper,1,0,0,-1,,,,0,0,-1,,,,2024-10-21 05:12:06
12837,716660,19257,home,1,4-3-3,1,1,18,309904,Kerstin Casparij,Right Back,2,0,0,-1,,,,0,0,-1,,,,2024-10-21 05:12:06
12837,716660,19257,home,1,4-3-3,1,1,15,249105,Leila Ouahabi,Left Back,3,0,0,-1,,,,0,0,-1,,,,2024-10-21 05:12:06
12837,716660,19257,home,1,4-3-3,1,1,25,256228,Yui Hasegawa,Center Midfielder,4,0,0,-1,,,,0,0,-1,,,,2024-10-21 05:12:06
12837,716660,19257,home,1,4-3-3,1,1,4,286338,Laia Aleixandri,Center Right Defender,5,0,0,-1,,,,0,0,-1,,,,2024-10-21 05:12:06
12837,716660,19257,home,1,4-3-3,1,1,5,204659,Alex Greenwood,Center Left Defender,6,0,0,-1,,,,0,0,-1,,,,2024-10-21 05:12:06
12837,716660,19257,home,1,4-3-3,1,1,16,296503,Jess Park,Right Midfielder,7,0,0,-1,,,,1,351355,20,351355.0,4980.0,83',2025-04-05 08:30:15
12837,716660,19257,home,1,4-3-3,1,1,10,219951,Jill Roord,Left Midfielder,8,0,0,-1,,,,0,0,-1,,,,2024-10-21 05:12:06
12837,716660,19257,home,1,4-3-3,1,1,21,261947,Khadija Shaw,Forward,9,0,0,-1,,,,0,0,-1,,,,2024-10-21 05:12:06
12837,716660,19257,home,1,4-3-3,1,1,8,276165,Mary Fowler,Right Forward,10,0,0,-1,,,,0,0,-1,,,,2024-10-21 05:12:06
12837,716660,19257,home,1,4-3-3,1,1,11,296873,Lauren Hemp,Left Forward,11,0,0,-1,,,,0,0,-1,,,,2024-10-21 05:12:06
12837,716660,19257,home,1,4-3-3,1,0,7,229456,Laura Coombs,Substitute,0,0,0,-1,,,,0,0,-1,,,,2024-10-21 05:12:06
12837,716660,19257,home,1,4-3-3,1,0,46,390468,Lily Murphy,Substitute,0,0,0,-1,,,,0,0,-1,,,,2024-10-21 05:12:06
12837,716660,19257,home,1,4-3-3,1,0,44,390465,Codie Thomas,Substitute,0,0,0,-1,,,,0,0,-1,,,,2024-10-21 05:12:06
12837,716660,19257,home,1,4-3-3,1,0,28,353342,Gracie Prior,Substitute,0,0,0,-1,,,,0,0,-1,,,,2024-10-21 05:12:06
12837,716660,19257,home,1,4-3-3,1,0,20,351355,Aoba Fujino,Substitute,0,1,296503,16,,,,0,0,-1,,,,2024-10-21 05:12:06
12837,716660,19257,home,1,4-3-3,1,0,14,219819,Alanna Kennedy,Substitute,0,0,0,-1,,,,0,0,-1,,,,2024-10-21 05:12:06
12837,716660,19257,home,1,4-3-3,1,0,19,298641,Laura Blindkilde Brown,Substitute,0,0,0,-1,,,,0,0,-1,,,,2025-04-05 08:30:15
12837,716660,19257,home,1,4-3-3,1,0,9,282993,Chloe Kelly,Substitute,0,0,0,-1,,,,0,0,-1,,,,2024-10-21 05:12:06
12837,716660,19257,home,1,4-3-3,1,0,35,314954,Khiara Keating,Substitute,0,0,0,-1,,,,0,0,-1,,,,2024-10-21 05:12:06
12837,716660,20707,away,0,4-3-3,1,1,1,209364,Sabrina D'Angelo,Goalkeeper,1,0,0,-1,,,,0,0,-1,,,,2024-10-21 05:12:06
12837,716660,20707,away,0,4-3-3,1,1,16,220024,Noelle Maritz,Right Back,2,0,0,-1,,,,1,312456,2,312456.0,5280.0,88',2024-10-21 05:12:06
12837,716660,20707,away,0,4-3-3,1,1,14,312484,Danielle Turner,Left Back,3,0,0,-1,,,,0,0,-1,,,,2024-10-21 05:12:06
12837,716660,20707,away,0,4-3-3,1,1,7,323523,Missy Bo Kearns,Center Midfielder,4,0,0,-1,,,,0,0,-1,,,,2024-10-21 05:12:06
12837,716660,20707,away,0,4-3-3,1,1,15,261804,Lucy Parker,Center Right Defender,5,0,0,-1,,,,0,0,-1,,,,2024-10-21 05:12:06
12837,716660,20707,away,0,4-3-3,1,1,4,262611,Anna Patten,Center Left Defender,6,0,0,-1,,,,0,0,-1,,,,2024-10-21 05:12:06
12837,716660,20707,away,0,4-3-3,1,1,8,178854,Jordan Nobbs,Right Midfielder,7,0,0,-1,,,,1,338756,25,338756.0,4680.0,78',2024-10-21 05:12:06
12837,716660,20707,away,0,4-3-3,1,1,20,294252,Kirsty Hanson,Left Midfielder,8,0,0,-1,,,,1,294246,17,294246.0,3900.0,65',2024-10-21 05:12:06
12837,716660,20707,away,0,4-3-3,1,1,28,257469,Gabi Nunes,Forward,9,0,0,-1,,,,1,309858,23,309858.0,3840.0,64',2024-10-21 05:12:06
12837,716660,20707,away,0,4-3-3,1,1,11,312467,Katie Robinson,Right Forward,10,0,0,-1,,,,1,219119,10,219119.0,4680.0,78',2024-10-21 05:12:06
12837,716660,20707,away,0,4-3-3,1,1,9,248769,Rachel Daly,Left Forward,11,0,0,-1,,,,0,0,-1,,,,2024-10-21 05:12:06
12837,716660,20707,away,0,4-3-3,1,0,36,361022,Ruby-Rae Tucker,Substitute,0,0,0,-1,,,,0,0,-1,,,,2024-10-21 05:12:06
12837,716660,20707,away,0,4-3-3,1,0,35,350626,Sophia Poor,Substitute,0,0,0,-1,,,,0,0,-1,,,,2024-10-21 05:12:06
12837,716660,20707,away,0,4-3-3,1,0,25,338756,Miri Taylor,Substitute,0,1,178854,8,178854.0,4680.0,78',0,0,-1,,,,2025-04-05 08:30:15
12837,716660,20707,away,0,4-3-3,1,0,23,309858,Chasity Grant,Substitute,0,1,257469,28,257469.0,3840.0,64',0,0,-1,,,,2024-10-21 05:12:06
12837,716660,20707,away,0,4-3-3,1,0,2,312456,Sarah Mayling,Substitute,0,1,220024,16,220024.0,5280.0,88',0,0,-1,,,,2024-10-21 05:12:06
12837,716660,20707,away,0,4-3-3,1,0,10,219119,Kenza Dali,Substitute,0,1,312467,11,312467.0,4680.0,78',0,0,-1,,,,2024-10-21 05:12:06
12837,716660,20707,away,0,4-3-3,1,0,17,294246,Ebony Salmon,Substitute,0,1,294252,20,294252.0,3900.0,65',0,0,-1,,,,2024-10-21 05:12:06
12837,716660,20707,away,0,4-3-3,1,0,33,312497,Mayumi Pacheco,Substitute,0,0,0,-1,,,,0,0,-1,,,,2024-10-21 05:12:06
12837,716661,19975,home,0,5-3-2,1,1,1,296372,Kinga Szemik,Goalkeeper,1,0,0,-1,,,,0,0,-1,,,,2024-10-21 05:12:06
12837,716661,19975,home,0,5-3-2,1,1,26,281682,Li Mengwen,Right Back,2,0,0,-1,,,,0,0,-1,,,,2024-10-21 05:12:06
12837,716661,19975,home,0,5-3-2,1,1,18,310225,Anouk Denton,Left Back,3,0,0,-1,,,,0,0,-1,,,,2024-10-21 05:12:06
12837,716661,19975,home,0,5-3-2,1,1,14,235712,Shelina Zadorsky,Center Left Defender,4,0,0,-1,,,,0,0,-1,,,,2024-10-21 05:12:06
12837,716661,19975,home,0,5-3-2,1,1,5,312251,Amber Tysiak,Center Defender,5,0,0,-1,,,,0,0,-1,,,,2024-10-21 05:12:06
12837,716661,19975,home,0,5-3-2,1,1,21,278192,Shannon Cooke,Center Right Defender,6,0,0,-1,,,,1,259752,10,259752.0,4860.0,81',2024-10-21 05:12:06
12837,716661,19975,home,0,5-3-2,1,1,77,330350,Seraina Piubel,Center Right Midfielder,7,0,0,-1,,,,1,298775,11,298775.0,4860.0,81',2024-10-21 05:12:06
12837,716661,19975,home,0,5-3-2,1,1,22,219825,Katrina Gorry,Center Midfielder,8,0,0,-1,,,,0,0,-1,,,,2024-10-21 05:12:06
12837,716661,19975,home,0,5-3-2,1,1,20,188069,Viviane Asseyi,Center Left Forward,9,0,0,-1,,,,1,312486,12,312486.0,4320.0,72',2024-10-21 05:12:06
12837,716661,19975,home,0,5-3-2,1,1,9,287317,Riko Ueki,Center Right Forward,10,0,0,-1,,,,0,0,-1,,,,2024-10-21 05:12:06
12837,716661,19975,home,0,5-3-2,1,1,4,349057,Oona Siren,Center Left Midfielder,11,0,0,-1,,,,0,0,-1,,,,2024-10-21 05:12:06
12837,716661,19975,home,0,5-3-2,1,0,36,373408,Soraya Walsh,Substitute,0,0,0,-1,,,,0,0,-1,,,,2024-10-21 05:12:06
12837,716661,19975,home,0,5-3-2,1,0,17,264860,Camila Sáez,Substitute,0,0,0,-1,,,,0,0,-1,,,,2024-10-21 05:12:06
12837,716661,19975,home,0,5-3-2,1,0,10,259752,Dagný Brynjarsdóttir,Substitute,0,1,278192,21,278192.0,4860.0,81',0,0,-1,,,,2025-04-05 08:30:15
12837,716661,19975,home,0,5-3-2,1,0,2,257540,Kirsty Smith,Substitute,0,0,0,-1,,,,0,0,-1,,,,2024-10-21 05:12:06
12837,716661,19975,home,0,5-3-2,1,0,11,298775,Manuela Paví,Substitute,0,1,330350,77,330350.0,4860.0,81',0,0,-1,,,,2024-10-21 05:12:06
12837,716661,19975,home,0,5-3-2,1,0,25,312461,Megan Walsh,Substitute,0,0,0,-1,,,,0,0,-1,,,,2024-10-21 05:12:06
12837,716661,19975,home,0,5-3-2,1,0,12,312486,Emma Harries,Substitute,0,1,188069,20,188069.0,4320.0,72',0,0,-1,,,,2024-10-21 05:12:06
12837,716661,19975,home,0,5-3-2,1,0,33,327979,Halle Houssein,Substitute,0,0,0,-1,,,,0,0,-1,,,,2024-10-21 05:12:06
12837,716661,19975,home,0,5-3-2,1,0,7,350638,Marika Bergman-Lundin,Substitute,0,0,0,-1,,,,0,0,-1,,,,2024-10-21 05:12:06
12837,716661,19973,away,1,4-2-3-1,1,1,14,309903,Daphne van Domselaar,Goalkeeper,1,0,0,-1,,,,0,0,-1,,,,2024-10-21 05:12:06
12837,716661,19973,away,1,4-2-3-1,1,1,2,263684,Emily Fox,Right Back,2,0,0,-1,,,,1,350679,62,350679.0,5400.0,90',2024-10-21 05:12:06
12837,716661,19973,away,1,4-2-3-1,1,1,11,219079,Katie McCabe,Left Back,3,0,0,-1,,,,0,0,-1,,,,2024-10-21 05:12:06
12837,716661,19973,away,1,4-2-3-1,1,1,13,220015,Lia Wälti,Left Midfielder,4,0,0,-1,,,,0,0,-1,,,,2024-10-21 05:12:06
12837,716661,19973,away,1,4-2-3-1,1,1,5,295638,Laia Codina,Center Right Defender,5,0,0,-1,,,,0,0,-1,,,,2024-10-21 05:12:06
12837,716661,19973,away,1,4-2-3-1,1,1,7,219822,Steph Catley,Center Left Defender,6,0,0,-1,,,,0,0,-1,,,,2024-10-21 05:12:06
12837,716661,19973,away,1,4-2-3-1,1,1,8,257473,Mariona Caldentey,Attacking Midfielder Right,7,0,0,-1,,,,0,0,-1,,,,2024-10-21 05:12:06
12837,716661,19973,away,1,4-2-3-1,1,1,10,176041,Kim Little,Right Midfielder,8,0,0,-1,,,,1,288907,32,288907.0,3540.0,59',2024-10-21 05:12:06
12837,716661,19973,away,1,4-2-3-1,1,1,23,263683,Alessia Russo,Forward,9,0,0,-1,,,,1,240274,25,240274.0,3480.0,58',2024-10-21 05:12:06
12837,716661,19973,away,1,4-2-3-1,1,1,12,259331,Frida Maanum,Attacking Midfielder,10,0,0,-1,,,,1,350636,16,350636.0,3480.0,58',2024-10-21 05:12:06
12837,716661,19973,away,1,4-2-3-1,1,1,19,158678,Caitlin Foord,Attacking Midfielder Left,11,0,0,-1,,,,1,280982,9,280982.0,3480.0,58',2024-10-21 05:12:06
12837,716661,19973,away,1,4-2-3-1,1,0,25,240274,Stina Blackstenius,Substitute,0,1,263683,23,263683.0,3480.0,58',0,0,-1,,,,2024-10-21 05:12:06
12837,716661,19973,away,1,4-2-3-1,1,0,1,252339,Manuela Zinsberger,Substitute,0,0,0,-1,,,,0,0,-1,,,,2024-10-21 05:12:06
12837,716661,19973,away,1,4-2-3-1,1,0,17,255416,Lina Hurtig,Substitute,0,0,0,-1,,,,0,0,-1,,,,2024-10-21 05:12:06
12837,716661,19973,away,1,4-2-3-1,1,0,62,350679,Katie Reid,Substitute,0,1,263684,2,263684.0,5400.0,90',0,0,-1,,,,2024-10-21 05:12:06
12837,716661,19973,away,1,4-2-3-1,1,0,16,350636,Rosa Kafaji,Substitute,0,1,259331,12,259331.0,3480.0,58',0,0,-1,,,,2025-04-05 08:30:15
12837,716661,19973,away,1,4-2-3-1,1,0,22,317573,Katherine Kühl,Substitute,0,0,0,-1,,,,0,0,-1,,,,2024-10-21 05:12:06
12837,716661,19973,away,1,4-2-3-1,1,0,32,288907,Kyra Cooney-Cross,Substitute,0,1,176041,10,176041.0,3540.0,59',0,0,-1,,,,2024-10-21 05:12:06
12837,716661,19973,away,1,4-2-3-1,1,0,9,280982,Beth Mead,Substitute,0,1,158678,19,158678.0,3480.0,58',0,0,-1,,,,2024-10-21 05:12:06
12837,716661,19973,away,1,4-2-3-1,1,0,6,268100,Leah Williamson,Substitute,0,0,0,-1,,,,0,0,-1,,,,2024-10-21 05:12:06
12837,716662,19976,home,1,3-4-2-1,1,1,32,249106,Sophie Baggaley,Goalkeeper,1,0,0,-1,,,,0,0,-1,,,,2024-11-04 22:44:58
12837,716662,19976,home,1,3-4-2-1,1,1,27,257536,Rachel McLauchlan,Right Midfielder,2,0,0,-1,,,,0,0,-1,,,,2024-11-04 22:44:58
12837,716662,19976,home,1,3-4-2-1,1,1,3,294247,Poppy Pattinson,Left Midfielder,3,0,0,-1,,,,0,0,-1,,,,2024-11-04 22:44:58
12837,716662,19976,home,1,3-4-2-1,1,1,19,309906,Marisa Olislagers,Center Left Defender,4,0,0,-1,,,,1,313706,18,313706.0,4080.0,68',2024-11-04 22:44:58
12837,716662,19976,home,1,3-4-2-1,1,1,5,213937,Guro Bergsvand,Center Defender,5,0,0,-1,,,,0,0,-1,,,,2024-11-04 22:44:58
12837,716662,19976,home,1,3-4-2-1,1,1,16,325886,Jorelyn Carabalí,Center Right Defender,6,0,0,-1,,,,0,0,-1,,,,2024-11-04 22:44:58
12837,716662,19976,home,1,3-4-2-1,1,1,14,219773,Fran Kirby,Center Right Midfielder,7,0,0,-1,,,,0,0,-1,,,,2024-11-04 22:44:58
12837,716662,19976,home,1,3-4-2-1,1,1,6,219990,Vicky Losada,Center Left Midfielder,8,0,0,-1,,,,0,0,-1,,,,2024-11-04 22:44:58
12837,716662,19976,home,1,3-4-2-1,1,1,9,246314,Nikita Parris,Forward,9,0,0,-1,,,,0,0,-1,,,,2024-11-04 22:44:58
12837,716662,19976,home,1,3-4-2-1,1,1,21,261578,Madison Haley,Center Right Forward,10,0,0,-1,,,,1,350678,59,350678.0,5160.0,86',2024-11-04 22:44:58
12837,716662,19976,home,1,3-4-2-1,1,1,20,305984,Bruna Vilamala,Center Left Forward,11,0,0,-1,,,,1,296778,11,296778.0,4080.0,68',2024-11-04 22:44:58
12837,716662,19976,home,1,3-4-2-1,1,0,2,219987,Maria Thorisdottir,Substitute,0,0,0,-1,,,,0,0,-1,,,,2024-11-04 22:44:58
12837,716662,19976,home,1,3-4-2-1,1,0,11,296778,Kiko Seike,Substitute,0,1,305984,20,305984.0,4080.0,68',0,0,-1,,,,2024-11-04 22:44:58
12837,716662,19976,home,1,3-4-2-1,1,0,18,313706,Maisie Symonds,Substitute,0,1,309906,19,309906.0,4080.0,68',0,0,-1,,,,2024-11-04 22:44:58
12837,716662,19976,home,1,3-4-2-1,1,0,23,324775,Marit Auée,Substitute,0,0,0,-1,,,,0,0,-1,,,,2024-11-04 22:44:58
12837,716662,19976,home,1,3-4-2-1,1,0,25,330549,Hannah Poulter,Substitute,0,0,0,-1,,,,0,0,-1,,,,2024-11-04 22:44:58
12837,716662,19976,home,1,3-4-2-1,1,0,7,350639,Aisha Masaka,Substitute,0,0,0,-1,,,,0,0,-1,,,,2024-11-04 22:44:58
12837,716662,19976,home,1,3-4-2-1,1,0,59,350678,Michelle Agyemang,Substitute,0,1,261578,21,261578.0,5160.0,86',0,0,-1,,,,2024-11-04 22:44:58
12837,716662,19976,home,1,3-4-2-1,1,0,28,367224,Melina Loeck,Substitute,0,0,0,-1,,,,0,0,-1,,,,2024-11-04 22:44:58
12837,716662,21036,away,0,3-4-3,1,1,1,328082,Janina Leitzig,Goalkeeper,1,0,0,-1,,,,0,0,-1,,,,2024-11-04 22:44:58
12837,716662,21036,away,0,3-4-3,1,1,12,304854,Asmita Ale,Right Midfielder,2,0,0,-1,,,,0,0,-1,,,,2024-11-04 22:44:58
12837,716662,21036,away,0,3-4-3,1,1,2,300518,Courtney Nevin,Left Midfielder,3,0,0,-1,,,,1,317638,17,317638.0,4140.0,69',2024-11-04 22:44:58
12837,716662,21036,away,0,3-4-3,1,1,22,330334,Sari Kees,Center Left Defender,4,0,0,-1,,,,0,0,-1,,,,2024-11-04 22:44:58
12837,716662,21036,away,0,3-4-3,1,1,5,210382,Sophie Howard,Center Defender,5,0,0,-1,,,,0,0,-1,,,,2024-11-04 22:44:58
12837,716662,21036,away,0,3-4-3,1,1,31,248450,Chantelle Swaby,Center Right Defender,6,0,0,-1,,,,0,0,-1,,,,2024-11-04 22:44:58
12837,716662,21036,away,0,3-4-3,1,1,3,323495,Sam Tierney,Center Right Midfielder,7,0,0,-1,,,,1,288888,6,288888.0,4140.0,69',2024-11-04 22:44:58
12837,716662,21036,away,0,3-4-3,1,1,30,302566,Ruby Mace,Center Left Midfielder,8,0,0,-1,,,,0,0,-1,,,,2024-11-04 22:44:58
12837,716662,21036,away,0,3-4-3,1,1,11,257569,Janice Cayman,Forward,9,0,0,-1,,,,1,256223,29,256223.0,3660.0,61',2024-11-04 22:44:58
12837,716662,21036,away,0,3-4-3,1,1,28,344373,Shana Chossenotte,Center Right Forward,10,0,0,-1,,,,1,323496,21,323496.0,3600.0,60',2024-11-04 22:44:58
12837,716662,21036,away,0,3-4-3,1,1,7,235714,Deanne Rose,Center Left Forward,11,0,0,-1,,,,1,294600,20,294600.0,4560.0,76',2024-11-04 22:44:58
12837,716662,21036,away,0,3-4-3,1,0,57,394496,Sammy Kaczmar,Substitute,0,0,0,-1,,,,0,0,-1,,,,2024-11-04 22:44:58
12837,716662,21036,away,0,3-4-3,1,0,18,379853,Emilia Pelgander,Substitute,0,0,0,-1,,,,0,0,-1,,,,2024-11-04 22:44:58
12837,716662,21036,away,0,3-4-3,1,0,55,393960,Poppy Groves,Substitute,0,0,0,-1,,,,0,0,-1,,,,2024-11-04 22:44:58
12837,716662,21036,away,0,3-4-3,1,0,17,317638,Julie Thibaud,Substitute,0,1,300518,2,300518.0,4140.0,69',0,0,-1,,,,2024-11-04 22:44:58
12837,716662,21036,away,0,3-4-3,1,0,20,294600,Missy Goodwin,Substitute,0,1,235714,7,235714.0,4560.0,76',0,0,-1,,,,2024-11-04 22:44:58
12837,716662,21036,away,0,3-4-3,1,0,6,288888,Saori Takarada,Substitute,0,1,323495,3,323495.0,4140.0,69',0,0,-1,,,,2024-11-04 22:44:58
12837,716662,21036,away,0,3-4-3,1,0,21,323496,Hannah Cain,Substitute,0,1,344373,28,344373.0,3600.0,60',0,0,-1,,,,2024-11-04 22:44:58
12837,716662,21036,away,0,3-4-3,1,0,23,264730,Lize Kop,Substitute,0,0,0,-1,,,,0,0,-1,,,,2024-11-04 22:44:58
12837,716662,21036,away,0,3-4-3,1,0,29,256223,Yuka Momiki,Substitute,0,1,257569,11,257569.0,3660.0,61',0,0,-1,,,,2024-11-04 22:44:58
12837,716663,20062,home,1,4-4-2,1,1,22,286883,Rebecca Spencer,Goalkeeper,1,0,0,-1,,,,0,0,-1,,,,2024-11-04 22:44:58
12837,716663,20062,home,1,4-4-2,1,1,3,323599,Ella Morris,Right Back,2,0,0,-1,,,,0,0,-1,,,,2024-11-04 22:44:58
12837,716663,20062,home,1,4-4-2,1,1,29,294265,Ashleigh Neville,Left Back,3,0,0,-1,,,,0,0,-1,,,,2024-11-04 22:44:58
12837,716663,20062,home,1,4-4-2,1,1,25,267666,Eveliina Summanen,Center Right Midfielder,4,0,0,-1,,,,1,309086,21,309086.0,4680.0,78',2024-11-04 22:44:58
12837,716663,20062,home,1,4-4-2,1,1,5,312487,Molly Bartrip,Center Right Defender,5,0,0,-1,,,,0,0,-1,,,,2024-11-04 22:44:58
12837,716663,20062,home,1,4-4-2,1,1,15,312233,Clare Hunt,Center Left Defender,6,0,0,-1,,,,0,0,-1,,,,2024-11-04 22:44:58
12837,716663,20062,home,1,4-4-2,1,1,9,293410,Bethany England,Right Midfielder,7,0,0,-1,,,,0,0,-1,,,,2025-04-05 08:30:15
12837,716663,20062,home,1,4-4-2,1,1,24,286882,Drew Spence,Center Left Midfielder,8,0,0,-1,,,,1,267679,20,267679.0,3480.0,58',2024-11-04 22:44:58
12837,716663,20062,home,1,4-4-2,1,1,7,294268,Jessica Naz,Center Left Forward,9,0,0,-1,,,,0,0,-1,,,,2024-11-04 22:44:58
12837,716663,20062,home,1,4-4-2,1,1,17,226804,Martha Thomas,Center Right Forward,10,0,0,-1,,,,0,0,-1,,,,2024-11-04 22:44:58
12837,716663,20062,home,1,4-4-2,1,1,13,349567,Matilda Vinberg,Left Midfielder,11,0,0,-1,,,,1,355373,31,355373.0,4260.0,71',2024-11-04 22:44:58
12837,716663,20062,home,1,4-4-2,1,0,20,267679,Olga Ahtinen,Substitute,0,1,286882,24,286882.0,3480.0,58',0,0,-1,,,,2024-11-04 22:44:58
12837,716663,20062,home,1,4-4-2,1,0,77,219859,Wang Shuang,Substitute,0,0,0,-1,,,,0,0,-1,,,,2024-11-04 22:44:58
12837,716663,20062,home,1,4-4-2,1,0,21,309086,Luana Bühler,Substitute,0,1,267666,25,267666.0,4680.0,78',0,0,-1,,,,2024-11-04 22:44:58
12837,716663,20062,home,1,4-4-2,1,0,27,301685,Eleanor Heeps,Substitute,0,0,0,-1,,,,0,0,-1,,,,2024-11-04 22:44:58
12837,716663,20062,home,1,4-4-2,1,0,2,300442,Charlotte Grant,Substitute,0,0,0,-1,,,,0,0,-1,,,,2024-11-04 22:44:58
12837,716663,20062,home,1,4-4-2,1,0,14,311201,Anna Csiki,Substitute,0,0,0,-1,,,,0,0,-1,,,,2024-11-04 22:44:58
12837,716663,20062,home,1,4-4-2,1,0,31,355373,Lenna Gunning-Williams,Substitute,0,1,349567,13,349567.0,4260.0,71',0,0,-1,,,,2024-11-04 22:44:58
12837,716663,20062,home,1,4-4-2,1,0,30,377621,Araya Dennis,Substitute,0,0,0,-1,,,,0,0,-1,,,,2024-11-04 22:44:58
12837,716663,19975,away,0,4-1-3-2,1,1,1,296372,Kinga Szemik,Goalkeeper,1,0,0,-1,,,,0,0,-1,,,,2024-11-04 22:44:58
12837,716663,19975,away,0,4-1-3-2,1,1,18,310225,Anouk Denton,Right Back,2,0,0,-1,,,,0,0,-1,,,,2024-11-04 22:44:58
12837,716663,19975,away,0,4-1-3-2,1,1,14,235712,Shelina Zadorsky,Left Back,3,0,0,-1,,,,0,0,-1,,,,2024-11-04 22:44:58
12837,716663,19975,away,0,4-1-3-2,1,1,11,298775,Manuela Paví,Sweeper,4,0,0,-1,,,,1,259752,10,259752.0,3780.0,63',2024-11-04 22:44:58
12837,716663,19975,away,0,4-1-3-2,1,1,5,312251,Amber Tysiak,Center Right Defender,5,0,0,-1,,,,0,0,-1,,,,2024-11-04 22:44:58
12837,716663,19975,away,0,4-1-3-2,1,1,17,264860,Camila Sáez,Center Left Defender,6,0,0,-1,,,,0,0,-1,,,,2024-11-04 22:44:58
12837,716663,19975,away,0,4-1-3-2,1,1,4,349057,Oona Siren,Right Midfielder,7,0,0,-1,,,,0,0,-1,,,,2024-11-04 22:44:58
12837,716663,19975,away,0,4-1-3-2,1,1,22,219825,Katrina Gorry,Center Midfielder,8,0,0,-1,,,,0,0,-1,,,,2024-11-04 22:44:58
12837,716663,19975,away,0,4-1-3-2,1,1,9,287317,Riko Ueki,Center Right Forward,9,0,0,-1,,,,0,0,-1,,,,2024-11-04 22:44:58
12837,716663,19975,away,0,4-1-3-2,1,1,77,330350,Seraina Piubel,Center Left Forward,10,0,0,-1,,,,0,0,-1,,,,2024-11-04 22:44:58
12837,716663,19975,away,0,4-1-3-2,1,1,20,188069,Viviane Asseyi,Left Midfielder,11,0,0,-1,,,,1,312486,12,312486.0,5040.0,84',2024-11-04 22:44:58
12837,716663,19975,away,0,4-1-3-2,1,0,33,327979,Halle Houssein,,0,0,0,-1,,,,0,0,-1,,,,2024-11-04 22:44:58
12837,716663,19975,away,0,4-1-3-2,1,0,7,350638,Marika Bergman-Lundin,,0,0,0,-1,,,,0,0,-1,,,,2024-11-04 22:44:58
12837,716663,19975,away,0,4-1-3-2,1,0,12,312486,Emma Harries,,0,1,188069,20,188069.0,5040.0,84',0,0,-1,,,,2024-11-04 22:44:58
12837,716663,19975,away,0,4-1-3-2,1,0,25,312461,Megan Walsh,,0,0,0,-1,,,,0,0,-1,,,,2024-11-04 22:44:58
12837,716663,19975,away,0,4-1-3-2,1,0,26,281682,Li Mengwen,,0,0,0,-1,,,,0,0,-1,,,,2024-11-04 22:44:58
12837,716663,19975,away,0,4-1-3-2,1,0,21,278192,Shannon Cooke,,0,0,0,-1,,,,0,0,-1,,,,2024-11-04 22:44:58
12837,716663,19975,away,0,4-1-3-2,1,0,10,259752,Dagný Brynjarsdóttir,,0,1,298775,11,298775.0,3780.0,63',0,0,-1,,,,2025-04-05 08:30:15
12837,716663,19975,away,0,4-1-3-2,1,0,2,257540,Kirsty Smith,,0,0,0,-1,,,,0,0,-1,,,,2024-11-04 22:44:58
12837,716663,19975,away,0,4-1-3-2,1,0,36,373408,Soraya Walsh,,0,0,0,-1,,,,0,0,-1,,,,2024-11-04 22:44:58
12837,716664,21037,home,0,4-2-3-1,1,1,30,224886,Shae Yanez,Goalkeeper,1,0,0,-1,,,,0,0,-1,,,,2024-11-04 22:44:58
12837,716664,21037,home,0,4-2-3-1,1,1,14,259626,Josie Green,Right Back,2,0,0,-1,,,,0,0,-1,,,,2025-04-05 08:30:15
12837,716664,21037,home,0,4-2-3-1,1,1,23,288977,Lily Woodham,Left Back,3,0,0,-1,,,,0,0,-1,,,,2024-11-04 22:44:58
12837,716664,21037,home,0,4-2-3-1,1,1,17,377622,Lexi Potter,Left Midfielder,4,0,0,-1,,,,0,0,-1,,,,2025-04-05 08:30:15
12837,716664,21037,home,0,4-2-3-1,1,1,32,325571,Brooke Aspin,Center Right Defender,5,0,0,-1,,,,0,0,-1,,,,2024-11-04 22:44:58
12837,716664,21037,home,0,4-2-3-1,1,1,3,312463,Felicity Gibbons,Center Left Defender,6,0,0,-1,,,,0,0,-1,,,,2024-11-04 22:44:58
12837,716664,21037,home,0,4-2-3-1,1,1,20,300434,Indiah-Paige Riley,Attacking Midfielder Right,7,0,0,-1,,,,1,336368,27,336368.0,3360.0,56',2024-11-04 22:44:58
12837,716664,21037,home,0,4-2-3-1,1,1,5,392348,My Cato,Right Midfielder,8,0,0,-1,,,,1,257534,4,257534.0,4740.0,79',2024-11-04 22:44:58
12837,716664,21037,home,0,4-2-3-1,1,1,28,290269,Katie Stengel,Forward,9,0,0,-1,,,,1,324879,8,324879.0,4380.0,73',2024-11-04 22:44:58
12837,716664,21037,home,0,4-2-3-1,1,1,10,323499,Annabel Blanchard,Attacking Midfielder,10,0,0,-1,,,,1,328245,77,328245.0,4740.0,79',2024-11-04 22:44:58
12837,716664,21037,home,0,4-2-3-1,1,1,24,326907,Shanade Hopcroft,Attacking Midfielder Left,11,0,0,-1,,,,1,314575,11,314575.0,2700.0,45',2024-11-04 22:44:58
12837,716664,21037,home,0,4-2-3-1,1,0,27,336368,Abbie Larkin,Substitute,0,1,300434,20,300434.0,3360.0,56',0,0,-1,,,,2024-11-04 22:44:58
12837,716664,21037,home,0,4-2-3-1,1,0,19,335986,Milla-Maj Majasaari,Substitute,0,0,0,-1,,,,0,0,-1,,,,2024-11-04 22:44:58
12837,716664,21037,home,0,4-2-3-1,1,0,77,328245,Isibeal Atkinson,Substitute,0,1,323499,10,323499.0,4740.0,79',0,0,-1,,,,2024-11-04 22:44:58
12837,716664,21037,home,0,4-2-3-1,1,0,8,324879,Molly-Mae Sharpe,Substitute,0,1,290269,28,290269.0,4380.0,73',0,0,-1,,,,2024-11-04 22:44:58
12837,716664,21037,home,0,4-2-3-1,1,0,11,314575,Ashleigh Weerden,Substitute,0,1,326907,24,326907.0,2700.0,45',0,0,-1,,,,2024-11-04 22:44:58
12837,716664,21037,home,0,4-2-3-1,1,0,4,257534,Chloe Arthur,Substitute,0,1,392348,5,392348.0,4740.0,79',0,0,-1,,,,2024-11-04 22:44:58
12837,716664,19257,away,1,4-3-3,1,1,35,314954,Khiara Keating,Goalkeeper,1,0,0,-1,,,,0,0,-1,,,,2024-11-04 22:44:58
12837,716664,19257,away,1,4-3-3,1,1,18,309904,Kerstin Casparij,Right Back,2,0,0,-1,,,,0,0,-1,,,,2024-11-04 22:44:58
12837,716664,19257,away,1,4-3-3,1,1,15,249105,Leila Ouahabi,Left Back,3,0,0,-1,,,,0,0,-1,,,,2024-11-04 22:44:58
12837,716664,19257,away,1,4-3-3,1,1,25,256228,Yui Hasegawa,Center Midfielder,4,0,0,-1,,,,0,0,-1,,,,2024-11-04 22:44:58
12837,716664,19257,away,1,4-3-3,1,1,14,219819,Alanna Kennedy,Center Right Defender,5,0,0,-1,,,,0,0,-1,,,,2024-11-04 22:44:58
12837,716664,19257,away,1,4-3-3,1,1,5,204659,Alex Greenwood,Center Left Defender,6,0,0,-1,,,,1,353342,28,353342.0,3540.0,59',2024-11-04 22:44:58
12837,716664,19257,away,1,4-3-3,1,1,16,296503,Jess Park,Right Midfielder,7,0,0,-1,,,,1,229456,7,229456.0,4380.0,73',2025-04-05 08:30:15
12837,716664,19257,away,1,4-3-3,1,1,10,219951,Jill Roord,Left Midfielder,8,0,0,-1,,,,1,298641,19,298641.0,4380.0,73',2024-11-04 22:44:58
12837,716664,19257,away,1,4-3-3,1,1,21,261947,Khadija Shaw,Forward,9,0,0,-1,,,,0,0,-1,,,,2024-11-04 22:44:58
12837,716664,19257,away,1,4-3-3,1,1,20,351355,Aoba Fujino,Right Forward,10,0,0,-1,,,,1,390468,46,390468.0,4860.0,81',2024-11-04 22:44:58
12837,716664,19257,away,1,4-3-3,1,1,11,296873,Lauren Hemp,Left Forward,11,0,0,-1,,,,1,282993,9,282993.0,3540.0,59',2024-11-04 22:44:58
12837,716664,19257,away,1,4-3-3,1,0,52,390467,Eve O'Carroll,Substitute,0,0,0,-1,,,,0,0,-1,,,,2024-11-04 22:44:58
12837,716664,19257,away,1,4-3-3,1,0,46,390468,Lily Murphy,Substitute,0,1,351355,20,351355.0,4860.0,81',0,0,-1,,,,2024-11-04 22:44:58
12837,716664,19257,away,1,4-3-3,1,0,7,229456,Laura Coombs,Substitute,0,1,296503,16,,,,0,0,-1,,,,2024-11-04 22:44:58
12837,716664,19257,away,1,4-3-3,1,0,9,282993,Chloe Kelly,Substitute,0,1,296873,11,296873.0,3540.0,59',0,0,-1,,,,2024-11-04 22:44:58
12837,716664,19257,away,1,4-3-3,1,0,40,304863,Katie Startup,Substitute,0,0,0,-1,,,,0,0,-1,,,,2024-11-04 22:44:58
12837,716664,19257,away,1,4-3-3,1,0,28,353342,Gracie Prior,Substitute,0,1,204659,5,204659.0,3540.0,59',0,0,-1,,,,2024-11-04 22:44:58
12837,716664,19257,away,1,4-3-3,1,0,44,390465,Codie Thomas,Substitute,0,0,0,-1,,,,0,0,-1,,,,2024-11-04 22:44:58
12837,716664,19257,away,1,4-3-3,1,0,19,298641,Laura Blindkilde Brown,Substitute,0,1,219951,10,219951.0,4380.0,73',0,0,-1,,,,2025-04-05 08:30:15
12837,716665,19972,home,0,4-2-3-1,1,1,1,209174,Courtney Brosnan,Goalkeeper,1,0,0,-1,,,,0,0,-1,,,,2024-11-04 22:44:58
12837,716665,19972,home,0,4-2-3-1,1,1,17,284939,Lucy Hope,Right Back,2,0,0,-1,,,,0,0,-1,,,,2025-04-05 08:30:15
12837,716665,19972,home,0,4-2-3-1,1,1,21,312559,Veatriki Sarri,Left Back,3,0,0,-1,,,,1,211994,42,211994.0,5400.0,90'+4',2024-11-04 22:44:58
12837,716665,19972,home,0,4-2-3-1,1,1,6,303336,Honoka Hayashi,Left Midfielder,4,0,0,-1,,,,0,0,-1,,,,2024-11-04 22:44:58
12837,716665,19972,home,0,4-2-3-1,1,1,4,378053,Issy Hobson,Center Right Defender,5,0,0,-1,,,,1,300568,7,300568.0,2700.0,45',2025-04-05 08:30:15
12837,716665,19972,home,0,4-2-3-1,1,1,20,312482,Megan Finnigan,Center Left Defender,6,0,0,-1,,,,0,0,-1,,,,2024-11-04 22:44:58
12837,716665,19972,home,0,4-2-3-1,1,1,9,211151,Toni Payne,Attacking Midfielder Right,7,0,0,-1,,,,1,297709,11,297709.0,2700.0,45',2024-11-04 22:44:58
12837,716665,19972,home,0,4-2-3-1,1,1,8,293328,Justine Vanhaevermaet,Right Midfielder,8,0,0,-1,,,,0,0,-1,,,,2024-11-04 22:44:58
12837,716665,19972,home,0,4-2-3-1,1,1,25,270037,Katja Snoeijs,Forward,9,0,0,-1,,,,1,255452,14,255452.0,3720.0,62',2024-11-04 22:44:58
12837,716665,19972,home,0,4-2-3-1,1,1,47,364520,Karoline Olesen,Attacking Midfielder,10,0,0,-1,,,,0,0,-1,,,,2024-11-04 22:44:58
12837,716665,19972,home,0,4-2-3-1,1,1,19,291349,Heather Payne,Attacking Midfielder Left,11,0,0,-1,,,,0,0,-1,,,,2024-11-04 22:44:58
12837,716665,19972,home,0,4-2-3-1,1,0,40,384158,Ellie Jones,Substitute,0,0,0,-1,,,,0,0,-1,,,,2024-11-04 22:44:58
12837,716665,19972,home,0,4-2-3-1,1,0,12,294254,Emily Ramsey,Substitute,0,0,0,-1,,,,0,0,-1,,,,2024-11-04 22:44:58
12837,716665,19972,home,0,4-2-3-1,1,0,13,278276,Rylee Foster,Substitute,0,0,0,-1,,,,0,0,-1,,,,2024-11-04 22:44:58
12837,716665,19972,home,0,4-2-3-1,1,0,14,255452,Melissa Lawley,Substitute,0,1,270037,25,270037.0,3720.0,62',0,0,-1,,,,2024-11-04 22:44:58
12837,716665,19972,home,0,4-2-3-1,1,0,38,378052,Macy Settle,Substitute,0,0,0,-1,,,,0,0,-1,,,,2024-11-04 22:44:58
12837,716665,19972,home,0,4-2-3-1,1,0,42,211994,Lauren Thomas,Substitute,0,1,312559,21,312559.0,5400.0,90'+4',0,0,-1,,,,2024-11-04 22:44:58
12837,716665,19972,home,0,4-2-3-1,1,0,7,300568,Clare Wheeler,Substitute,0,1,378053,4,378053.0,2700.0,45',0,0,-1,,,,2024-11-04 22:44:58
12837,716665,19972,home,0,4-2-3-1,1,0,11,297709,Emma Bissell,Substitute,0,1,211151,9,211151.0,2700.0,45',0,0,-1,,,,2024-11-04 22:44:58
12837,716665,19970,away,1,4-1-4-1,1,1,24,312460,Hannah Hampton,Goalkeeper,1,0,0,-1,,,,0,0,-1,,,,2024-11-04 22:44:58
12837,716665,19970,away,1,4-1-4-1,1,1,12,119954,Ashley Lawrence,Right Back,2,0,0,-1,,,,0,0,-1,,,,2024-11-04 22:44:58
12837,716665,19970,away,1,4-1-4-1,1,1,17,295673,Sandy Baltimore,Left Back,3,0,0,-1,,,,0,0,-1,,,,2024-11-04 22:44:58
12837,716665,19970,away,1,4-1-4-1,1,1,6,314382,Sjoeke Nüsken,Defensive Midfielder,4,0,0,-1,,,,1,255181,14,255181.0,3900.0,65',2024-11-04 22:44:58
12837,716665,19970,away,1,4-1-4-1,1,1,26,209937,Kadeisha Buchanan,Center Right Defender,5,0,0,-1,,,,0,0,-1,,,,2024-11-04 22:44:58
12837,716665,19970,away,1,4-1-4-1,1,1,4,248770,Millie Bright,Center Left Defender,6,0,0,-1,,,,0,0,-1,,,,2024-11-04 22:44:58
12837,716665,19970,away,1,4-1-4-1,1,1,19,264735,Johanna Rytting Kaneryd,Right Midfielder,7,0,0,-1,,,,1,248834,15,248834.0,3840.0,64',2025-04-05 08:30:15
12837,716665,19970,away,1,4-1-4-1,1,1,23,351356,Maika Hamano,Center Right Midfielder,8,0,0,-1,,,,1,315453,18,315453.0,2700.0,45',2024-11-04 22:44:58
12837,716665,19970,away,1,4-1-4-1,1,1,33,313088,Aggie Beever-Jones,Forward,9,0,0,-1,,,,1,347124,25,347124.0,4680.0,78',2024-11-04 22:44:58
12837,716665,19970,away,1,4-1-4-1,1,1,8,257545,Erin Cuthbert,Center Left Midfielder,10,0,0,-1,,,,1,317637,27,317637.0,3900.0,65',2024-11-04 22:44:58
12837,716665,19970,away,1,4-1-4-1,1,1,11,257483,Guro Reiten,Left Midfielder,11,0,0,-1,,,,0,0,-1,,,,2024-11-04 22:44:58
12837,716665,19970,away,1,4-1-4-1,1,0,1,255417,Zecira Musovic,Substitute,0,0,0,-1,,,,0,0,-1,,,,2024-11-04 22:44:58
12837,716665,19970,away,1,4-1-4-1,1,0,25,347124,Maelys Mpomé,Substitute,0,1,313088,33,313088.0,4680.0,78',0,0,-1,,,,2024-11-04 22:44:58
12837,716665,19970,away,1,4-1-4-1,1,0,15,248834,Ève Périsset,Substitute,0,1,264735,19,264735.0,3840.0,64',0,0,-1,,,,2024-11-04 22:44:58
12837,716665,19970,away,1,4-1-4-1,1,0,14,255181,Nathalie Björn,Substitute,0,1,314382,6,314382.0,3900.0,65',0,0,-1,,,,2024-11-04 22:44:58
12837,716665,19970,away,1,4-1-4-1,1,0,16,338551,Julia Bartel,Substitute,0,0,0,-1,,,,0,0,-1,,,,2024-11-04 22:44:58
12837,716665,19970,away,1,4-1-4-1,1,0,27,317637,Oriane Jean-François,Substitute,0,1,257545,8,257545.0,3900.0,65',0,0,-1,,,,2024-11-04 22:44:58
12837,716665,19970,away,1,4-1-4-1,1,0,18,315453,Wieke Kaptein,Substitute,0,1,351356,23,351356.0,2700.0,45',0,0,-1,,,,2024-11-04 22:44:58
12837,716665,19970,away,1,4-1-4-1,1,0,29,311207,Alejandra Bernabe,Substitute,0,0,0,-1,,,,0,0,-1,,,,2024-11-04 22:44:58
12837,716665,19970,away,1,4-1-4-1,1,0,7,288680,Mayra Ramírez,Substitute,0,0,0,-1,,,,0,0,-1,,,,2024-11-04 22:44:58
12837,716666,20061,home,0,4-2-3-1,1,1,91,208938,Phallon Tullis-Joyce,Goalkeeper,1,0,0,-1,,,,0,0,-1,,,,2024-11-04 22:44:58
12837,716666,20061,home,0,4-2-3-1,1,1,5,293411,Aoife Mannion,Right Back,2,0,0,-1,,,,1,267765,14,267765.0,3660.0,61',2024-11-04 22:44:58
12837,716666,20061,home,0,4-2-3-1,1,1,3,268536,Gabby George,Left Back,3,0,0,-1,,,,0,0,-1,,,,2025-04-05 08:30:15
12837,716666,20061,home,0,4-2-3-1,1,1,17,219947,Dominique Janssen,Left Midfielder,4,0,0,-1,,,,0,0,-1,,,,2024-11-04 22:44:58
12837,716666,20061,home,0,4-2-3-1,1,1,4,312462,Maya Le Tissier,Center Right Defender,5,0,0,-1,,,,0,0,-1,,,,2024-11-04 22:44:58
12837,716666,20061,home,0,4-2-3-1,1,1,21,294257,Millie Turner,Center Left Defender,6,0,0,-1,,,,0,0,-1,,,,2024-11-04 22:44:58
12837,716666,20061,home,0,4-2-3-1,1,1,15,328108,Celin Bizet,Attacking Midfielder Right,7,0,0,-1,,,,1,134423,28,134423.0,4620.0,77',2025-04-05 08:30:15
12837,716666,20061,home,0,4-2-3-1,1,1,16,268103,Lisa Naalsund,Right Midfielder,8,0,0,-1,,,,1,349220,13,349220.0,2700.0,45',2024-11-04 22:44:58
12837,716666,20061,home,0,4-2-3-1,1,1,19,298669,Elisabeth Terland,Forward,9,0,0,-1,,,,1,268325,23,268325.0,4620.0,77',2024-11-04 22:44:58
12837,716666,20061,home,0,4-2-3-1,1,1,7,294255,Ella Toone,Attacking Midfielder,10,0,0,-1,,,,1,295670,9,295670.0,3660.0,61',2024-11-04 22:44:58
12837,716666,20061,home,0,4-2-3-1,1,1,8,306883,Grace Clinton,Attacking Midfielder Left,11,0,0,-1,,,,0,0,-1,,,,2024-11-04 22:44:58
12837,716666,20061,home,0,4-2-3-1,1,0,13,349220,Simi Awujo,Substitute,0,1,268103,16,268103.0,2700.0,45',0,0,-1,,,,2024-11-04 22:44:58
12837,716666,20061,home,0,4-2-3-1,1,0,20,283107,Hinata Miyazawa,Substitute,0,0,0,-1,,,,0,0,-1,,,,2024-11-04 22:44:58
12837,716666,20061,home,0,4-2-3-1,1,0,23,268325,Geyse,Substitute,0,1,298669,19,298669.0,4620.0,77',0,0,-1,,,,2024-11-19 18:36:56
12837,716666,20061,home,0,4-2-3-1,1,0,14,267765,Jayde Riviere,Substitute,0,1,293411,5,293411.0,3660.0,61',0,0,-1,,,,2024-11-04 22:44:58
12837,716666,20061,home,0,4-2-3-1,1,0,12,259315,Hayley Ladd,Substitute,0,0,0,-1,,,,0,0,-1,,,,2025-04-05 08:30:15
12837,716666,20061,home,0,4-2-3-1,1,0,28,134423,Rachel Williams,Substitute,0,1,328108,15,,,,0,0,-1,,,,2024-11-04 22:44:58
12837,716666,20061,home,0,4-2-3-1,1,0,9,295670,Melvine Malard,Substitute,0,1,294255,7,294255.0,3660.0,61',0,0,-1,,,,2024-11-04 22:44:58
12837,716666,20061,home,0,4-2-3-1,1,0,39,332051,Safia Middleton-Patel,Substitute,0,0,0,-1,,,,0,0,-1,,,,2024-11-04 22:44:58
12837,716666,20061,home,0,4-2-3-1,1,0,34,361722,Emma Watson,Substitute,0,0,0,-1,,,,0,0,-1,,,,2024-11-04 22:44:58
12837,716666,19973,away,0,4-2-3-1,1,1,14,309903,Daphne van Domselaar,Goalkeeper,1,0,0,-1,,,,0,0,-1,,,,2024-11-04 22:44:58
12837,716666,19973,away,0,4-2-3-1,1,1,2,263684,Emily Fox,Right Back,2,0,0,-1,,,,0,0,-1,,,,2024-11-04 22:44:58
12837,716666,19973,away,0,4-2-3-1,1,1,11,219079,Katie McCabe,Left Back,3,0,0,-1,,,,0,0,-1,,,,2024-11-04 22:44:58
12837,716666,19973,away,0,4-2-3-1,1,1,10,176041,Kim Little,Left Midfielder,4,0,0,-1,,,,1,288907,32,288907.0,5220.0,87',2024-11-04 22:44:58
12837,716666,19973,away,0,4-2-3-1,1,1,6,268100,Leah Williamson,Center Right Defender,5,0,0,-1,,,,0,0,-1,,,,2024-11-04 22:44:58
12837,716666,19973,away,0,4-2-3-1,1,1,7,219822,Steph Catley,Center Left Defender,6,0,0,-1,,,,0,0,-1,,,,2024-11-04 22:44:58
12837,716666,19973,away,0,4-2-3-1,1,1,19,158678,Caitlin Foord,Attacking Midfielder Right,7,0,0,-1,,,,1,255416,17,255416.0,5220.0,87',2024-11-04 22:44:58
12837,716666,19973,away,0,4-2-3-1,1,1,13,220015,Lia Wälti,Right Midfielder,8,0,0,-1,,,,0,0,-1,,,,2024-11-04 22:44:58
12837,716666,19973,away,0,4-2-3-1,1,1,23,263683,Alessia Russo,Forward,9,0,0,-1,,,,1,240274,25,240274.0,4680.0,78',2024-11-04 22:44:58
12837,716666,19973,away,0,4-2-3-1,1,1,12,259331,Frida Maanum,Attacking Midfielder,10,0,0,-1,,,,1,280982,9,280982.0,2700.0,45',2024-11-04 22:44:58
12837,716666,19973,away,0,4-2-3-1,1,1,8,257473,Mariona Caldentey,Attacking Midfielder Left,11,0,0,-1,,,,1,350636,16,350636.0,5220.0,87',2024-11-04 22:44:58
12837,716666,19973,away,0,4-2-3-1,1,0,9,280982,Beth Mead,Substitute,0,1,259331,12,259331.0,2700.0,45',0,0,-1,,,,2024-11-04 22:44:58
12837,716666,19973,away,0,4-2-3-1,1,0,16,350636,Rosa Kafaji,Substitute,0,1,257473,8,257473.0,5220.0,87',0,0,-1,,,,2025-04-05 08:30:15
12837,716666,19973,away,0,4-2-3-1,1,0,22,317573,Katherine Kühl,Substitute,0,0,0,-1,,,,0,0,-1,,,,2024-11-04 22:44:58
12837,716666,19973,away,0,4-2-3-1,1,0,5,295638,Laia Codina,Substitute,0,0,0,-1,,,,0,0,-1,,,,2024-11-04 22:44:58
12837,716666,19973,away,0,4-2-3-1,1,0,32,288907,Kyra Cooney-Cross,Substitute,0,1,176041,10,176041.0,5220.0,87',0,0,-1,,,,2024-11-04 22:44:58
12837,716666,19973,away,0,4-2-3-1,1,0,17,255416,Lina Hurtig,Substitute,0,1,158678,19,158678.0,5220.0,87',0,0,-1,,,,2024-11-04 22:44:58
12837,716666,19973,away,0,4-2-3-1,1,0,1,252339,Manuela Zinsberger,Substitute,0,0,0,-1,,,,0,0,-1,,,,2024-11-04 22:44:58
12837,716666,19973,away,0,4-2-3-1,1,0,62,350679,Katie Reid,Substitute,0,0,0,-1,,,,0,0,-1,,,,2024-11-04 22:44:58
12837,716666,19973,away,0,4-2-3-1,1,0,25,240274,Stina Blackstenius,Substitute,0,1,263683,23,263683.0,4680.0,78',0,0,-1,,,,2024-11-04 22:44:58
12837,716667,20707,home,0,3-4-3,1,1,1,209364,Sabrina D'Angelo,Goalkeeper,1,0,0,-1,,,,0,0,-1,,,,2024-11-04 22:44:58
12837,716667,20707,home,0,3-4-3,1,1,11,312467,Katie Robinson,Right Midfielder,2,0,0,-1,,,,1,312456,2,312456.0,2700.0,45',2024-11-04 22:44:58
12837,716667,20707,home,0,3-4-3,1,1,20,294252,Kirsty Hanson,Left Midfielder,3,0,0,-1,,,,1,219119,10,219119.0,4920.0,82',2024-11-04 22:44:58
12837,716667,20707,home,0,3-4-3,1,1,14,312484,Danielle Turner,Center Left Defender,4,0,0,-1,,,,0,0,-1,,,,2024-11-04 22:44:58
12837,716667,20707,home,0,3-4-3,1,1,4,262611,Anna Patten,Center Defender,5,0,0,-1,,,,0,0,-1,,,,2024-11-04 22:44:58
12837,716667,20707,home,0,3-4-3,1,1,15,261804,Lucy Parker,Center Right Defender,6,0,0,-1,,,,0,0,-1,,,,2024-11-04 22:44:58
12837,716667,20707,home,0,3-4-3,1,1,8,178854,Jordan Nobbs,Center Right Midfielder,7,0,0,-1,,,,1,280984,5,280984.0,2700.0,45',2024-11-04 22:44:58
12837,716667,20707,home,0,3-4-3,1,1,7,323523,Missy Bo Kearns,Center Left Midfielder,8,0,0,-1,,,,1,338756,25,338756.0,2700.0,45',2024-11-04 22:44:58
12837,716667,20707,home,0,3-4-3,1,1,28,257469,Gabi Nunes,Forward,9,0,0,-1,,,,0,0,-1,,,,2024-11-04 22:44:58
12837,716667,20707,home,0,3-4-3,1,1,9,248769,Rachel Daly,Center Right Forward,10,0,0,-1,,,,0,0,-1,,,,2024-11-04 22:44:58
12837,716667,20707,home,0,3-4-3,1,1,19,219769,Adriana Leon,Center Left Forward,11,0,0,-1,,,,1,309858,23,309858.0,4920.0,82',2024-11-04 22:44:58
12837,716667,20707,home,0,3-4-3,1,0,35,350626,Sophia Poor,Substitute,0,0,0,-1,,,,0,0,-1,,,,2024-11-04 22:44:58
12837,716667,20707,home,0,3-4-3,1,0,5,280984,Lucy Staniforth,Substitute,0,1,178854,8,178854.0,2700.0,45',0,0,-1,,,,2024-11-04 22:44:58
12837,716667,20707,home,0,3-4-3,1,0,16,220024,Noelle Maritz,Substitute,0,0,0,-1,,,,0,0,-1,,,,2024-11-04 22:44:58
12837,716667,20707,home,0,3-4-3,1,0,10,219119,Kenza Dali,Substitute,0,1,294252,20,294252.0,4920.0,82',0,0,-1,,,,2024-11-04 22:44:58
12837,716667,20707,home,0,3-4-3,1,0,17,294246,Ebony Salmon,Substitute,0,0,0,-1,,,,0,0,-1,,,,2024-11-04 22:44:58
12837,716667,20707,home,0,3-4-3,1,0,23,309858,Chasity Grant,Substitute,0,1,219769,19,219769.0,4920.0,82',0,0,-1,,,,2024-11-04 22:44:58
12837,716667,20707,home,0,3-4-3,1,0,2,312456,Sarah Mayling,Substitute,0,1,312467,11,312467.0,2700.0,45',0,0,-1,,,,2024-11-04 22:44:58
12837,716667,20707,home,0,3-4-3,1,0,36,361022,Ruby-Rae Tucker,Substitute,0,0,0,-1,,,,0,0,-1,,,,2024-11-04 22:44:58
12837,716667,20707,home,0,3-4-3,1,0,25,338756,Miri Taylor,Substitute,0,1,323523,7,323523.0,2700.0,45',0,0,-1,,,,2025-04-05 08:30:15
12837,716667,19971,away,1,3-5-2,1,1,1,230835,Rachael Laws,Goalkeeper,1,0,0,-1,,,,0,0,-1,,,,2024-11-04 22:44:58
12837,716667,19971,away,1,3-5-2,1,1,4,261669,Grace Fisk,Right Midfielder,2,0,0,-1,,,,1,323518,2,323518.0,4140.0,69',2024-11-04 22:44:58
12837,716667,19971,away,1,3-5-2,1,1,12,323520,Taylor Hinds,Left Midfielder,3,0,0,-1,,,,0,0,-1,,,,2024-11-04 22:44:58
12837,716667,19971,away,1,3-5-2,1,1,6,312477,Jasmine Matthews,Center Left Defender,4,0,0,-1,,,,1,328798,34,328798.0,4800.0,80',2024-11-04 22:44:58
12837,716667,19971,away,1,3-5-2,1,1,23,188447,Gemma Bonner,Center Defender,5,0,0,-1,,,,0,0,-1,,,,2024-11-04 22:44:58
12837,716667,19971,away,1,3-5-2,1,1,17,305989,Jenna Clark,Center Right Defender,6,0,0,-1,,,,0,0,-1,,,,2024-11-04 22:44:58
12837,716667,19971,away,1,3-5-2,1,1,14,314199,Marie Hobinger,Center Right Midfielder,7,0,0,-1,,,,0,0,-1,,,,2025-04-05 08:30:15
12837,716667,19971,away,1,3-5-2,1,1,18,264581,Ceri Holland,Center Left Midfielder,8,0,0,-1,,,,0,0,-1,,,,2024-11-04 22:44:58
12837,716667,19971,away,1,3-5-2,1,1,11,279337,Olivia Smith,Center Left Forward,9,0,0,-1,,,,1,325841,13,325841.0,4800.0,80',2024-11-04 22:44:58
12837,716667,19971,away,1,3-5-2,1,1,9,287518,Leanne Kiernan,Center Right Forward,10,0,0,-1,,,,1,389652,7,389652.0,4140.0,69',2024-11-04 22:44:58
12837,716667,19971,away,1,3-5-2,1,1,8,282995,Fuka Nagano,Attacking Midfielder,11,0,0,-1,,,,1,259312,3,259312.0,3300.0,55',2024-11-04 22:44:58
12837,716667,19971,away,1,3-5-2,1,0,34,328798,Hannah Silcock,Substitute,0,1,312477,6,312477.0,4800.0,80',0,0,-1,,,,2024-11-04 22:44:58
12837,716667,19971,away,1,3-5-2,1,0,13,325841,Mia Enderby,Substitute,0,1,279337,11,279337.0,4800.0,80',0,0,-1,,,,2024-11-04 22:44:58
12837,716667,19971,away,1,3-5-2,1,0,2,323518,Lucy Parry,Substitute,0,1,261669,4,261669.0,4140.0,69',0,0,-1,,,,2024-11-04 22:44:58
12837,716667,19971,away,1,3-5-2,1,0,3,259312,Gemma Evans,Substitute,0,1,282995,8,282995.0,3300.0,55',0,0,-1,,,,2024-11-04 22:44:58
12837,716667,19971,away,1,3-5-2,1,0,20,257593,Yana Daniels,Substitute,0,0,0,-1,,,,0,0,-1,,,,2024-11-04 22:44:58
12837,716667,19971,away,1,3-5-2,1,0,16,243031,Teagan Micah,Substitute,0,0,0,-1,,,,0,0,-1,,,,2024-11-04 22:44:58
12837,716667,19971,away,1,3-5-2,1,0,5,219050,Niamh Fahey,Substitute,0,0,0,-1,,,,0,0,-1,,,,2024-11-04 22:44:58
12837,716667,19971,away,1,3-5-2,1,0,7,389652,Cornelia Kapocs,Substitute,0,1,287518,9,287518.0,4140.0,69',0,0,-1,,,,2024-11-04 22:44:58
12837,716668,19975,home,1,4-1-3-2,1,1,1,296372,Kinga Szemik,Goalkeeper,1,0,0,-1,,,,0,0,-1,,,,2024-11-11 06:17:44
12837,716668,19975,home,1,4-1-3-2,1,1,26,281682,Li Mengwen,Right Back,2,0,0,-1,,,,0,0,-1,,,,2024-11-11 06:17:44
12837,716668,19975,home,1,4-1-3-2,1,1,18,310225,Anouk Denton,Left Back,3,0,0,-1,,,,1,259752,10,259752.0,5340.0,89',2024-11-11 06:17:44
12837,716668,19975,home,1,4-1-3-2,1,1,22,219825,Katrina Gorry,Sweeper,4,0,0,-1,,,,0,0,-1,,,,2024-11-11 06:17:44
12837,716668,19975,home,1,4-1-3-2,1,1,5,312251,Amber Tysiak,Center Right Defender,5,0,0,-1,,,,0,0,-1,,,,2024-11-11 06:17:44
12837,716668,19975,home,1,4-1-3-2,1,1,14,235712,Shelina Zadorsky,Center Left Defender,6,0,0,-1,,,,0,0,-1,,,,2024-11-11 06:17:44
12837,716668,19975,home,1,4-1-3-2,1,1,11,298775,Manuela Paví,Right Midfielder,7,0,0,-1,,,,1,257540,2,257540.0,4800.0,80',2024-11-11 06:17:44
12837,716668,19975,home,1,4-1-3-2,1,1,4,349057,Oona Siren,Center Midfielder,8,0,0,-1,,,,0,0,-1,,,,2024-11-11 06:17:44
12837,716668,19975,home,1,4-1-3-2,1,1,9,287317,Riko Ueki,Center Right Forward,9,0,0,-1,,,,0,0,-1,,,,2024-11-11 06:17:44
12837,716668,19975,home,1,4-1-3-2,1,1,77,330350,Seraina Piubel,Center Left Forward,10,0,0,-1,,,,0,0,-1,,,,2024-11-11 06:17:44
12837,716668,19975,home,1,4-1-3-2,1,1,20,188069,Viviane Asseyi,Left Midfielder,11,0,0,-1,,,,0,0,-1,,,,2024-11-11 06:17:44
12837,716668,19975,home,1,4-1-3-2,1,0,33,327979,Halle Houssein,,0,0,0,-1,,,,0,0,-1,,,,2024-11-11 06:17:44
12837,716668,19975,home,1,4-1-3-2,1,0,36,373408,Soraya Walsh,,0,0,0,-1,,,,0,0,-1,,,,2024-11-11 06:17:44
12837,716668,19975,home,1,4-1-3-2,1,0,7,350638,Marika Bergman-Lundin,,0,0,0,-1,,,,0,0,-1,,,,2024-11-11 06:17:44
12837,716668,19975,home,1,4-1-3-2,1,0,12,312486,Emma Harries,,0,0,0,-1,,,,0,0,-1,,,,2024-11-11 06:17:44
12837,716668,19975,home,1,4-1-3-2,1,0,25,312461,Megan Walsh,,0,0,0,-1,,,,0,0,-1,,,,2024-11-11 06:17:44
12837,716668,19975,home,1,4-1-3-2,1,0,21,278192,Shannon Cooke,,0,0,0,-1,,,,0,0,-1,,,,2024-11-11 06:17:44
12837,716668,19975,home,1,4-1-3-2,1,0,17,264860,Camila Sáez,,0,0,0,-1,,,,0,0,-1,,,,2024-11-11 06:17:44
12837,716668,19975,home,1,4-1-3-2,1,0,10,259752,Dagný Brynjarsdóttir,,0,1,310225,18,310225.0,5340.0,89',0,0,-1,,,,2025-04-05 08:30:15
12837,716668,19975,home,1,4-1-3-2,1,0,2,257540,Kirsty Smith,,0,1,298775,11,298775.0,4800.0,80',0,0,-1,,,,2024-11-11 06:17:44
12837,716668,21036,away,0,4-2-3-1,1,1,1,328082,Janina Leitzig,Goalkeeper,1,0,0,-1,,,,0,0,-1,,,,2024-11-10 16:34:15
12837,716668,21036,away,0,4-2-3-1,1,1,12,304854,Asmita Ale,Right Back,2,0,0,-1,,,,1,219962,4,219962.0,4560.0,76',2024-11-11 06:17:44
12837,716668,21036,away,0,4-2-3-1,1,1,2,300518,Courtney Nevin,Left Back,3,0,0,-1,,,,0,0,-1,,,,2024-11-10 16:34:15
12837,716668,21036,away,0,4-2-3-1,1,1,30,302566,Ruby Mace,Left Midfielder,4,0,0,-1,,,,0,0,-1,,,,2024-11-10 16:34:15
12837,716668,21036,away,0,4-2-3-1,1,1,5,210382,Sophie Howard,Center Right Defender,5,0,0,-1,,,,0,0,-1,,,,2024-11-10 16:34:15
12837,716668,21036,away,0,4-2-3-1,1,1,22,330334,Sari Kees,Center Left Defender,6,0,0,-1,,,,0,0,-1,,,,2024-11-10 16:34:15
12837,716668,21036,away,0,4-2-3-1,1,1,21,323496,Hannah Cain,Attacking Midfielder Right,7,0,0,-1,,,,1,235714,7,235714.0,3960.0,66',2024-11-11 06:17:44
12837,716668,21036,away,0,4-2-3-1,1,1,29,256223,Yuka Momiki,Right Midfielder,8,0,0,-1,,,,0,0,-1,,,,2024-11-10 16:34:15
12837,716668,21036,away,0,4-2-3-1,1,1,11,257569,Janice Cayman,Forward,9,0,0,-1,,,,1,288888,6,288888.0,3960.0,66',2024-11-11 06:17:44
12837,716668,21036,away,0,4-2-3-1,1,1,28,344373,Shana Chossenotte,Attacking Midfielder,10,0,0,-1,,,,0,0,-1,,,,2024-11-10 16:34:15
12837,716668,21036,away,0,4-2-3-1,1,1,20,294600,Missy Goodwin,Attacking Midfielder Left,11,0,0,-1,,,,1,317638,17,317638.0,5340.0,89',2024-11-11 06:17:44
12837,716668,21036,away,0,4-2-3-1,1,0,6,288888,Saori Takarada,Substitute,0,1,257569,11,257569.0,3960.0,66',0,0,-1,,,,2024-11-11 06:17:44
12837,716668,21036,away,0,4-2-3-1,1,0,17,317638,Julie Thibaud,Substitute,0,1,294600,20,294600.0,5340.0,89',0,0,-1,,,,2024-11-11 06:17:44
12837,716668,21036,away,0,4-2-3-1,1,0,31,248450,Chantelle Swaby,Substitute,0,0,0,-1,,,,0,0,-1,,,,2024-11-10 16:34:15
12837,716668,21036,away,0,4-2-3-1,1,0,7,235714,Deanne Rose,Substitute,0,1,323496,21,323496.0,3960.0,66',0,0,-1,,,,2024-11-11 06:17:44
12837,716668,21036,away,0,4-2-3-1,1,0,4,219962,C.J. Bott,Substitute,0,1,304854,12,304854.0,4560.0,76',0,0,-1,,,,2024-11-11 06:17:44
12837,716668,21036,away,0,4-2-3-1,1,0,47,376668,Simone Sherwood,Substitute,0,0,0,-1,,,,0,0,-1,,,,2024-11-10 16:34:15
12837,716668,21036,away,0,4-2-3-1,1,0,39,377631,Rebekah Dowsett,Substitute,0,0,0,-1,,,,0,0,-1,,,,2024-11-10 16:34:15
12837,716668,21036,away,0,4-2-3-1,1,0,18,379853,Emilia Pelgander,Substitute,0,0,0,-1,,,,0,0,-1,,,,2024-11-10 16:34:15
12837,716668,21036,away,0,4-2-3-1,1,0,55,393960,Poppy Groves,Substitute,0,0,0,-1,,,,0,0,-1,,,,2024-11-10 16:34:15
12837,716669,19257,home,1,4-1-4-1,1,1,35,314954,Khiara Keating,Goalkeeper,1,0,0,-1,,,,0,0,-1,,,,2024-11-09 06:15:35
12837,716669,19257,home,1,4-1-4-1,1,1,18,309904,Kerstin Casparij,Right Back,2,0,0,-1,,,,0,0,-1,,,,2024-11-09 06:15:35
12837,716669,19257,home,1,4-1-4-1,1,1,15,249105,Leila Ouahabi,Left Back,3,0,0,-1,,,,0,0,-1,,,,2024-11-09 06:15:35
12837,716669,19257,home,1,4-1-4-1,1,1,25,256228,Yui Hasegawa,Defensive Midfielder,4,0,0,-1,,,,0,0,-1,,,,2024-11-09 06:15:35
12837,716669,19257,home,1,4-1-4-1,1,1,14,219819,Alanna Kennedy,Center Right Defender,5,0,0,-1,,,,0,0,-1,,,,2024-11-09 06:15:35
12837,716669,19257,home,1,4-1-4-1,1,1,5,204659,Alex Greenwood,Center Left Defender,6,0,0,-1,,,,0,0,-1,,,,2024-11-09 06:15:35
12837,716669,19257,home,1,4-1-4-1,1,1,20,351355,Aoba Fujino,Right Midfielder,7,0,0,-1,,,,1,276165,8,276165.0,4200.0,70',2024-11-09 06:15:35
12837,716669,19257,home,1,4-1-4-1,1,1,10,219951,Jill Roord,Center Right Midfielder,8,0,0,-1,,,,1,298641,19,298641.0,4200.0,70',2024-11-09 06:15:35
12837,716669,19257,home,1,4-1-4-1,1,1,21,261947,Khadija Shaw,Forward,9,0,0,-1,,,,1,390468,46,390468.0,4680.0,78',2024-11-09 06:15:35
12837,716669,19257,home,1,4-1-4-1,1,1,16,296503,Jess Park,Center Left Midfielder,10,0,0,-1,,,,1,229456,7,229456.0,4740.0,79',2025-04-05 08:30:15
12837,716669,19257,home,1,4-1-4-1,1,1,11,296873,Lauren Hemp,Left Midfielder,11,0,0,-1,,,,1,282993,9,282993.0,4680.0,78',2024-11-09 06:15:35
12837,716669,19257,home,1,4-1-4-1,1,0,7,229456,Laura Coombs,Substitute,0,1,296503,16,,,,0,0,-1,,,,2024-11-09 06:15:35
12837,716669,19257,home,1,4-1-4-1,1,0,46,390468,Lily Murphy,Substitute,0,1,261947,21,261947.0,4680.0,78',0,0,-1,,,,2024-11-09 06:15:35
12837,716669,19257,home,1,4-1-4-1,1,0,52,390467,Eve O'Carroll,Substitute,0,0,0,-1,,,,0,0,-1,,,,2024-11-09 06:15:35
12837,716669,19257,home,1,4-1-4-1,1,0,44,390465,Codie Thomas,Substitute,0,0,0,-1,,,,0,0,-1,,,,2024-11-09 06:15:35
12837,716669,19257,home,1,4-1-4-1,1,0,28,353342,Gracie Prior,Substitute,0,0,0,-1,,,,0,0,-1,,,,2024-11-09 06:15:35
12837,716669,19257,home,1,4-1-4-1,1,0,19,298641,Laura Blindkilde Brown,Substitute,0,1,219951,10,219951.0,4200.0,70',0,0,-1,,,,2025-04-05 08:30:15
12837,716669,19257,home,1,4-1-4-1,1,0,9,282993,Chloe Kelly,Substitute,0,1,296873,11,296873.0,4680.0,78',0,0,-1,,,,2024-11-09 06:15:35
12837,716669,19257,home,1,4-1-4-1,1,0,8,276165,Mary Fowler,Substitute,0,1,351355,20,351355.0,4200.0,70',0,0,-1,,,,2024-11-09 06:15:35
12837,716669,19257,home,1,4-1-4-1,1,0,31,223470,Ayaka Yamashita,Substitute,0,0,0,-1,,,,0,0,-1,,,,2024-11-09 06:15:35
12837,716669,20062,away,0,4-4-2,1,1,22,286883,Rebecca Spencer,Goalkeeper,1,0,0,-1,,,,0,0,-1,,,,2024-11-09 06:15:35
12837,716669,20062,away,0,4-4-2,1,1,3,323599,Ella Morris,Right Back,2,0,0,-1,,,,0,0,-1,,,,2024-11-09 06:15:35
12837,716669,20062,away,0,4-4-2,1,1,29,294265,Ashleigh Neville,Left Back,3,0,0,-1,,,,0,0,-1,,,,2024-11-09 06:15:35
12837,716669,20062,away,0,4-4-2,1,1,25,267666,Eveliina Summanen,Center Right Midfielder,4,0,0,-1,,,,0,0,-1,,,,2024-11-09 06:15:35
12837,716669,20062,away,0,4-4-2,1,1,21,309086,Luana Bühler,Center Right Defender,5,0,0,-1,,,,0,0,-1,,,,2024-11-09 06:15:35
12837,716669,20062,away,0,4-4-2,1,1,15,312233,Clare Hunt,Center Left Defender,6,0,0,-1,,,,1,230836,4,230836.0,2700.0,45',2024-11-09 06:15:35
12837,716669,20062,away,0,4-4-2,1,1,9,293410,Bethany England,Right Midfielder,7,0,0,-1,,,,1,226804,17,226804.0,3360.0,56',2025-04-05 08:30:15
12837,716669,20062,away,0,4-4-2,1,1,5,312487,Molly Bartrip,Center Left Midfielder,8,0,0,-1,,,,0,0,-1,,,,2024-11-09 06:15:35
12837,716669,20062,away,0,4-4-2,1,1,24,286882,Drew Spence,Center Left Forward,9,0,0,-1,,,,1,267679,20,267679.0,4200.0,70',2024-11-09 06:15:35
12837,716669,20062,away,0,4-4-2,1,1,7,294268,Jessica Naz,Center Right Forward,10,0,0,-1,,,,1,300442,2,300442.0,4920.0,82',2024-11-09 06:15:35
12837,716669,20062,away,0,4-4-2,1,1,13,349567,Matilda Vinberg,Left Midfielder,11,0,0,-1,,,,1,219818,8,219818.0,3360.0,56',2024-11-09 06:15:35
12837,716669,20062,away,0,4-4-2,1,0,17,226804,Martha Thomas,Substitute,0,1,293410,9,293410.0,3360.0,56',0,0,-1,,,,2024-11-09 06:15:35
12837,716669,20062,away,0,4-4-2,1,0,77,219859,Wang Shuang,Substitute,0,0,0,-1,,,,0,0,-1,,,,2024-11-09 06:15:35
12837,716669,20062,away,0,4-4-2,1,0,31,355373,Lenna Gunning-Williams,Substitute,0,0,0,-1,,,,0,0,-1,,,,2024-11-09 06:15:35
12837,716669,20062,away,0,4-4-2,1,0,27,301685,Eleanor Heeps,Substitute,0,0,0,-1,,,,0,0,-1,,,,2024-11-09 06:15:35
12837,716669,20062,away,0,4-4-2,1,0,2,300442,Charlotte Grant,Substitute,0,1,294268,7,294268.0,4920.0,82',0,0,-1,,,,2024-11-09 06:15:35
12837,716669,20062,away,0,4-4-2,1,0,8,219818,Hayley Raso,Substitute,0,1,349567,13,349567.0,3360.0,56',0,0,-1,,,,2024-11-09 06:15:35
12837,716669,20062,away,0,4-4-2,1,0,20,267679,Olga Ahtinen,Substitute,0,1,286882,24,286882.0,4200.0,70',0,0,-1,,,,2024-11-09 06:15:35
12837,716669,20062,away,0,4-4-2,1,0,4,230836,Amy James-Turner,Substitute,0,1,312233,15,312233.0,2700.0,45',0,0,-1,,,,2025-04-05 08:30:15
12837,716669,20062,away,0,4-4-2,1,0,14,311201,Anna Csiki,Substitute,0,0,0,-1,,,,0,0,-1,,,,2024-11-09 06:15:35
12837,716670,20061,home,0,4-4-1-1,1,1,91,208938,Phallon Tullis-Joyce,Goalkeeper,1,0,0,-1,,,,0,0,-1,,,,2024-11-11 06:17:44
12837,716670,20061,home,0,4-4-1-1,1,1,14,267765,Jayde Riviere,Right Back,2,0,0,-1,,,,1,293411,5,293411.0,4680.0,78',2024-11-11 06:17:44
12837,716670,20061,home,0,4-4-1-1,1,1,3,268536,Gabby George,Left Back,3,0,0,-1,,,,0,0,-1,,,,2025-04-05 08:30:15
12837,716670,20061,home,0,4-4-1-1,1,1,8,306883,Grace Clinton,Center Right Midfielder,4,0,0,-1,,,,1,349220,13,349220.0,4680.0,78',2024-11-11 06:17:44
12837,716670,20061,home,0,4-4-1-1,1,1,4,312462,Maya Le Tissier,Center Right Defender,5,0,0,-1,,,,0,0,-1,,,,2024-11-11 06:17:44
12837,716670,20061,home,0,4-4-1-1,1,1,21,294257,Millie Turner,Center Left Defender,6,0,0,-1,,,,0,0,-1,,,,2024-11-11 06:17:44
12837,716670,20061,home,0,4-4-1-1,1,1,15,328108,Celin Bizet,Right Midfielder,7,0,0,-1,,,,0,0,-1,,,,2025-04-05 08:30:15
12837,716670,20061,home,0,4-4-1-1,1,1,17,219947,Dominique Janssen,Center Left Midfielder,8,0,0,-1,,,,0,0,-1,,,,2024-11-11 06:17:44
12837,716670,20061,home,0,4-4-1-1,1,1,19,298669,Elisabeth Terland,Forward,9,0,0,-1,,,,0,0,-1,,,,2024-11-11 06:17:44
12837,716670,20061,home,0,4-4-1-1,1,1,7,294255,Ella Toone,Rear Center Forward,10,0,0,-1,,,,1,134423,28,134423.0,4620.0,77',2024-11-11 06:17:44
12837,716670,20061,home,0,4-4-1-1,1,1,9,295670,Melvine Malard,Left Midfielder,11,0,0,-1,,,,1,268325,23,268325.0,4200.0,70',2024-11-11 06:17:44
12837,716670,20061,home,0,4-4-1-1,1,0,13,349220,Simi Awujo,Substitute,0,1,306883,8,306883.0,4680.0,78',0,0,-1,,,,2024-11-11 06:17:44
12837,716670,20061,home,0,4-4-1-1,1,0,39,332051,Safia Middleton-Patel,Substitute,0,0,0,-1,,,,0,0,-1,,,,2024-11-11 06:17:44
12837,716670,20061,home,0,4-4-1-1,1,0,38,351331,Jess Simpson,Substitute,0,0,0,-1,,,,0,0,-1,,,,2025-04-05 08:30:15
12837,716670,20061,home,0,4-4-1-1,1,0,34,361722,Emma Watson,Substitute,0,0,0,-1,,,,0,0,-1,,,,2024-11-11 06:17:44
12837,716670,20061,home,0,4-4-1-1,1,0,23,268325,Geyse,Substitute,0,1,295670,9,295670.0,4200.0,70',0,0,-1,,,,2024-11-19 18:36:56
12837,716670,20061,home,0,4-4-1-1,1,0,5,293411,Aoife Mannion,Substitute,0,1,267765,14,267765.0,4680.0,78',0,0,-1,,,,2024-11-11 06:17:44
12837,716670,20061,home,0,4-4-1-1,1,0,20,283107,Hinata Miyazawa,Substitute,0,0,0,-1,,,,0,0,-1,,,,2024-11-11 06:17:44
12837,716670,20061,home,0,4-4-1-1,1,0,12,259315,Hayley Ladd,Substitute,0,0,0,-1,,,,0,0,-1,,,,2025-04-05 08:30:15
12837,716670,20061,home,0,4-4-1-1,1,0,28,134423,Rachel Williams,Substitute,0,1,294255,7,294255.0,4620.0,77',0,0,-1,,,,2024-11-11 06:17:44
12837,716670,20707,away,0,4-2-3-1,1,1,1,209364,Sabrina D'Angelo,Goalkeeper,1,0,0,-1,,,,0,0,-1,,,,2024-11-11 06:17:44
12837,716670,20707,away,0,4-2-3-1,1,1,2,312456,Sarah Mayling,Right Back,2,0,0,-1,,,,0,0,-1,,,,2024-11-11 06:17:44
12837,716670,20707,away,0,4-2-3-1,1,1,14,312484,Danielle Turner,Left Back,3,0,0,-1,,,,0,0,-1,,,,2024-11-11 06:17:44
12837,716670,20707,away,0,4-2-3-1,1,1,5,280984,Lucy Staniforth,Left Midfielder,4,0,0,-1,,,,0,0,-1,,,,2024-11-11 06:17:44
12837,716670,20707,away,0,4-2-3-1,1,1,4,262611,Anna Patten,Center Right Defender,5,0,0,-1,,,,0,0,-1,,,,2024-11-11 06:17:44
12837,716670,20707,away,0,4-2-3-1,1,1,15,261804,Lucy Parker,Center Left Defender,6,0,0,-1,,,,1,335782,3,335782.0,4080.0,68',2024-11-11 06:17:44
12837,716670,20707,away,0,4-2-3-1,1,1,23,309858,Chasity Grant,Attacking Midfielder Right,7,0,0,-1,,,,1,312467,11,312467.0,4680.0,78',2024-11-11 06:17:44
12837,716670,20707,away,0,4-2-3-1,1,1,8,178854,Jordan Nobbs,Right Midfielder,8,0,0,-1,,,,1,338756,25,338756.0,5400.0,90'+4',2024-11-11 06:17:44
12837,716670,20707,away,0,4-2-3-1,1,1,28,257469,Gabi Nunes,Forward,9,0,0,-1,,,,1,219119,10,219119.0,4740.0,79',2024-11-11 06:17:44
12837,716670,20707,away,0,4-2-3-1,1,1,9,248769,Rachel Daly,Attacking Midfielder,10,0,0,-1,,,,0,0,-1,,,,2024-11-11 06:17:44
12837,716670,20707,away,0,4-2-3-1,1,1,20,294252,Kirsty Hanson,Attacking Midfielder Left,11,0,0,-1,,,,1,219769,19,219769.0,4680.0,78',2024-11-11 06:17:44
12837,716670,20707,away,0,4-2-3-1,1,0,17,294246,Ebony Salmon,Substitute,0,0,0,-1,,,,0,0,-1,,,,2024-11-11 06:17:44
12837,716670,20707,away,0,4-2-3-1,1,0,10,219119,Kenza Dali,Substitute,0,1,257469,28,257469.0,4740.0,79',0,0,-1,,,,2024-11-11 06:17:44
12837,716670,20707,away,0,4-2-3-1,1,0,35,350626,Sophia Poor,Substitute,0,0,0,-1,,,,0,0,-1,,,,2024-11-11 06:17:44
12837,716670,20707,away,0,4-2-3-1,1,0,25,338756,Miri Taylor,Substitute,0,1,178854,8,178854.0,5400.0,90'+4',0,0,-1,,,,2025-04-05 08:30:15
12837,716670,20707,away,0,4-2-3-1,1,0,3,335782,Paula Tomás,Substitute,0,1,261804,15,261804.0,4080.0,68',0,0,-1,,,,2024-11-11 06:17:44
12837,716670,20707,away,0,4-2-3-1,1,0,7,323523,Missy Bo Kearns,Substitute,0,0,0,-1,,,,0,0,-1,,,,2024-11-11 06:17:44
12837,716670,20707,away,0,4-2-3-1,1,0,19,219769,Adriana Leon,Substitute,0,1,294252,20,294252.0,4680.0,78',0,0,-1,,,,2024-11-11 06:17:44
12837,716670,20707,away,0,4-2-3-1,1,0,11,312467,Katie Robinson,Substitute,0,1,309858,23,309858.0,4680.0,78',0,0,-1,,,,2024-11-11 06:17:44
12837,716670,20707,away,0,4-2-3-1,1,0,16,220024,Noelle Maritz,Substitute,0,0,0,-1,,,,0,0,-1,,,,2024-11-11 06:17:44
12837,716671,19971,home,0,3-5-2,1,1,1,230835,Rachael Laws,Goalkeeper,1,0,0,-1,,,,0,0,-1,,,,2024-11-10 16:34:15
12837,716671,19971,home,0,3-5-2,1,1,4,261669,Grace Fisk,Right Midfielder,2,0,0,-1,,,,1,257593,20,257593.0,4320.0,72',2024-11-10 16:34:15
12837,716671,19971,home,0,3-5-2,1,1,12,323520,Taylor Hinds,Left Midfielder,3,0,0,-1,,,,0,0,-1,,,,2024-11-10 16:34:15
12837,716671,19971,home,0,3-5-2,1,1,3,259312,Gemma Evans,Center Left Defender,4,0,0,-1,,,,0,0,-1,,,,2024-11-10 16:34:15
12837,716671,19971,home,0,3-5-2,1,1,23,188447,Gemma Bonner,Center Defender,5,0,0,-1,,,,0,0,-1,,,,2024-11-10 16:34:15
12837,716671,19971,home,0,3-5-2,1,1,17,305989,Jenna Clark,Center Right Defender,6,0,0,-1,,,,0,0,-1,,,,2024-11-10 16:34:15
12837,716671,19971,home,0,3-5-2,1,1,14,314199,Marie Hobinger,Center Right Midfielder,7,0,0,-1,,,,1,389652,7,389652.0,4980.0,83',2025-04-05 08:30:15
12837,716671,19971,home,0,3-5-2,1,1,18,264581,Ceri Holland,Center Left Midfielder,8,0,0,-1,,,,0,0,-1,,,,2024-11-10 16:34:15
12837,716671,19971,home,0,3-5-2,1,1,11,279337,Olivia Smith,Center Left Forward,9,0,0,-1,,,,0,0,-1,,,,2024-11-10 16:34:15
12837,716671,19971,home,0,3-5-2,1,1,9,287518,Leanne Kiernan,Center Right Forward,10,0,0,-1,,,,1,325841,13,325841.0,3960.0,66',2024-11-10 16:34:15
12837,716671,19971,home,0,3-5-2,1,1,6,312477,Jasmine Matthews,Attacking Midfielder,11,0,0,-1,,,,1,328798,34,328798.0,4320.0,72',2024-11-10 16:34:15
12837,716671,19971,home,0,3-5-2,1,0,7,389652,Cornelia Kapocs,Substitute,0,1,314199,14,314199.0,4980.0,83',0,0,-1,,,,2024-11-10 16:34:15
12837,716671,19971,home,0,3-5-2,1,0,47,376486,Eva Spencer,Substitute,0,0,0,-1,,,,0,0,-1,,,,2024-11-10 16:34:15
12837,716671,19971,home,0,3-5-2,1,0,34,328798,Hannah Silcock,Substitute,0,1,312477,6,312477.0,4320.0,72',0,0,-1,,,,2024-11-10 16:34:15
12837,716671,19971,home,0,3-5-2,1,0,20,257593,Yana Daniels,Substitute,0,1,261669,4,261669.0,4320.0,72',0,0,-1,,,,2024-11-10 16:34:15
12837,716671,19971,home,0,3-5-2,1,0,16,243031,Teagan Micah,Substitute,0,0,0,-1,,,,0,0,-1,,,,2024-11-10 16:34:15
12837,716671,19971,home,0,3-5-2,1,0,5,219050,Niamh Fahey,Substitute,0,0,0,-1,,,,0,0,-1,,,,2024-11-10 16:34:15
12837,716671,19971,home,0,3-5-2,1,0,36,384503,Zara Shaw,Substitute,0,0,0,-1,,,,0,0,-1,,,,2024-11-10 16:34:15
12837,716671,19971,home,0,3-5-2,1,0,13,325841,Mia Enderby,Substitute,0,1,287518,9,287518.0,3960.0,66',0,0,-1,,,,2024-11-10 16:34:15
12837,716671,19970,away,1,4-2-3-1,1,1,24,312460,Hannah Hampton,Goalkeeper,1,0,0,-1,,,,0,0,-1,,,,2024-11-10 16:34:15
12837,716671,19970,away,1,4-2-3-1,1,1,22,188448,Lucy Bronze,Right Back,2,0,0,-1,,,,1,119954,12,119954.0,2700.0,45',2024-11-10 16:34:15
12837,716671,19970,away,1,4-2-3-1,1,1,17,295673,Sandy Baltimore,Left Back,3,0,0,-1,,,,0,0,-1,,,,2024-11-10 16:34:15
12837,716671,19970,away,1,4-2-3-1,1,1,8,257545,Erin Cuthbert,Left Midfielder,4,0,0,-1,,,,1,315453,18,315453.0,4800.0,80',2024-11-10 16:34:15
12837,716671,19970,away,1,4-2-3-1,1,1,26,209937,Kadeisha Buchanan,Center Right Defender,5,0,0,-1,,,,0,0,-1,,,,2024-11-10 16:34:15
12837,716671,19970,away,1,4-2-3-1,1,1,4,248770,Millie Bright,Center Left Defender,6,0,0,-1,,,,0,0,-1,,,,2024-11-10 16:34:15
12837,716671,19970,away,1,4-2-3-1,1,1,19,264735,Johanna Rytting Kaneryd,Attacking Midfielder Right,7,0,0,-1,,,,1,313088,33,313088.0,4140.0,69',2025-04-05 08:30:15
12837,716671,19970,away,1,4-2-3-1,1,1,6,314382,Sjoeke Nüsken,Right Midfielder,8,0,0,-1,,,,0,0,-1,,,,2024-11-10 16:34:15
12837,716671,19970,away,1,4-2-3-1,1,1,7,288680,Mayra Ramírez,Forward,9,0,0,-1,,,,0,0,-1,,,,2024-11-10 16:34:15
12837,716671,19970,away,1,4-2-3-1,1,1,23,351356,Maika Hamano,Attacking Midfielder,10,0,0,-1,,,,1,261568,9,261568.0,4800.0,80',2024-11-10 16:34:15
12837,716671,19970,away,1,4-2-3-1,1,1,11,257483,Guro Reiten,Attacking Midfielder Left,11,0,0,-1,,,,1,317637,27,317637.0,5400.0,90',2024-11-10 17:10:45
12837,716671,19970,away,1,4-2-3-1,1,0,14,255181,Nathalie Björn,Substitute,0,0,0,-1,,,,0,0,-1,,,,2024-11-10 16:34:15
12837,716671,19970,away,1,4-2-3-1,1,0,27,317637,Oriane Jean-François,Substitute,0,1,257483,11,257483.0,5400.0,90',0,0,-1,,,,2024-11-10 17:10:45
12837,716671,19970,away,1,4-2-3-1,1,0,18,315453,Wieke Kaptein,Substitute,0,1,257545,8,257545.0,4800.0,80',0,0,-1,,,,2024-11-10 16:34:15
12837,716671,19970,away,1,4-2-3-1,1,0,33,313088,Aggie Beever-Jones,Substitute,0,1,264735,19,264735.0,4140.0,69',0,0,-1,,,,2024-11-10 16:34:15
12837,716671,19970,away,1,4-2-3-1,1,0,9,261568,Catarina Macario,Substitute,0,1,351356,23,351356.0,4800.0,80',0,0,-1,,,,2024-11-10 16:34:15
12837,716671,19970,away,1,4-2-3-1,1,0,1,255417,Zecira Musovic,Substitute,0,0,0,-1,,,,0,0,-1,,,,2024-11-10 16:34:15
12837,716671,19970,away,1,4-2-3-1,1,0,25,347124,Maelys Mpomé,Substitute,0,0,0,-1,,,,0,0,-1,,,,2024-11-10 16:34:15
12837,716671,19970,away,1,4-2-3-1,1,0,15,248834,Ève Périsset,Substitute,0,0,0,-1,,,,0,0,-1,,,,2024-11-10 16:34:15
12837,716671,19970,away,1,4-2-3-1,1,0,12,119954,Ashley Lawrence,Substitute,0,1,188448,22,188448.0,2700.0,45',0,0,-1,,,,2024-11-10 16:34:15
12837,716672,21037,home,0,4-1-4-1,1,1,30,224886,Shae Yanez,Goalkeeper,1,0,0,-1,,,,0,0,-1,,,,2024-11-10 16:34:15
12837,716672,21037,home,0,4-1-4-1,1,1,14,259626,Josie Green,Right Back,2,0,0,-1,,,,0,0,-1,,,,2025-04-05 08:30:15
12837,716672,21037,home,0,4-1-4-1,1,1,23,288977,Lily Woodham,Left Back,3,0,0,-1,,,,0,0,-1,,,,2024-11-10 16:34:15
12837,716672,21037,home,0,4-1-4-1,1,1,17,377622,Lexi Potter,Defensive Midfielder,4,0,0,-1,,,,0,0,-1,,,,2025-04-05 08:30:15
12837,716672,21037,home,0,4-1-4-1,1,1,6,324878,Aimee Everett,Center Right Defender,5,0,0,-1,,,,0,0,-1,,,,2024-11-10 16:34:15
12837,716672,21037,home,0,4-1-4-1,1,1,2,140056,Katrine Veje,Center Left Defender,6,0,0,-1,,,,0,0,-1,,,,2024-11-10 16:34:15
12837,716672,21037,home,0,4-1-4-1,1,1,20,300434,Indiah-Paige Riley,Right Midfielder,7,0,0,-1,,,,1,336368,27,336368.0,3660.0,61',2024-11-10 18:36:40
12837,716672,21037,home,0,4-1-4-1,1,1,5,392348,My Cato,Center Right Midfielder,8,0,0,-1,,,,0,0,-1,,,,2024-11-10 16:34:15
12837,716672,21037,home,0,4-1-4-1,1,1,28,290269,Katie Stengel,Forward,9,0,0,-1,,,,0,0,-1,,,,2024-11-10 16:34:15
12837,716672,21037,home,0,4-1-4-1,1,1,22,285187,Mille Gejl,Center Left Midfielder,10,0,0,-1,,,,0,0,-1,,,,2024-11-10 16:34:15
12837,716672,21037,home,0,4-1-4-1,1,1,11,314575,Ashleigh Weerden,Left Midfielder,11,0,0,-1,,,,1,326907,24,326907.0,4080.0,68',2024-11-10 18:36:40
12837,716672,21037,home,0,4-1-4-1,1,0,3,312463,Felicity Gibbons,Substitute,0,0,0,-1,,,,0,0,-1,,,,2024-11-10 16:34:15
12837,716672,21037,home,0,4-1-4-1,1,0,4,257534,Chloe Arthur,Substitute,0,0,0,-1,,,,0,0,-1,,,,2024-11-10 16:34:15
12837,716672,21037,home,0,4-1-4-1,1,0,32,325571,Brooke Aspin,Substitute,0,0,0,-1,,,,0,0,-1,,,,2024-11-10 16:34:15
12837,716672,21037,home,0,4-1-4-1,1,0,8,324879,Molly-Mae Sharpe,Substitute,0,0,0,-1,,,,0,0,-1,,,,2024-11-10 16:34:15
12837,716672,21037,home,0,4-1-4-1,1,0,24,326907,Shanade Hopcroft,Substitute,0,1,314575,11,314575.0,4080.0,68',0,0,-1,,,,2024-11-10 18:36:40
12837,716672,21037,home,0,4-1-4-1,1,0,77,328245,Isibeal Atkinson,Substitute,0,0,0,-1,,,,0,0,-1,,,,2024-11-10 16:34:15
12837,716672,21037,home,0,4-1-4-1,1,0,19,335986,Milla-Maj Majasaari,Substitute,0,0,0,-1,,,,0,0,-1,,,,2024-11-10 16:34:15
12837,716672,21037,home,0,4-1-4-1,1,0,27,336368,Abbie Larkin,Substitute,0,1,300434,20,300434.0,3660.0,61',0,0,-1,,,,2024-11-10 18:36:40
12837,716672,19972,away,0,4-2-3-1,1,1,1,209174,Courtney Brosnan,Goalkeeper,1,0,0,-1,,,,0,0,-1,,,,2024-11-10 16:34:15
12837,716672,19972,away,0,4-2-3-1,1,1,19,291349,Heather Payne,Right Back,2,0,0,-1,,,,0,0,-1,,,,2024-11-10 16:34:15
12837,716672,19972,away,0,4-2-3-1,1,1,23,287392,Sara Holmgaard,Left Back,3,0,0,-1,,,,0,0,-1,,,,2024-11-10 16:34:15
12837,716672,19972,away,0,4-2-3-1,1,1,7,300568,Clare Wheeler,Left Midfielder,4,0,0,-1,,,,0,0,-1,,,,2024-11-10 16:34:15
12837,716672,19972,away,0,4-2-3-1,1,1,8,293328,Justine Vanhaevermaet,Center Right Defender,5,0,0,-1,,,,0,0,-1,,,,2024-11-10 16:34:15
12837,716672,19972,away,0,4-2-3-1,1,1,20,312482,Megan Finnigan,Center Left Defender,6,0,0,-1,,,,0,0,-1,,,,2024-11-10 16:34:15
12837,716672,19972,away,0,4-2-3-1,1,1,25,270037,Katja Snoeijs,Attacking Midfielder Right,7,0,0,-1,,,,1,297709,11,297709.0,3780.0,63',2024-11-10 18:36:40
12837,716672,19972,away,0,4-2-3-1,1,1,6,303336,Honoka Hayashi,Right Midfielder,8,0,0,-1,,,,0,0,-1,,,,2024-11-10 16:34:15
12837,716672,19972,away,0,4-2-3-1,1,1,9,211151,Toni Payne,Forward,9,0,0,-1,,,,0,0,-1,,,,2024-11-10 16:34:15
12837,716672,19972,away,0,4-2-3-1,1,1,47,364520,Karoline Olesen,Attacking Midfielder,10,0,0,-1,,,,1,255452,14,255452.0,3780.0,63',2024-11-10 18:36:40
12837,716672,19972,away,0,4-2-3-1,1,1,21,312559,Veatriki Sarri,Attacking Midfielder Left,11,0,0,-1,,,,0,0,-1,,,,2024-11-10 16:34:15
12837,716672,19972,away,0,4-2-3-1,1,0,14,255452,Melissa Lawley,Substitute,0,1,364520,47,364520.0,3780.0,63',0,0,-1,,,,2024-11-10 18:36:40
12837,716672,19972,away,0,4-2-3-1,1,0,38,378052,Macy Settle,Substitute,0,0,0,-1,,,,0,0,-1,,,,2024-11-10 16:34:15
12837,716672,19972,away,0,4-2-3-1,1,0,4,378053,Issy Hobson,Substitute,0,0,0,-1,,,,0,0,-1,,,,2025-04-05 08:30:15
12837,716672,19972,away,0,4-2-3-1,1,0,42,211994,Lauren Thomas,Substitute,0,0,0,-1,,,,0,0,-1,,,,2024-11-10 16:34:15
12837,716672,19972,away,0,4-2-3-1,1,0,13,278276,Rylee Foster,Substitute,0,0,0,-1,,,,0,0,-1,,,,2024-11-10 16:34:15
12837,716672,19972,away,0,4-2-3-1,1,0,11,297709,Emma Bissell,Substitute,0,1,270037,25,270037.0,3780.0,63',0,0,-1,,,,2024-11-10 18:36:40
12837,716672,19972,away,0,4-2-3-1,1,0,12,294254,Emily Ramsey,Substitute,0,0,0,-1,,,,0,0,-1,,,,2024-11-10 16:34:15
12837,716673,19973,home,1,4-4-2,1,1,1,252339,Manuela Zinsberger,Goalkeeper,1,0,0,-1,,,,0,0,-1,,,,2024-11-09 06:15:35
12837,716673,19973,home,1,4-4-2,1,1,2,263684,Emily Fox,Right Back,2,0,0,-1,,,,1,295638,5,295638.0,3360.0,56',2024-11-09 06:15:35
12837,716673,19973,home,1,4-4-2,1,1,11,219079,Katie McCabe,Left Back,3,0,0,-1,,,,0,0,-1,,,,2024-11-09 06:15:35
12837,716673,19973,home,1,4-4-2,1,1,10,176041,Kim Little,Center Right Midfielder,4,0,0,-1,,,,1,288907,32,288907.0,3360.0,56',2024-11-09 06:15:35
12837,716673,19973,home,1,4-4-2,1,1,6,268100,Leah Williamson,Center Right Defender,5,0,0,-1,,,,0,0,-1,,,,2024-11-09 06:15:35
12837,716673,19973,home,1,4-4-2,1,1,7,219822,Steph Catley,Center Left Defender,6,0,0,-1,,,,0,0,-1,,,,2024-11-09 06:15:35
12837,716673,19973,home,1,4-4-2,1,1,9,280982,Beth Mead,Right Midfielder,7,0,0,-1,,,,1,350636,16,350636.0,4740.0,79',2024-11-09 06:15:35
12837,716673,19973,home,1,4-4-2,1,1,13,220015,Lia Wälti,Center Left Midfielder,8,0,0,-1,,,,0,0,-1,,,,2024-11-09 06:15:35
12837,716673,19973,home,1,4-4-2,1,1,23,263683,Alessia Russo,Center Left Forward,9,0,0,-1,,,,0,0,-1,,,,2024-11-09 06:15:35
12837,716673,19973,home,1,4-4-2,1,1,12,259331,Frida Maanum,Center Right Forward,10,0,0,-1,,,,1,240274,25,240274.0,3360.0,56',2024-11-09 06:15:35
12837,716673,19973,home,1,4-4-2,1,1,19,158678,Caitlin Foord,Left Midfielder,11,0,0,-1,,,,1,255416,17,255416.0,4320.0,72',2024-11-09 06:15:35
12837,716673,19973,home,1,4-4-2,1,0,14,309903,Daphne van Domselaar,Substitute,0,0,0,-1,,,,0,0,-1,,,,2024-11-09 06:15:35
12837,716673,19973,home,1,4-4-2,1,0,22,317573,Katherine Kühl,Substitute,0,0,0,-1,,,,0,0,-1,,,,2024-11-09 06:15:35
12837,716673,19973,home,1,4-4-2,1,0,16,350636,Rosa Kafaji,Substitute,0,1,280982,9,280982.0,4740.0,79',0,0,-1,,,,2025-04-05 08:30:15
12837,716673,19973,home,1,4-4-2,1,0,62,350679,Katie Reid,Substitute,0,0,0,-1,,,,0,0,-1,,,,2024-11-09 06:15:35
12837,716673,19973,home,1,4-4-2,1,0,32,288907,Kyra Cooney-Cross,Substitute,0,1,176041,10,176041.0,3360.0,56',0,0,-1,,,,2024-11-09 06:15:35
12837,716673,19973,home,1,4-4-2,1,0,5,295638,Laia Codina,Substitute,0,1,263684,2,263684.0,3360.0,56',0,0,-1,,,,2024-11-09 06:15:35
12837,716673,19973,home,1,4-4-2,1,0,3,263682,Lotte Wubben-Moy,Substitute,0,0,0,-1,,,,0,0,-1,,,,2024-11-09 06:15:35
12837,716673,19973,home,1,4-4-2,1,0,17,255416,Lina Hurtig,Substitute,0,1,158678,19,158678.0,4320.0,72',0,0,-1,,,,2024-11-09 06:15:35
12837,716673,19973,home,1,4-4-2,1,0,25,240274,Stina Blackstenius,Substitute,0,1,259331,12,259331.0,3360.0,56',0,0,-1,,,,2024-11-09 06:15:35
12837,716673,19976,away,0,3-4-3,1,1,32,249106,Sophie Baggaley,Goalkeeper,1,0,0,-1,,,,0,0,-1,,,,2024-11-09 06:15:35
12837,716673,19976,away,0,3-4-3,1,1,21,261578,Madison Haley,Right Midfielder,2,0,0,-1,,,,0,0,-1,,,,2024-11-09 06:15:35
12837,716673,19976,away,0,3-4-3,1,1,3,294247,Poppy Pattinson,Left Midfielder,3,0,0,-1,,,,0,0,-1,,,,2024-11-09 06:15:35
12837,716673,19976,away,0,3-4-3,1,1,16,325886,Jorelyn Carabalí,Center Left Defender,4,0,0,-1,,,,0,0,-1,,,,2024-11-09 06:15:35
12837,716673,19976,away,0,3-4-3,1,1,5,213937,Guro Bergsvand,Center Defender,5,0,0,-1,,,,0,0,-1,,,,2024-11-09 06:15:35
12837,716673,19976,away,0,3-4-3,1,1,2,219987,Maria Thorisdottir,Center Right Defender,6,0,0,-1,,,,1,257536,27,257536.0,3000.0,50',2024-11-09 06:15:35
12837,716673,19976,away,0,3-4-3,1,1,6,219990,Vicky Losada,Center Right Midfielder,7,0,0,-1,,,,1,309906,19,309906.0,5220.0,87',2024-11-09 06:15:35
12837,716673,19976,away,0,3-4-3,1,1,18,313706,Maisie Symonds,Center Left Midfielder,8,0,0,-1,,,,0,0,-1,,,,2024-11-09 06:15:35
12837,716673,19976,away,0,3-4-3,1,1,9,246314,Nikita Parris,Forward,9,0,0,-1,,,,0,0,-1,,,,2024-11-09 06:15:35
12837,716673,19976,away,0,3-4-3,1,1,14,219773,Fran Kirby,Center Right Forward,10,0,0,-1,,,,1,305984,20,305984.0,5220.0,87',2024-11-09 06:15:35
12837,716673,19976,away,0,3-4-3,1,1,11,296778,Kiko Seike,Center Left Forward,11,0,0,-1,,,,1,350639,7,350639.0,5220.0,87',2024-11-09 06:15:35
12837,716673,19976,away,0,3-4-3,1,0,28,367224,Melina Loeck,Substitute,0,0,0,-1,,,,0,0,-1,,,,2024-11-09 06:15:35
12837,716673,19976,away,0,3-4-3,1,0,7,350639,Aisha Masaka,Substitute,0,1,296778,11,296778.0,5220.0,87',0,0,-1,,,,2024-11-09 06:15:35
12837,716673,19976,away,0,3-4-3,1,0,25,330549,Hannah Poulter,Substitute,0,0,0,-1,,,,0,0,-1,,,,2024-11-09 06:15:35
12837,716673,19976,away,0,3-4-3,1,0,20,305984,Bruna Vilamala,Substitute,0,1,219773,14,219773.0,5220.0,87',0,0,-1,,,,2024-11-09 06:15:35
12837,716673,19976,away,0,3-4-3,1,0,19,309906,Marisa Olislagers,Substitute,0,1,219990,6,219990.0,5220.0,87',0,0,-1,,,,2024-11-09 06:15:35
12837,716673,19976,away,0,3-4-3,1,0,27,257536,Rachel McLauchlan,Substitute,0,1,219987,2,219987.0,3000.0,50',0,0,-1,,,,2024-11-09 06:15:35
12837,716673,19976,away,0,3-4-3,1,0,17,325852,Bex Rayner,Substitute,0,0,0,-1,,,,0,0,-1,,,,2025-04-05 08:30:15
12837,716674,20062,home,0,5-4-1,1,1,22,286883,Rebecca Spencer,Goalkeeper,1,0,0,-1,,,,0,0,-1,,,,2024-11-17 06:03:36
12837,716674,20062,home,0,5-4-1,1,1,29,294265,Ashleigh Neville,Right Back,2,0,0,-1,,,,0,0,-1,,,,2024-11-17 06:03:36
12837,716674,20062,home,0,5-4-1,1,1,6,314494,Amanda Nildén,Left Back,3,0,0,-1,,,,0,0,-1,,,,2024-11-17 06:03:36
12837,716674,20062,home,0,5-4-1,1,1,5,312487,Molly Bartrip,Center Left Defender,4,0,0,-1,,,,0,0,-1,,,,2024-11-17 06:03:36
12837,716674,20062,home,0,5-4-1,1,1,15,312233,Clare Hunt,Center Defender,5,0,0,-1,,,,1,267679,20,267679.0,4080.0,68',2024-11-17 06:03:36
12837,716674,20062,home,0,5-4-1,1,1,21,309086,Luana Bühler,Center Right Defender,6,0,0,-1,,,,0,0,-1,,,,2024-11-17 06:03:36
12837,716674,20062,home,0,5-4-1,1,1,8,219818,Hayley Raso,Right Midfielder,7,0,0,-1,,,,1,349567,13,349567.0,5100.0,85',2024-11-17 06:03:36
12837,716674,20062,home,0,5-4-1,1,1,25,267666,Eveliina Summanen,Center Right Midfielder,8,0,0,-1,,,,0,0,-1,,,,2024-11-17 06:03:36
12837,716674,20062,home,0,5-4-1,1,1,9,293410,Bethany England,Forward,9,0,0,-1,,,,0,0,-1,,,,2025-04-05 08:30:15
12837,716674,20062,home,0,5-4-1,1,1,24,286882,Drew Spence,Center Left Midfielder,10,0,0,-1,,,,1,226804,17,226804.0,4740.0,79',2024-11-17 06:03:36
12837,716674,20062,home,0,5-4-1,1,1,7,294268,Jessica Naz,Left Midfielder,11,0,0,-1,,,,1,355373,31,355373.0,5100.0,85',2024-11-17 06:03:36
12837,716674,20062,home,0,5-4-1,1,0,2,300442,Charlotte Grant,Substitute,0,0,0,-1,,,,0,0,-1,,,,2024-11-17 06:03:36
12837,716674,20062,home,0,5-4-1,1,0,27,301685,Eleanor Heeps,Substitute,0,0,0,-1,,,,0,0,-1,,,,2024-11-17 06:03:36
12837,716674,20062,home,0,5-4-1,1,0,14,311201,Anna Csiki,Substitute,0,0,0,-1,,,,0,0,-1,,,,2024-11-17 06:03:36
12837,716674,20062,home,0,5-4-1,1,0,3,323599,Ella Morris,Substitute,0,0,0,-1,,,,0,0,-1,,,,2024-11-17 06:03:36
12837,716674,20062,home,0,5-4-1,1,0,13,349567,Matilda Vinberg,Substitute,0,1,219818,8,219818.0,5100.0,85',0,0,-1,,,,2024-11-17 06:03:36
12837,716674,20062,home,0,5-4-1,1,0,31,355373,Lenna Gunning-Williams,Substitute,0,1,294268,7,294268.0,5100.0,85',0,0,-1,,,,2024-11-17 06:03:36
12837,716674,20062,home,0,5-4-1,1,0,20,267679,Olga Ahtinen,Substitute,0,1,312233,15,312233.0,4080.0,68',0,0,-1,,,,2024-11-17 06:03:36
12837,716674,20062,home,0,5-4-1,1,0,4,230836,Amy James-Turner,Substitute,0,0,0,-1,,,,0,0,-1,,,,2025-04-05 08:30:15
12837,716674,20062,home,0,5-4-1,1,0,17,226804,Martha Thomas,Substitute,0,1,286882,24,286882.0,4740.0,79',0,0,-1,,,,2024-11-17 06:03:36
12837,716674,19973,away,1,4-2-3-1,1,1,14,309903,Daphne van Domselaar,Goalkeeper,1,0,0,-1,,,,0,0,-1,,,,2024-11-17 06:03:36
12837,716674,19973,away,1,4-2-3-1,1,1,2,263684,Emily Fox,Right Back,2,0,0,-1,,,,0,0,-1,,,,2024-11-17 06:03:36
12837,716674,19973,away,1,4-2-3-1,1,1,11,219079,Katie McCabe,Left Back,3,0,0,-1,,,,1,263682,3,263682.0,5100.0,85',2024-11-17 06:03:36
12837,716674,19973,away,1,4-2-3-1,1,1,13,220015,Lia Wälti,Left Midfielder,4,0,0,-1,,,,0,0,-1,,,,2024-11-17 06:03:36
12837,716674,19973,away,1,4-2-3-1,1,1,6,268100,Leah Williamson,Center Right Defender,5,0,0,-1,,,,0,0,-1,,,,2024-11-17 06:03:36
12837,716674,19973,away,1,4-2-3-1,1,1,7,219822,Steph Catley,Center Left Defender,6,0,0,-1,,,,0,0,-1,,,,2024-11-17 06:03:36
12837,716674,19973,away,1,4-2-3-1,1,1,19,158678,Caitlin Foord,Attacking Midfielder Right,7,0,0,-1,,,,1,280982,9,280982.0,3840.0,64',2024-11-17 06:03:36
12837,716674,19973,away,1,4-2-3-1,1,1,10,176041,Kim Little,Right Midfielder,8,0,0,-1,,,,1,288907,32,288907.0,2700.0,45',2024-11-17 06:03:36
12837,716674,19973,away,1,4-2-3-1,1,1,23,263683,Alessia Russo,Forward,9,0,0,-1,,,,1,240274,25,240274.0,3840.0,64',2024-11-17 06:03:36
12837,716674,19973,away,1,4-2-3-1,1,1,12,259331,Frida Maanum,Attacking Midfielder,10,0,0,-1,,,,0,0,-1,,,,2024-11-17 06:03:36
12837,716674,19973,away,1,4-2-3-1,1,1,8,257473,Mariona Caldentey,Attacking Midfielder Left,11,0,0,-1,,,,1,350636,16,350636.0,4740.0,79',2024-11-17 06:03:36
12837,716674,19973,away,1,4-2-3-1,1,0,32,288907,Kyra Cooney-Cross,Substitute,0,1,176041,10,176041.0,2700.0,45',0,0,-1,,,,2024-11-17 06:03:36
12837,716674,19973,away,1,4-2-3-1,1,0,5,295638,Laia Codina,Substitute,0,0,0,-1,,,,0,0,-1,,,,2024-11-17 06:03:36
12837,716674,19973,away,1,4-2-3-1,1,0,9,280982,Beth Mead,Substitute,0,1,158678,19,158678.0,3840.0,64',0,0,-1,,,,2024-11-17 06:03:36
12837,716674,19973,away,1,4-2-3-1,1,0,16,350636,Rosa Kafaji,Substitute,0,1,257473,8,257473.0,4740.0,79',0,0,-1,,,,2025-04-05 08:30:15
12837,716674,19973,away,1,4-2-3-1,1,0,26,268324,Laura Wienroither,Substitute,0,0,0,-1,,,,0,0,-1,,,,2024-11-17 06:03:36
12837,716674,19973,away,1,4-2-3-1,1,0,3,263682,Lotte Wubben-Moy,Substitute,0,1,219079,11,219079.0,5100.0,85',0,0,-1,,,,2024-11-17 06:03:36
12837,716674,19973,away,1,4-2-3-1,1,0,17,255416,Lina Hurtig,Substitute,0,0,0,-1,,,,0,0,-1,,,,2024-11-17 06:03:36
12837,716674,19973,away,1,4-2-3-1,1,0,1,252339,Manuela Zinsberger,Substitute,0,0,0,-1,,,,0,0,-1,,,,2024-11-17 06:03:36
12837,716674,19973,away,1,4-2-3-1,1,0,25,240274,Stina Blackstenius,Substitute,0,1,263683,23,263683.0,3840.0,64',0,0,-1,,,,2024-11-17 06:03:36
12837,716675,20707,home,1,4-2-3-1,1,1,1,209364,Sabrina D'Angelo,Goalkeeper,1,0,0,-1,,,,0,0,-1,,,,2024-11-18 06:02:28
12837,716675,20707,home,1,4-2-3-1,1,1,2,312456,Sarah Mayling,Right Back,2,0,0,-1,,,,0,0,-1,,,,2024-11-18 06:02:28
12837,716675,20707,home,1,4-2-3-1,1,1,3,335782,Paula Tomás,Left Back,3,0,0,-1,,,,0,0,-1,,,,2024-11-18 06:02:28
12837,716675,20707,home,1,4-2-3-1,1,1,8,178854,Jordan Nobbs,Left Midfielder,4,0,0,-1,,,,1,323523,7,323523.0,5220.0,87',2024-11-18 06:02:28
12837,716675,20707,home,1,4-2-3-1,1,1,4,262611,Anna Patten,Center Right Defender,5,0,0,-1,,,,0,0,-1,,,,2024-11-18 06:02:28
12837,716675,20707,home,1,4-2-3-1,1,1,14,312484,Danielle Turner,Center Left Defender,6,0,0,-1,,,,0,0,-1,,,,2024-11-18 06:02:28
12837,716675,20707,home,1,4-2-3-1,1,1,23,309858,Chasity Grant,Attacking Midfielder Right,7,0,0,-1,,,,1,312467,11,312467.0,4740.0,79',2024-11-18 06:02:28
12837,716675,20707,home,1,4-2-3-1,1,1,5,280984,Lucy Staniforth,Right Midfielder,8,0,0,-1,,,,0,0,-1,,,,2024-11-18 06:02:28
12837,716675,20707,home,1,4-2-3-1,1,1,28,257469,Gabi Nunes,Forward,9,0,0,-1,,,,1,294246,17,294246.0,4740.0,79',2024-11-18 06:02:28
12837,716675,20707,home,1,4-2-3-1,1,1,9,248769,Rachel Daly,Attacking Midfielder,10,0,0,-1,,,,1,219119,10,219119.0,5220.0,87',2024-11-18 06:02:28
12837,716675,20707,home,1,4-2-3-1,1,1,20,294252,Kirsty Hanson,Attacking Midfielder Left,11,0,0,-1,,,,1,219769,19,219769.0,5220.0,87',2024-11-18 06:02:28
12837,716675,20707,home,1,4-2-3-1,1,0,19,219769,Adriana Leon,Substitute,0,1,294252,20,294252.0,5220.0,87',0,0,-1,,,,2024-11-18 06:02:28
12837,716675,20707,home,1,4-2-3-1,1,0,40,396493,Soffia Kelly,Substitute,0,0,0,-1,,,,0,0,-1,,,,2024-11-18 06:02:28
12837,716675,20707,home,1,4-2-3-1,1,0,25,338756,Miri Taylor,Substitute,0,0,0,-1,,,,0,0,-1,,,,2025-04-05 08:30:15
12837,716675,20707,home,1,4-2-3-1,1,0,7,323523,Missy Bo Kearns,Substitute,0,1,178854,8,178854.0,5220.0,87',0,0,-1,,,,2024-11-18 06:02:28
12837,716675,20707,home,1,4-2-3-1,1,0,11,312467,Katie Robinson,Substitute,0,1,309858,23,309858.0,4740.0,79',0,0,-1,,,,2024-11-18 06:02:28
12837,716675,20707,home,1,4-2-3-1,1,0,17,294246,Ebony Salmon,Substitute,0,1,257469,28,257469.0,4740.0,79',0,0,-1,,,,2024-11-18 06:02:28
12837,716675,20707,home,1,4-2-3-1,1,0,16,220024,Noelle Maritz,Substitute,0,0,0,-1,,,,0,0,-1,,,,2024-11-18 06:02:28
12837,716675,20707,home,1,4-2-3-1,1,0,33,312497,Mayumi Pacheco,Substitute,0,0,0,-1,,,,0,0,-1,,,,2024-11-18 06:02:28
12837,716675,20707,home,1,4-2-3-1,1,0,10,219119,Kenza Dali,Substitute,0,1,248769,9,248769.0,5220.0,87',0,0,-1,,,,2024-11-18 06:02:28
12837,716675,21037,away,0,5-3-2,1,1,30,224886,Shae Yanez,Goalkeeper,1,0,0,-1,,,,0,0,-1,,,,2024-11-18 06:02:28
12837,716675,21037,away,0,5-3-2,1,1,20,300434,Indiah-Paige Riley,Right Back,2,0,0,-1,,,,1,336368,27,336368.0,3960.0,66',2024-11-18 06:02:28
12837,716675,21037,away,0,5-3-2,1,1,23,288977,Lily Woodham,Left Back,3,0,0,-1,,,,0,0,-1,,,,2024-11-18 06:02:28
12837,716675,21037,away,0,5-3-2,1,1,2,140056,Katrine Veje,Center Left Defender,4,0,0,-1,,,,0,0,-1,,,,2024-11-18 06:02:28
12837,716675,21037,away,0,5-3-2,1,1,6,324878,Aimee Everett,Center Defender,5,0,0,-1,,,,0,0,-1,,,,2024-11-18 06:02:28
12837,716675,21037,away,0,5-3-2,1,1,14,259626,Josie Green,Center Right Defender,6,0,0,-1,,,,1,325571,32,325571.0,2700.0,45',2025-04-05 08:30:15
12837,716675,21037,away,0,5-3-2,1,1,17,377622,Lexi Potter,Center Right Midfielder,7,0,0,-1,,,,0,0,-1,,,,2025-04-05 08:30:15
12837,716675,21037,away,0,5-3-2,1,1,5,392348,My Cato,Center Midfielder,8,0,0,-1,,,,0,0,-1,,,,2024-11-18 06:02:28
12837,716675,21037,away,0,5-3-2,1,1,28,290269,Katie Stengel,Center Left Forward,9,0,0,-1,,,,0,0,-1,,,,2024-11-18 06:02:28
12837,716675,21037,away,0,5-3-2,1,1,10,323499,Annabel Blanchard,Center Right Forward,10,0,0,-1,,,,0,0,-1,,,,2024-11-18 06:02:28
12837,716675,21037,away,0,5-3-2,1,1,22,285187,Mille Gejl,Center Left Midfielder,11,0,0,-1,,,,1,314575,11,314575.0,4440.0,74',2024-11-18 06:02:28
12837,716675,21037,away,0,5-3-2,1,0,11,314575,Ashleigh Weerden,Substitute,0,1,285187,22,285187.0,4440.0,74',0,0,-1,,,,2024-11-18 06:02:28
12837,716675,21037,away,0,5-3-2,1,0,12,358671,Poppy Pritchard,Substitute,0,0,0,-1,,,,0,0,-1,,,,2024-11-18 06:02:28
12837,716675,21037,away,0,5-3-2,1,0,27,336368,Abbie Larkin,Substitute,0,1,300434,20,300434.0,3960.0,66',0,0,-1,,,,2024-11-18 06:02:28
12837,716675,21037,away,0,5-3-2,1,0,19,335986,Milla-Maj Majasaari,Substitute,0,0,0,-1,,,,0,0,-1,,,,2024-11-18 06:02:28
12837,716675,21037,away,0,5-3-2,1,0,32,325571,Brooke Aspin,Substitute,0,1,259626,14,259626.0,2700.0,45',0,0,-1,,,,2024-11-18 06:02:28
12837,716675,21037,away,0,5-3-2,1,0,8,324879,Molly-Mae Sharpe,Substitute,0,0,0,-1,,,,0,0,-1,,,,2024-11-18 06:02:28
12837,716675,21037,away,0,5-3-2,1,0,77,328245,Isibeal Atkinson,Substitute,0,0,0,-1,,,,0,0,-1,,,,2024-11-18 06:02:28
12837,716675,21037,away,0,5-3-2,1,0,3,312463,Felicity Gibbons,Substitute,0,0,0,-1,,,,0,0,-1,,,,2024-11-18 06:02:28
12837,716675,21037,away,0,5-3-2,1,0,4,257534,Chloe Arthur,Substitute,0,0,0,-1,,,,0,0,-1,,,,2024-11-18 06:02:28
12837,716676,21036,home,0,4-2-3-1,1,1,1,328082,Janina Leitzig,Goalkeeper,1,0,0,-1,,,,0,0,-1,,,,2024-11-18 06:02:28
12837,716676,21036,home,0,4-2-3-1,1,1,4,219962,C.J. Bott,Right Back,2,0,0,-1,,,,0,0,-1,,,,2024-11-18 06:02:28
12837,716676,21036,home,0,4-2-3-1,1,1,2,300518,Courtney Nevin,Left Back,3,0,0,-1,,,,1,304854,12,304854.0,5160.0,86',2024-11-18 06:02:28
12837,716676,21036,home,0,4-2-3-1,1,1,30,302566,Ruby Mace,Left Midfielder,4,0,0,-1,,,,1,379853,18,379853.0,5160.0,86',2024-11-18 06:02:28
12837,716676,21036,home,0,4-2-3-1,1,1,5,210382,Sophie Howard,Center Right Defender,5,0,0,-1,,,,0,0,-1,,,,2024-11-18 06:02:28
12837,716676,21036,home,0,4-2-3-1,1,1,22,330334,Sari Kees,Center Left Defender,6,0,0,-1,,,,0,0,-1,,,,2024-11-18 06:02:28
12837,716676,21036,home,0,4-2-3-1,1,1,28,344373,Shana Chossenotte,Attacking Midfielder Right,7,0,0,-1,,,,1,235714,7,235714.0,4260.0,71',2024-11-18 06:02:28
12837,716676,21036,home,0,4-2-3-1,1,1,11,257569,Janice Cayman,Right Midfielder,8,0,0,-1,,,,0,0,-1,,,,2024-11-18 06:02:28
12837,716676,21036,home,0,4-2-3-1,1,1,6,288888,Saori Takarada,Forward,9,0,0,-1,,,,0,0,-1,,,,2024-11-18 06:02:28
12837,716676,21036,home,0,4-2-3-1,1,1,29,256223,Yuka Momiki,Attacking Midfielder,10,0,0,-1,,,,0,0,-1,,,,2024-11-18 06:02:28
12837,716676,21036,home,0,4-2-3-1,1,1,21,323496,Hannah Cain,Attacking Midfielder Left,11,0,0,-1,,,,1,294600,20,294600.0,3960.0,66',2024-11-18 06:02:28
12837,716676,21036,home,0,4-2-3-1,1,0,20,294600,Missy Goodwin,Substitute,0,1,323496,21,323496.0,3960.0,66',0,0,-1,,,,2024-11-18 06:02:28
12837,716676,21036,home,0,4-2-3-1,1,0,12,304854,Asmita Ale,Substitute,0,1,300518,2,300518.0,5160.0,86',0,0,-1,,,,2024-11-18 06:02:28
12837,716676,21036,home,0,4-2-3-1,1,0,7,235714,Deanne Rose,Substitute,0,1,344373,28,344373.0,4260.0,71',0,0,-1,,,,2024-11-18 06:02:28
12837,716676,21036,home,0,4-2-3-1,1,0,31,248450,Chantelle Swaby,Substitute,0,0,0,-1,,,,0,0,-1,,,,2024-11-18 06:02:28
12837,716676,21036,home,0,4-2-3-1,1,0,23,264730,Lize Kop,Substitute,0,0,0,-1,,,,0,0,-1,,,,2024-11-18 06:02:28
12837,716676,21036,home,0,4-2-3-1,1,0,17,317638,Julie Thibaud,Substitute,0,0,0,-1,,,,0,0,-1,,,,2024-11-18 06:02:28
12837,716676,21036,home,0,4-2-3-1,1,0,47,376668,Simone Sherwood,Substitute,0,0,0,-1,,,,0,0,-1,,,,2024-11-18 06:02:28
12837,716676,21036,home,0,4-2-3-1,1,0,18,379853,Emilia Pelgander,Substitute,0,1,302566,30,302566.0,5160.0,86',0,0,-1,,,,2024-11-18 06:02:28
12837,716676,21036,home,0,4-2-3-1,1,0,53,386685,Nelly Las,Substitute,0,0,0,-1,,,,0,0,-1,,,,2024-11-18 06:02:28
12837,716676,20061,away,1,4-4-1-1,1,1,91,208938,Phallon Tullis-Joyce,Goalkeeper,1,0,0,-1,,,,0,0,-1,,,,2024-11-18 06:02:28
12837,716676,20061,away,1,4-4-1-1,1,1,14,267765,Jayde Riviere,Right Back,2,0,0,-1,,,,0,0,-1,,,,2024-11-18 06:02:28
12837,716676,20061,away,1,4-4-1-1,1,1,3,268536,Gabby George,Left Back,3,0,0,-1,,,,1,359233,2,359233.0,3840.0,64',2025-04-05 08:30:15
12837,716676,20061,away,1,4-4-1-1,1,1,13,349220,Simi Awujo,Center Right Midfielder,4,0,0,-1,,,,1,259315,12,259315.0,5160.0,86',2024-11-18 06:02:28
12837,716676,20061,away,1,4-4-1-1,1,1,4,312462,Maya Le Tissier,Center Right Defender,5,0,0,-1,,,,0,0,-1,,,,2024-11-18 06:02:28
12837,716676,20061,away,1,4-4-1-1,1,1,21,294257,Millie Turner,Center Left Defender,6,0,0,-1,,,,0,0,-1,,,,2024-11-18 06:02:28
12837,716676,20061,away,1,4-4-1-1,1,1,23,268325,Geyse,Right Midfielder,7,0,0,-1,,,,1,295670,9,295670.0,5160.0,86',2025-04-05 08:30:15
12837,716676,20061,away,1,4-4-1-1,1,1,17,219947,Dominique Janssen,Center Left Midfielder,8,0,0,-1,,,,0,0,-1,,,,2024-11-18 06:02:28
12837,716676,20061,away,1,4-4-1-1,1,1,19,298669,Elisabeth Terland,Forward,9,0,0,-1,,,,1,134423,28,134423.0,4440.0,74',2024-11-18 06:02:28
12837,716676,20061,away,1,4-4-1-1,1,1,8,306883,Grace Clinton,Rear Center Forward,10,0,0,-1,,,,1,283107,20,283107.0,5160.0,86',2024-11-18 06:02:28
12837,716676,20061,away,1,4-4-1-1,1,1,15,328108,Celin Bizet,Left Midfielder,11,0,0,-1,,,,0,0,-1,,,,2025-04-05 08:30:15
12837,716676,20061,away,1,4-4-1-1,1,0,2,359233,Anna Sandberg,Substitute,0,1,268536,3,268536.0,3840.0,64',0,0,-1,,,,2024-11-18 06:02:28
12837,716676,20061,away,1,4-4-1-1,1,0,55,358077,Lucy Newell,Substitute,0,0,0,-1,,,,0,0,-1,,,,2024-11-18 06:02:28
12837,716676,20061,away,1,4-4-1-1,1,0,38,351331,Jess Simpson,Substitute,0,0,0,-1,,,,0,0,-1,,,,2025-04-05 08:30:15
12837,716676,20061,away,1,4-4-1-1,1,0,39,332051,Safia Middleton-Patel,Substitute,0,0,0,-1,,,,0,0,-1,,,,2024-11-18 06:02:28
12837,716676,20061,away,1,4-4-1-1,1,0,34,361722,Emma Watson,Substitute,0,0,0,-1,,,,0,0,-1,,,,2024-11-18 06:02:28
12837,716676,20061,away,1,4-4-1-1,1,0,9,295670,Melvine Malard,Substitute,0,1,268325,23,268325.0,5160.0,86',0,0,-1,,,,2024-11-18 06:02:28
12837,716676,20061,away,1,4-4-1-1,1,0,20,283107,Hinata Miyazawa,Substitute,0,1,306883,8,306883.0,5160.0,86',0,0,-1,,,,2024-11-18 06:02:28
12837,716676,20061,away,1,4-4-1-1,1,0,12,259315,Hayley Ladd,Substitute,0,1,349220,13,349220.0,5160.0,86',0,0,-1,,,,2025-04-05 08:30:15
12837,716676,20061,away,1,4-4-1-1,1,0,28,134423,Rachel Williams,Substitute,0,1,298669,19,298669.0,4440.0,74',0,0,-1,,,,2024-11-18 06:02:28
12837,716677,19976,home,1,4-1-2-1-2,1,1,32,249106,Sophie Baggaley,Goalkeeper,1,0,0,-1,,,,0,0,-1,,,,2024-11-17 06:03:36
12837,716677,19976,home,1,4-1-2-1-2,1,1,27,257536,Rachel McLauchlan,Right Back,2,0,0,-1,,,,0,0,-1,,,,2024-11-17 06:03:36
12837,716677,19976,home,1,4-1-2-1-2,1,1,3,294247,Poppy Pattinson,Left Back,3,0,0,-1,,,,0,0,-1,,,,2024-11-17 06:03:36
12837,716677,19976,home,1,4-1-2-1-2,1,1,19,309906,Marisa Olislagers,Defensive Midfielder,4,0,0,-1,,,,0,0,-1,,,,2024-11-17 06:03:36
12837,716677,19976,home,1,4-1-2-1-2,1,1,18,313706,Maisie Symonds,Center Right Defender,5,0,0,-1,,,,0,0,-1,,,,2024-11-17 06:03:36
12837,716677,19976,home,1,4-1-2-1-2,1,1,5,213937,Guro Bergsvand,Center Left Defender,6,0,0,-1,,,,0,0,-1,,,,2024-11-17 06:03:36
12837,716677,19976,home,1,4-1-2-1-2,1,1,11,296778,Kiko Seike,Right Midfielder,7,0,0,-1,,,,0,0,-1,,,,2024-11-17 06:03:36
12837,716677,19976,home,1,4-1-2-1-2,1,1,6,219990,Vicky Losada,Attacking Midfielder,8,0,0,-1,,,,1,314994,10,314994.0,4440.0,74',2024-11-17 06:03:36
12837,716677,19976,home,1,4-1-2-1-2,1,1,14,219773,Fran Kirby,Center Left Forward,9,0,0,-1,,,,0,0,-1,,,,2024-11-17 06:03:36
12837,716677,19976,home,1,4-1-2-1-2,1,1,9,246314,Nikita Parris,Center Right Forward,10,0,0,-1,,,,1,219939,8,219939.0,5400.0,90'+3',2024-11-17 06:03:36
12837,716677,19976,home,1,4-1-2-1-2,1,1,21,261578,Madison Haley,Left Midfielder,11,0,0,-1,,,,1,350678,59,350678.0,4440.0,74',2024-11-17 06:03:36
12837,716677,19976,home,1,4-1-2-1-2,1,0,61,393921,Mia Balmer,Substitute,0,0,0,-1,,,,0,0,-1,,,,2024-11-17 06:03:36
12837,716677,19976,home,1,4-1-2-1-2,1,0,20,305984,Bruna Vilamala,Substitute,0,0,0,-1,,,,0,0,-1,,,,2024-11-17 06:03:36
12837,716677,19976,home,1,4-1-2-1-2,1,0,8,219939,Pauline Bremer,Substitute,0,1,246314,9,246314.0,5400.0,90'+3',0,0,-1,,,,2024-11-17 06:03:36
12837,716677,19976,home,1,4-1-2-1-2,1,0,10,314994,Jelena Cankovic,Substitute,0,1,219990,6,219990.0,4440.0,74',0,0,-1,,,,2024-11-17 06:03:36
12837,716677,19976,home,1,4-1-2-1-2,1,0,17,325852,Bex Rayner,Substitute,0,0,0,-1,,,,0,0,-1,,,,2025-04-05 08:30:15
12837,716677,19976,home,1,4-1-2-1-2,1,0,25,330549,Hannah Poulter,Substitute,0,0,0,-1,,,,0,0,-1,,,,2024-11-17 06:03:36
12837,716677,19976,home,1,4-1-2-1-2,1,0,59,350678,Michelle Agyemang,Substitute,0,1,261578,21,261578.0,4440.0,74',0,0,-1,,,,2024-11-17 06:03:36
12837,716677,19976,home,1,4-1-2-1-2,1,0,28,367224,Melina Loeck,Substitute,0,0,0,-1,,,,0,0,-1,,,,2024-11-17 06:03:36
12837,716677,19976,home,1,4-1-2-1-2,1,0,63,380654,Olivia Johnson,Substitute,0,0,0,-1,,,,0,0,-1,,,,2024-11-17 06:03:36
12837,716677,19975,away,0,4-1-4-1,1,1,1,296372,Kinga Szemik,Goalkeeper,1,0,0,-1,,,,0,0,-1,,,,2024-11-17 06:03:36
12837,716677,19975,away,0,4-1-4-1,1,1,2,257540,Kirsty Smith,Right Back,2,0,0,-1,,,,1,278192,21,278192.0,5400.0,90'+2',2024-11-17 06:03:36
12837,716677,19975,away,0,4-1-4-1,1,1,18,310225,Anouk Denton,Left Back,3,0,0,-1,,,,0,0,-1,,,,2024-11-17 06:03:36
12837,716677,19975,away,0,4-1-4-1,1,1,22,219825,Katrina Gorry,Defensive Midfielder,4,0,0,-1,,,,1,259752,10,259752.0,4440.0,74',2024-11-17 06:03:36
12837,716677,19975,away,0,4-1-4-1,1,1,5,312251,Amber Tysiak,Center Right Defender,5,0,0,-1,,,,0,0,-1,,,,2024-11-17 06:03:36
12837,716677,19975,away,0,4-1-4-1,1,1,14,235712,Shelina Zadorsky,Center Left Defender,6,0,0,-1,,,,0,0,-1,,,,2024-11-17 06:03:36
12837,716677,19975,away,0,4-1-4-1,1,1,11,298775,Manuela Paví,Right Midfielder,7,0,0,-1,,,,1,312486,12,312486.0,5400.0,90'+1',2024-11-17 06:03:36
12837,716677,19975,away,0,4-1-4-1,1,1,4,349057,Oona Siren,Center Right Midfielder,8,0,0,-1,,,,0,0,-1,,,,2024-11-17 06:03:36
12837,716677,19975,away,0,4-1-4-1,1,1,9,287317,Riko Ueki,Forward,9,0,0,-1,,,,0,0,-1,,,,2024-11-17 06:03:36
12837,716677,19975,away,0,4-1-4-1,1,1,77,330350,Seraina Piubel,Center Left Midfielder,10,0,0,-1,,,,0,0,-1,,,,2024-11-17 06:03:36
12837,716677,19975,away,0,4-1-4-1,1,1,20,188069,Viviane Asseyi,Left Midfielder,11,0,0,-1,,,,0,0,-1,,,,2024-11-17 06:03:36
12837,716677,19975,away,0,4-1-4-1,1,0,10,259752,Dagný Brynjarsdóttir,Substitute,0,1,219825,22,219825.0,4440.0,74',0,0,-1,,,,2025-04-05 08:30:15
12837,716677,19975,away,0,4-1-4-1,1,0,44,362537,Ruby Doe,Substitute,0,0,0,-1,,,,0,0,-1,,,,2024-11-17 06:03:36
12837,716677,19975,away,0,4-1-4-1,1,0,7,350638,Marika Bergman-Lundin,Substitute,0,0,0,-1,,,,0,0,-1,,,,2024-11-17 06:03:36
12837,716677,19975,away,0,4-1-4-1,1,0,33,327979,Halle Houssein,Substitute,0,0,0,-1,,,,0,0,-1,,,,2024-11-17 06:03:36
12837,716677,19975,away,0,4-1-4-1,1,0,12,312486,Emma Harries,Substitute,0,1,298775,11,298775.0,5400.0,90'+1',0,0,-1,,,,2024-11-17 06:03:36
12837,716677,19975,away,0,4-1-4-1,1,0,25,312461,Megan Walsh,Substitute,0,0,0,-1,,,,0,0,-1,,,,2024-11-17 06:03:36
12837,716677,19975,away,0,4-1-4-1,1,0,21,278192,Shannon Cooke,Substitute,0,1,257540,2,257540.0,5400.0,90'+2',0,0,-1,,,,2024-11-17 06:03:36
12837,716677,19975,away,0,4-1-4-1,1,0,17,264860,Camila Sáez,Substitute,0,0,0,-1,,,,0,0,-1,,,,2024-11-17 06:03:36
12837,716677,19975,away,0,4-1-4-1,1,0,36,373408,Soraya Walsh,Substitute,0,0,0,-1,,,,0,0,-1,,,,2024-11-17 06:03:36
12837,716678,19970,home,1,4-2-3-1,1,1,24,312460,Hannah Hampton,Goalkeeper,1,0,0,-1,,,,0,0,-1,,,,2024-11-17 06:03:36
12837,716678,19970,home,1,4-2-3-1,1,1,22,188448,Lucy Bronze,Right Back,2,0,0,-1,,,,0,0,-1,,,,2024-11-17 06:03:36
12837,716678,19970,home,1,4-2-3-1,1,1,17,295673,Sandy Baltimore,Left Back,3,0,0,-1,,,,0,0,-1,,,,2024-11-17 06:03:36
12837,716678,19970,home,1,4-2-3-1,1,1,6,314382,Sjoeke Nüsken,Left Midfielder,4,0,0,-1,,,,0,0,-1,,,,2024-11-17 06:03:36
12837,716678,19970,home,1,4-2-3-1,1,1,14,255181,Nathalie Björn,Center Right Defender,5,0,0,-1,,,,0,0,-1,,,,2024-11-17 06:03:36
12837,716678,19970,home,1,4-2-3-1,1,1,4,248770,Millie Bright,Center Left Defender,6,0,0,-1,,,,0,0,-1,,,,2024-11-17 06:03:36
12837,716678,19970,home,1,4-2-3-1,1,1,19,264735,Johanna Rytting Kaneryd,Attacking Midfielder Right,7,0,0,-1,,,,0,0,-1,,,,2025-04-05 08:30:15
12837,716678,19970,home,1,4-2-3-1,1,1,8,257545,Erin Cuthbert,Right Midfielder,8,0,0,-1,,,,0,0,-1,,,,2024-11-17 06:03:36
12837,716678,19970,home,1,4-2-3-1,1,1,7,288680,Mayra Ramírez,Forward,9,0,0,-1,,,,1,313088,33,313088.0,5400.0,90',2024-11-17 06:03:36
12837,716678,19970,home,1,4-2-3-1,1,1,23,351356,Maika Hamano,Attacking Midfielder,10,0,0,-1,,,,0,0,-1,,,,2024-11-17 06:03:36
12837,716678,19970,home,1,4-2-3-1,1,1,11,257483,Guro Reiten,Attacking Midfielder Left,11,0,0,-1,,,,1,119954,12,119954.0,4980.0,83',2024-11-17 06:03:36
12837,716678,19970,home,1,4-2-3-1,1,0,25,347124,Maelys Mpomé,Substitute,0,0,0,-1,,,,0,0,-1,,,,2024-11-17 06:03:36
12837,716678,19970,home,1,4-2-3-1,1,0,29,311207,Alejandra Bernabe,Substitute,0,0,0,-1,,,,0,0,-1,,,,2024-11-17 06:03:36
12837,716678,19970,home,1,4-2-3-1,1,0,27,317637,Oriane Jean-François,Substitute,0,0,0,-1,,,,0,0,-1,,,,2024-11-17 06:03:36
12837,716678,19970,home,1,4-2-3-1,1,0,18,315453,Wieke Kaptein,Substitute,0,0,0,-1,,,,0,0,-1,,,,2024-11-17 06:03:36
12837,716678,19970,home,1,4-2-3-1,1,0,33,313088,Aggie Beever-Jones,Substitute,0,1,288680,7,288680.0,5400.0,90',0,0,-1,,,,2024-11-17 06:03:36
12837,716678,19970,home,1,4-2-3-1,1,0,12,119954,Ashley Lawrence,Substitute,0,1,257483,11,257483.0,4980.0,83',0,0,-1,,,,2024-11-17 06:03:36
12837,716678,19970,home,1,4-2-3-1,1,0,9,261568,Catarina Macario,Substitute,0,0,0,-1,,,,0,0,-1,,,,2024-11-17 06:03:36
12837,716678,19970,home,1,4-2-3-1,1,0,15,248834,Ève Périsset,Substitute,0,0,0,-1,,,,0,0,-1,,,,2024-11-17 06:03:36
12837,716678,19970,home,1,4-2-3-1,1,0,1,255417,Zecira Musovic,Substitute,0,0,0,-1,,,,0,0,-1,,,,2024-11-17 06:03:36
12837,716678,19257,away,0,4-3-3,1,1,31,223470,Ayaka Yamashita,Goalkeeper,1,0,0,-1,,,,0,0,-1,,,,2024-11-17 06:03:36
12837,716678,19257,away,0,4-3-3,1,1,18,309904,Kerstin Casparij,Right Back,2,0,0,-1,,,,0,0,-1,,,,2024-11-17 06:03:36
12837,716678,19257,away,0,4-3-3,1,1,15,249105,Leila Ouahabi,Left Back,3,0,0,-1,,,,0,0,-1,,,,2024-11-17 06:03:36
12837,716678,19257,away,0,4-3-3,1,1,25,256228,Yui Hasegawa,Center Midfielder,4,0,0,-1,,,,0,0,-1,,,,2024-11-17 06:03:36
12837,716678,19257,away,0,4-3-3,1,1,14,219819,Alanna Kennedy,Center Right Defender,5,0,0,-1,,,,0,0,-1,,,,2024-11-17 06:03:36
12837,716678,19257,away,0,4-3-3,1,1,5,204659,Alex Greenwood,Center Left Defender,6,0,0,-1,,,,0,0,-1,,,,2024-11-17 06:03:36
12837,716678,19257,away,0,4-3-3,1,1,16,296503,Jess Park,Right Midfielder,7,0,0,-1,,,,1,229456,7,229456.0,4860.0,81',2025-04-05 08:30:15
12837,716678,19257,away,0,4-3-3,1,1,10,219951,Jill Roord,Left Midfielder,8,0,0,-1,,,,0,0,-1,,,,2024-11-17 06:03:36
12837,716678,19257,away,0,4-3-3,1,1,21,261947,Khadija Shaw,Forward,9,0,0,-1,,,,0,0,-1,,,,2024-11-17 06:03:36
12837,716678,19257,away,0,4-3-3,1,1,20,351355,Aoba Fujino,Right Forward,10,0,0,-1,,,,0,0,-1,,,,2024-11-17 06:03:36
12837,716678,19257,away,0,4-3-3,1,1,8,276165,Mary Fowler,Left Forward,11,0,0,-1,,,,1,282993,9,282993.0,4800.0,80',2024-11-17 06:03:36
12837,716678,19257,away,0,4-3-3,1,0,40,304863,Katie Startup,Substitute,0,0,0,-1,,,,0,0,-1,,,,2024-11-17 06:03:36
12837,716678,19257,away,0,4-3-3,1,0,9,282993,Chloe Kelly,Substitute,0,1,276165,8,276165.0,4800.0,80',0,0,-1,,,,2024-11-17 06:03:36
12837,716678,19257,away,0,4-3-3,1,0,46,390468,Lily Murphy,Substitute,0,0,0,-1,,,,0,0,-1,,,,2024-11-17 06:03:36
12837,716678,19257,away,0,4-3-3,1,0,52,390467,Eve O'Carroll,Substitute,0,0,0,-1,,,,0,0,-1,,,,2024-11-17 06:03:36
12837,716678,19257,away,0,4-3-3,1,0,44,390465,Codie Thomas,Substitute,0,0,0,-1,,,,0,0,-1,,,,2024-11-17 06:03:36
12837,716678,19257,away,0,4-3-3,1,0,28,353342,Gracie Prior,Substitute,0,0,0,-1,,,,0,0,-1,,,,2024-11-17 06:03:36
12837,716678,19257,away,0,4-3-3,1,0,35,314954,Khiara Keating,Substitute,0,0,0,-1,,,,0,0,-1,,,,2024-11-17 06:03:36
12837,716678,19257,away,0,4-3-3,1,0,19,298641,Laura Blindkilde Brown,Substitute,0,0,0,-1,,,,0,0,-1,,,,2025-04-05 08:30:15
12837,716678,19257,away,0,4-3-3,1,0,7,229456,Laura Coombs,Substitute,0,1,296503,16,,,,0,0,-1,,,,2024-11-17 06:03:36
12837,716679,19972,home,1,5-4-1,1,1,1,209174,Courtney Brosnan,Goalkeeper,1,0,0,-1,,,,0,0,-1,,,,2024-11-18 06:02:28
12837,716679,19972,home,1,5-4-1,1,1,19,291349,Heather Payne,Right Back,2,0,0,-1,,,,0,0,-1,,,,2024-11-18 06:02:28
12837,716679,19972,home,1,5-4-1,1,1,17,284939,Lucy Hope,Left Back,3,0,0,-1,,,,0,0,-1,,,,2025-04-05 08:30:15
12837,716679,19972,home,1,5-4-1,1,1,23,287392,Sara Holmgaard,Center Left Defender,4,0,0,-1,,,,0,0,-1,,,,2024-11-18 06:02:28
12837,716679,19972,home,1,5-4-1,1,1,8,293328,Justine Vanhaevermaet,Center Defender,5,0,0,-1,,,,0,0,-1,,,,2024-11-18 06:02:28
12837,716679,19972,home,1,5-4-1,1,1,20,312482,Megan Finnigan,Center Right Defender,6,0,0,-1,,,,0,0,-1,,,,2024-11-18 06:02:28
12837,716679,19972,home,1,5-4-1,1,1,25,270037,Katja Snoeijs,Right Midfielder,7,0,0,-1,,,,1,297709,11,297709.0,3720.0,62',2024-11-18 06:02:28
12837,716679,19972,home,1,5-4-1,1,1,6,303336,Honoka Hayashi,Center Right Midfielder,8,0,0,-1,,,,1,364520,47,364520.0,4320.0,72',2024-11-18 06:02:28
12837,716679,19972,home,1,5-4-1,1,1,9,211151,Toni Payne,Forward,9,0,0,-1,,,,1,378053,4,378053.0,4860.0,81',2024-11-18 06:02:28
12837,716679,19972,home,1,5-4-1,1,1,7,300568,Clare Wheeler,Center Left Midfielder,10,0,0,-1,,,,0,0,-1,,,,2024-11-18 06:02:28
12837,716679,19972,home,1,5-4-1,1,1,14,255452,Melissa Lawley,Left Midfielder,11,0,0,-1,,,,1,312559,21,312559.0,4380.0,73',2024-11-18 06:02:28
12837,716679,19972,home,1,5-4-1,1,0,11,297709,Emma Bissell,Substitute,0,1,270037,25,270037.0,3720.0,62',0,0,-1,,,,2024-11-18 06:02:28
12837,716679,19972,home,1,5-4-1,1,0,12,294254,Emily Ramsey,Substitute,0,0,0,-1,,,,0,0,-1,,,,2024-11-18 06:02:28
12837,716679,19972,home,1,5-4-1,1,0,21,312559,Veatriki Sarri,Substitute,0,1,255452,14,255452.0,4380.0,73',0,0,-1,,,,2024-11-18 06:02:28
12837,716679,19972,home,1,5-4-1,1,0,47,364520,Karoline Olesen,Substitute,0,1,303336,6,303336.0,4320.0,72',0,0,-1,,,,2024-11-18 06:02:28
12837,716679,19972,home,1,5-4-1,1,0,38,378052,Macy Settle,Substitute,0,0,0,-1,,,,0,0,-1,,,,2024-11-18 06:02:28
12837,716679,19972,home,1,5-4-1,1,0,13,278276,Rylee Foster,Substitute,0,0,0,-1,,,,0,0,-1,,,,2024-11-18 06:02:28
12837,716679,19972,home,1,5-4-1,1,0,40,384158,Ellie Jones,Substitute,0,0,0,-1,,,,0,0,-1,,,,2024-11-18 06:02:28
12837,716679,19972,home,1,5-4-1,1,0,42,211994,Lauren Thomas,Substitute,0,0,0,-1,,,,0,0,-1,,,,2024-11-18 06:02:28
12837,716679,19972,home,1,5-4-1,1,0,4,378053,Issy Hobson,Substitute,0,1,211151,9,211151.0,4860.0,81',0,0,-1,,,,2025-04-05 08:30:15
12837,716679,19971,away,0,3-1-4-2,1,1,16,243031,Teagan Micah,Goalkeeper,1,0,0,-1,,,,0,0,-1,,,,2024-11-18 06:02:28
12837,716679,19971,away,0,3-1-4-2,1,1,4,261669,Grace Fisk,Right Midfielder,2,0,0,-1,,,,1,257593,20,257593.0,5100.0,85',2024-11-18 06:02:28
12837,716679,19971,away,0,3-1-4-2,1,1,12,323520,Taylor Hinds,Left Midfielder,3,0,0,-1,,,,0,0,-1,,,,2024-11-18 06:02:28
12837,716679,19971,away,0,3-1-4-2,1,1,23,188447,Gemma Bonner,Center Defender,4,0,0,-1,,,,0,0,-1,,,,2024-11-18 06:02:28
12837,716679,19971,away,0,3-1-4-2,1,1,17,305989,Jenna Clark,Center Right Defender,5,0,0,-1,,,,1,389652,7,389652.0,3660.0,61',2024-11-18 06:02:28
12837,716679,19971,away,0,3-1-4-2,1,1,34,328798,Hannah Silcock,Center Left Defender,6,0,0,-1,,,,1,259312,3,259312.0,3660.0,61',2024-11-18 06:02:28
12837,716679,19971,away,0,3-1-4-2,1,1,14,314199,Marie Hobinger,Center Right Midfielder,7,0,0,-1,,,,0,0,-1,,,,2025-04-05 08:30:15
12837,716679,19971,away,0,3-1-4-2,1,1,8,282995,Fuka Nagano,Sweeper,8,0,0,-1,,,,0,0,-1,,,,2024-11-18 06:02:28
12837,716679,19971,away,0,3-1-4-2,1,1,11,279337,Olivia Smith,Center Right Forward,9,0,0,-1,,,,0,0,-1,,,,2024-11-18 06:02:28
12837,716679,19971,away,0,3-1-4-2,1,1,9,287518,Leanne Kiernan,Center Left Forward,10,0,0,-1,,,,1,325841,13,325841.0,4260.0,71',2024-11-18 06:02:28
12837,716679,19971,away,0,3-1-4-2,1,1,18,264581,Ceri Holland,Center Left Midfielder,11,0,0,-1,,,,0,0,-1,,,,2024-11-18 06:02:28
12837,716679,19971,away,0,3-1-4-2,1,0,36,384503,Zara Shaw,,0,0,0,-1,,,,0,0,-1,,,,2024-11-18 06:02:28
12837,716679,19971,away,0,3-1-4-2,1,0,7,389652,Cornelia Kapocs,,0,1,305989,17,305989.0,3660.0,61',0,0,-1,,,,2024-11-18 06:02:28
12837,716679,19971,away,0,3-1-4-2,1,0,5,219050,Niamh Fahey,,0,0,0,-1,,,,0,0,-1,,,,2024-11-18 06:02:28
12837,716679,19971,away,0,3-1-4-2,1,0,20,257593,Yana Daniels,,0,1,261669,4,261669.0,5100.0,85',0,0,-1,,,,2024-11-18 06:02:28
12837,716679,19971,away,0,3-1-4-2,1,0,3,259312,Gemma Evans,,0,1,328798,34,328798.0,3660.0,61',0,0,-1,,,,2024-11-18 06:02:28
12837,716679,19971,away,0,3-1-4-2,1,0,13,325841,Mia Enderby,,0,1,287518,9,287518.0,4260.0,71',0,0,-1,,,,2024-11-18 06:02:28
12837,716679,19971,away,0,3-1-4-2,1,0,47,376486,Eva Spencer,,0,0,0,-1,,,,0,0,-1,,,,2024-11-18 06:02:28
12837,716680,19975,home,1,4-4-2,1,1,1,296372,Kinga Szemik,Goalkeeper,1,0,0,-1,,,,0,0,-1,,,,2024-12-09 12:52:48
12837,716680,19975,home,1,4-4-2,1,1,18,310225,Anouk Denton,Right Back,2,0,0,-1,,,,0,0,-1,,,,2024-12-09 12:52:48
12837,716680,19975,home,1,4-4-2,1,1,2,257540,Kirsty Smith,Left Back,3,0,0,-1,,,,0,0,-1,,,,2024-12-09 12:52:48
12837,716680,19975,home,1,4-4-2,1,1,4,349057,Oona Siren,Center Right Midfielder,4,0,0,-1,,,,0,0,-1,,,,2024-12-09 12:52:48
12837,716680,19975,home,1,4-4-2,1,1,5,312251,Amber Tysiak,Center Right Defender,5,0,0,-1,,,,0,0,-1,,,,2024-12-09 12:52:48
12837,716680,19975,home,1,4-4-2,1,1,14,235712,Shelina Zadorsky,Center Left Defender,6,0,0,-1,,,,0,0,-1,,,,2024-12-09 12:52:48
12837,716680,19975,home,1,4-4-2,1,1,77,330350,Seraina Piubel,Right Midfielder,7,0,0,-1,,,,0,0,-1,,,,2024-12-09 12:52:48
12837,716680,19975,home,1,4-4-2,1,1,22,219825,Katrina Gorry,Center Left Midfielder,8,0,0,-1,,,,0,0,-1,,,,2024-12-09 12:52:48
12837,716680,19975,home,1,4-4-2,1,1,9,287317,Riko Ueki,Center Left Forward,9,0,0,-1,,,,0,0,-1,,,,2024-12-09 12:52:48
12837,716680,19975,home,1,4-4-2,1,1,11,298775,Manuela Paví,Center Right Forward,10,0,0,-1,,,,1,312486,12,312486.0,4140.0,69',2024-12-09 12:52:48
12837,716680,19975,home,1,4-4-2,1,1,20,188069,Viviane Asseyi,Left Midfielder,11,0,0,-1,,,,0,0,-1,,,,2024-12-09 12:52:48
12837,716680,19975,home,1,4-4-2,1,0,26,281682,Li Mengwen,Substitute,0,0,0,-1,,,,0,0,-1,,,,2024-12-09 12:52:48
12837,716680,19975,home,1,4-4-2,1,0,21,278192,Shannon Cooke,Substitute,0,0,0,-1,,,,0,0,-1,,,,2024-12-09 12:52:48
12837,716680,19975,home,1,4-4-2,1,0,25,312461,Megan Walsh,Substitute,0,0,0,-1,,,,0,0,-1,,,,2024-12-09 12:52:48
12837,716680,19975,home,1,4-4-2,1,0,12,312486,Emma Harries,Substitute,0,1,298775,11,298775.0,4140.0,69',0,0,-1,,,,2024-12-09 12:52:48
12837,716680,19975,home,1,4-4-2,1,0,33,327979,Halle Houssein,Substitute,0,0,0,-1,,,,0,0,-1,,,,2024-12-09 12:52:48
12837,716680,19975,home,1,4-4-2,1,0,17,264860,Camila Sáez,Substitute,0,0,0,-1,,,,0,0,-1,,,,2024-12-09 12:52:48
12837,716680,19975,home,1,4-4-2,1,0,10,259752,Dagný Brynjarsdóttir,Substitute,0,0,0,-1,,,,0,0,-1,,,,2024-12-19 06:05:16
12837,716680,19975,home,1,4-4-2,1,0,7,350638,Marika Bergman-Lundin,Substitute,0,0,0,-1,,,,0,0,-1,,,,2024-12-09 12:52:48
12837,716680,19975,home,1,4-4-2,1,0,36,373408,Soraya Walsh,Substitute,0,0,0,-1,,,,0,0,-1,,,,2024-12-09 12:52:48
12837,716680,21037,away,0,5-4-1,1,1,30,224886,Shae Yanez,Goalkeeper,1,0,0,-1,,,,0,0,-1,,,,2024-12-09 12:52:48
12837,716680,21037,away,0,5-4-1,1,1,20,300434,Indiah-Paige Riley,Right Back,2,0,0,-1,,,,1,314575,11,314575.0,3720.0,62',2024-12-09 12:52:48
12837,716680,21037,away,0,5-4-1,1,1,23,288977,Lily Woodham,Left Back,3,0,0,-1,,,,0,0,-1,,,,2024-12-09 12:52:48
12837,716680,21037,away,0,5-4-1,1,1,2,140056,Katrine Veje,Center Left Defender,4,0,0,-1,,,,0,0,-1,,,,2024-12-09 12:52:48
12837,716680,21037,away,0,5-4-1,1,1,6,324878,Aimee Everett,Center Defender,5,0,0,-1,,,,0,0,-1,,,,2024-12-09 12:52:48
12837,716680,21037,away,0,5-4-1,1,1,15,296781,Hayley Nolan,Center Right Defender,6,0,0,-1,,,,1,324879,8,324879.0,4500.0,75',2024-12-09 12:52:48
12837,716680,21037,away,0,5-4-1,1,1,17,377622,Lexi Potter,Right Midfielder,7,0,0,-1,,,,0,0,-1,,,,2024-12-19 06:05:16
12837,716680,21037,away,0,5-4-1,1,1,5,392348,My Cato,Center Right Midfielder,8,0,0,-1,,,,0,0,-1,,,,2024-12-09 12:52:48
12837,716680,21037,away,0,5-4-1,1,1,28,290269,Katie Stengel,Forward,9,0,0,-1,,,,0,0,-1,,,,2024-12-09 12:52:48
12837,716680,21037,away,0,5-4-1,1,1,10,323499,Annabel Blanchard,Center Left Midfielder,10,0,0,-1,,,,0,0,-1,,,,2024-12-09 12:52:48
12837,716680,21037,away,0,5-4-1,1,1,22,285187,Mille Gejl,Left Midfielder,11,0,0,-1,,,,1,358671,12,358671.0,4860.0,81',2024-12-09 12:52:48
12837,716680,21037,away,0,5-4-1,1,0,4,257534,Chloe Arthur,Substitute,0,0,0,-1,,,,0,0,-1,,,,2024-12-09 12:52:48
12837,716680,21037,away,0,5-4-1,1,0,12,358671,Poppy Pritchard,Substitute,0,1,285187,22,285187.0,4860.0,81',0,0,-1,,,,2024-12-09 12:52:48
12837,716680,21037,away,0,5-4-1,1,0,27,336368,Abbie Larkin,Substitute,0,0,0,-1,,,,0,0,-1,,,,2024-12-09 12:52:48
12837,716680,21037,away,0,5-4-1,1,0,77,328245,Isibeal Atkinson,Substitute,0,0,0,-1,,,,0,0,-1,,,,2024-12-09 12:52:48
12837,716680,21037,away,0,5-4-1,1,0,8,324879,Molly-Mae Sharpe,Substitute,0,1,296781,15,296781.0,4500.0,75',0,0,-1,,,,2024-12-09 12:52:48
12837,716680,21037,away,0,5-4-1,1,0,11,314575,Ashleigh Weerden,Substitute,0,1,300434,20,300434.0,3720.0,62',0,0,-1,,,,2024-12-09 12:52:48
12837,716680,21037,away,0,5-4-1,1,0,3,312463,Felicity Gibbons,Substitute,0,0,0,-1,,,,0,0,-1,,,,2024-12-09 12:52:48
12837,716680,21037,away,0,5-4-1,1,0,19,335986,Milla-Maj Majasaari,Substitute,0,0,0,-1,,,,0,0,-1,,,,2024-12-09 12:52:48
12837,716681,20062,home,1,4-4-2,1,1,27,301685,Eleanor Heeps,Goalkeeper,1,0,0,-1,,,,0,0,-1,,,,2024-12-09 12:52:48
12837,716681,20062,home,1,4-4-2,1,1,29,294265,Ashleigh Neville,Right Back,2,0,0,-1,,,,0,0,-1,,,,2024-12-09 12:52:48
12837,716681,20062,home,1,4-4-2,1,1,6,314494,Amanda Nildén,Left Back,3,0,0,-1,,,,0,0,-1,,,,2024-12-09 12:52:48
12837,716681,20062,home,1,4-4-2,1,1,24,286882,Drew Spence,Center Right Midfielder,4,0,0,-1,,,,0,0,-1,,,,2024-12-09 12:52:48
12837,716681,20062,home,1,4-4-2,1,1,15,312233,Clare Hunt,Center Right Defender,5,0,0,-1,,,,0,0,-1,,,,2024-12-09 12:52:48
12837,716681,20062,home,1,4-4-2,1,1,5,312487,Molly Bartrip,Center Left Defender,6,0,0,-1,,,,0,0,-1,,,,2024-12-09 12:52:48
12837,716681,20062,home,1,4-4-2,1,1,8,219818,Hayley Raso,Right Midfielder,7,0,0,-1,,,,1,349567,13,349567.0,4920.0,82',2024-12-09 12:52:48
12837,716681,20062,home,1,4-4-2,1,1,25,267666,Eveliina Summanen,Center Left Midfielder,8,0,0,-1,,,,1,267679,20,267679.0,5400.0,90'+4',2024-12-09 12:52:48
12837,716681,20062,home,1,4-4-2,1,1,9,293410,Bethany England,Center Left Forward,9,0,0,-1,,,,0,0,-1,,,,2024-12-19 06:05:16
12837,716681,20062,home,1,4-4-2,1,1,17,226804,Martha Thomas,Center Right Forward,10,0,0,-1,,,,1,320356,10,320356.0,3660.0,61',2024-12-09 12:52:48
12837,716681,20062,home,1,4-4-2,1,1,7,294268,Jessica Naz,Left Midfielder,11,0,0,-1,,,,1,355373,31,355373.0,5400.0,90'+4',2024-12-09 12:52:48
12837,716681,20062,home,1,4-4-2,1,0,26,351745,Katelin Talbert,Substitute,0,0,0,-1,,,,0,0,-1,,,,2024-12-09 12:52:48
12837,716681,20062,home,1,4-4-2,1,0,20,267679,Olga Ahtinen,Substitute,0,1,267666,25,267666.0,5400.0,90'+4',0,0,-1,,,,2024-12-09 12:52:48
12837,716681,20062,home,1,4-4-2,1,0,77,219859,Wang Shuang,Substitute,0,0,0,-1,,,,0,0,-1,,,,2024-12-09 12:52:48
12837,716681,20062,home,1,4-4-2,1,0,2,300442,Charlotte Grant,Substitute,0,0,0,-1,,,,0,0,-1,,,,2024-12-09 12:52:48
12837,716681,20062,home,1,4-4-2,1,0,14,311201,Anna Csiki,Substitute,0,0,0,-1,,,,0,0,-1,,,,2024-12-09 12:52:48
12837,716681,20062,home,1,4-4-2,1,0,30,377621,Araya Dennis,Substitute,0,0,0,-1,,,,0,0,-1,,,,2024-12-09 12:52:48
12837,716681,20062,home,1,4-4-2,1,0,10,320356,Maite Oroz,Substitute,0,1,226804,17,226804.0,3660.0,61',0,0,-1,,,,2024-12-09 12:52:48
12837,716681,20062,home,1,4-4-2,1,0,13,349567,Matilda Vinberg,Substitute,0,1,219818,8,219818.0,4920.0,82',0,0,-1,,,,2024-12-09 12:52:48
12837,716681,20062,home,1,4-4-2,1,0,31,355373,Lenna Gunning-Williams,Substitute,0,1,294268,7,294268.0,5400.0,90'+4',0,0,-1,,,,2024-12-09 12:52:48
12837,716681,19972,away,0,5-4-1,1,1,1,209174,Courtney Brosnan,Goalkeeper,1,0,0,-1,,,,0,0,-1,,,,2024-12-09 12:52:48
12837,716681,19972,away,0,5-4-1,1,1,19,291349,Heather Payne,Right Back,2,0,0,-1,,,,1,297709,11,297709.0,4860.0,81',2024-12-09 12:52:48
12837,716681,19972,away,0,5-4-1,1,1,23,287392,Sara Holmgaard,Left Back,3,0,0,-1,,,,1,211151,9,211151.0,4860.0,81',2024-12-09 12:52:48
12837,716681,19972,away,0,5-4-1,1,1,17,284939,Lucy Hope,Center Left Defender,4,0,0,-1,,,,0,0,-1,,,,2024-12-19 06:05:16
12837,716681,19972,away,0,5-4-1,1,1,20,312482,Megan Finnigan,Center Defender,5,0,0,-1,,,,0,0,-1,,,,2024-12-09 12:52:48
12837,716681,19972,away,0,5-4-1,1,1,8,293328,Justine Vanhaevermaet,Center Right Defender,6,0,0,-1,,,,0,0,-1,,,,2024-12-09 12:52:48
12837,716681,19972,away,0,5-4-1,1,1,47,364520,Karoline Olesen,Right Midfielder,7,0,0,-1,,,,1,312559,21,312559.0,2220.0,37',2024-12-09 12:52:48
12837,716681,19972,away,0,5-4-1,1,1,6,303336,Honoka Hayashi,Center Right Midfielder,8,0,0,-1,,,,0,0,-1,,,,2024-12-09 12:52:48
12837,716681,19972,away,0,5-4-1,1,1,25,270037,Katja Snoeijs,Forward,9,0,0,-1,,,,1,378053,4,378053.0,5220.0,87',2024-12-09 12:52:48
12837,716681,19972,away,0,5-4-1,1,1,7,300568,Clare Wheeler,Center Left Midfielder,10,0,0,-1,,,,0,0,-1,,,,2024-12-09 12:52:48
12837,716681,19972,away,0,5-4-1,1,1,14,255452,Melissa Lawley,Left Midfielder,11,0,0,-1,,,,1,349927,27,349927.0,2220.0,37',2024-12-09 12:52:48
12837,716681,19972,away,0,5-4-1,1,0,12,294254,Emily Ramsey,Substitute,0,0,0,-1,,,,0,0,-1,,,,2024-12-09 12:52:48
12837,716681,19972,away,0,5-4-1,1,0,21,312559,Veatriki Sarri,Substitute,0,1,364520,47,364520.0,2220.0,37',0,0,-1,,,,2024-12-09 12:52:48
12837,716681,19972,away,0,5-4-1,1,0,4,378053,Issy Hobson,Substitute,0,1,270037,25,270037.0,5220.0,87',0,0,-1,,,,2024-12-19 06:05:16
12837,716681,19972,away,0,5-4-1,1,0,27,349927,Elise Stenevik,Substitute,0,1,255452,14,255452.0,2220.0,37',0,0,-1,,,,2024-12-09 12:52:48
12837,716681,19972,away,0,5-4-1,1,0,11,297709,Emma Bissell,Substitute,0,1,291349,19,291349.0,4860.0,81',0,0,-1,,,,2024-12-09 12:52:48
12837,716681,19972,away,0,5-4-1,1,0,42,211994,Lauren Thomas,Substitute,0,0,0,-1,,,,0,0,-1,,,,2024-12-09 12:52:48
12837,716681,19972,away,0,5-4-1,1,0,9,211151,Toni Payne,Substitute,0,1,287392,23,287392.0,4860.0,81',0,0,-1,,,,2024-12-09 12:52:48
12837,716682,20061,home,1,4-2-3-1,1,1,91,208938,Phallon Tullis-Joyce,Goalkeeper,1,0,0,-1,,,,0,0,-1,,,,2024-12-09 12:52:48
12837,716682,20061,home,1,4-2-3-1,1,1,14,267765,Jayde Riviere,Right Back,2,0,0,-1,,,,1,349220,13,349220.0,4980.0,83',2024-12-09 12:52:48
12837,716682,20061,home,1,4-2-3-1,1,1,3,268536,Gabby George,Left Back,3,0,0,-1,,,,0,0,-1,,,,2024-12-19 06:05:16
12837,716682,20061,home,1,4-2-3-1,1,1,17,219947,Dominique Janssen,Left Midfielder,4,0,0,-1,,,,0,0,-1,,,,2024-12-09 12:52:48
12837,716682,20061,home,1,4-2-3-1,1,1,4,312462,Maya Le Tissier,Center Right Defender,5,0,0,-1,,,,0,0,-1,,,,2024-12-09 12:52:48
12837,716682,20061,home,1,4-2-3-1,1,1,21,294257,Millie Turner,Center Left Defender,6,0,0,-1,,,,0,0,-1,,,,2024-12-09 12:52:48
12837,716682,20061,home,1,4-2-3-1,1,1,23,268325,Geyse,Attacking Midfielder Right,7,0,0,-1,,,,1,328108,15,,,,2024-12-19 06:05:16
12837,716682,20061,home,1,4-2-3-1,1,1,20,283107,Hinata Miyazawa,Right Midfielder,8,0,0,-1,,,,1,361722,34,361722.0,4980.0,83',2024-12-09 12:52:48
12837,716682,20061,home,1,4-2-3-1,1,1,19,298669,Elisabeth Terland,Forward,9,0,0,-1,,,,1,134423,28,134423.0,4680.0,78',2024-12-09 12:52:48
12837,716682,20061,home,1,4-2-3-1,1,1,8,306883,Grace Clinton,Attacking Midfielder,10,0,0,-1,,,,0,0,-1,,,,2024-12-09 12:52:48
12837,716682,20061,home,1,4-2-3-1,1,1,11,294256,Leah Galton,Attacking Midfielder Left,11,0,0,-1,,,,1,295670,9,295670.0,3900.0,65',2024-12-09 12:52:48
12837,716682,20061,home,1,4-2-3-1,1,0,9,295670,Melvine Malard,Substitute,0,1,294256,11,294256.0,3900.0,65',0,0,-1,,,,2024-12-09 12:52:48
12837,716682,20061,home,1,4-2-3-1,1,0,15,328108,Celin Bizet,Substitute,0,1,268325,23,268325.0,3900.0,65',0,0,-1,,,,2024-12-19 06:05:16
12837,716682,20061,home,1,4-2-3-1,1,0,39,332051,Safia Middleton-Patel,Substitute,0,0,0,-1,,,,0,0,-1,,,,2024-12-09 12:52:48
12837,716682,20061,home,1,4-2-3-1,1,0,34,361722,Emma Watson,Substitute,0,1,283107,20,283107.0,4980.0,83',0,0,-1,,,,2024-12-09 12:52:48
12837,716682,20061,home,1,4-2-3-1,1,0,13,349220,Simi Awujo,Substitute,0,1,267765,14,267765.0,4980.0,83',0,0,-1,,,,2024-12-09 12:52:48
12837,716682,20061,home,1,4-2-3-1,1,0,28,134423,Rachel Williams,Substitute,0,1,298669,19,298669.0,4680.0,78',0,0,-1,,,,2024-12-09 12:52:48
12837,716682,20061,home,1,4-2-3-1,1,0,38,351331,Jess Simpson,Substitute,0,0,0,-1,,,,0,0,-1,,,,2024-12-19 06:05:16
12837,716682,20061,home,1,4-2-3-1,1,0,12,259315,Hayley Ladd,Substitute,0,0,0,-1,,,,0,0,-1,,,,2024-12-19 06:05:16
12837,716682,20061,home,1,4-2-3-1,1,0,2,359233,Anna Sandberg,Substitute,0,0,0,-1,,,,0,0,-1,,,,2024-12-09 12:52:48
12837,716682,19971,away,0,3-5-2,1,1,16,243031,Teagan Micah,Goalkeeper,1,0,0,-1,,,,0,0,-1,,,,2024-12-09 12:52:48
12837,716682,19971,away,0,3-5-2,1,1,13,325841,Mia Enderby,Right Midfielder,2,0,0,-1,,,,1,219050,5,219050.0,4620.0,77',2024-12-09 12:52:48
12837,716682,19971,away,0,3-5-2,1,1,12,323520,Taylor Hinds,Left Midfielder,3,0,0,-1,,,,0,0,-1,,,,2024-12-09 12:52:48
12837,716682,19971,away,0,3-5-2,1,1,6,312477,Jasmine Matthews,Center Left Defender,4,0,0,-1,,,,1,305989,17,305989.0,3780.0,63',2024-12-09 12:52:48
12837,716682,19971,away,0,3-5-2,1,1,23,188447,Gemma Bonner,Center Defender,5,0,0,-1,,,,0,0,-1,,,,2024-12-09 12:52:48
12837,716682,19971,away,0,3-5-2,1,1,4,261669,Grace Fisk,Center Right Defender,6,0,0,-1,,,,1,257593,20,257593.0,4620.0,77',2024-12-09 12:52:48
12837,716682,19971,away,0,3-5-2,1,1,36,384503,Zara Shaw,Center Right Midfielder,7,0,0,-1,,,,0,0,-1,,,,2024-12-09 12:52:48
12837,716682,19971,away,0,3-5-2,1,1,18,264581,Ceri Holland,Center Left Midfielder,8,0,0,-1,,,,1,382805,56,382805.0,5400.0,90'+6',2024-12-09 12:52:48
12837,716682,19971,away,0,3-5-2,1,1,11,279337,Olivia Smith,Center Left Forward,9,0,0,-1,,,,0,0,-1,,,,2024-12-09 12:52:48
12837,716682,19971,away,0,3-5-2,1,1,7,389652,Cornelia Kapocs,Center Right Forward,10,0,0,-1,,,,1,287518,9,287518.0,3780.0,63',2024-12-09 12:52:48
12837,716682,19971,away,0,3-5-2,1,1,8,282995,Fuka Nagano,Attacking Midfielder,11,0,0,-1,,,,0,0,-1,,,,2024-12-09 12:52:48
12837,716682,19971,away,0,3-5-2,1,0,47,376486,Eva Spencer,Substitute,0,0,0,-1,,,,0,0,-1,,,,2024-12-09 12:52:48
12837,716682,19971,away,0,3-5-2,1,0,17,305989,Jenna Clark,Substitute,0,1,312477,6,312477.0,3780.0,63',0,0,-1,,,,2024-12-09 12:52:48
12837,716682,19971,away,0,3-5-2,1,0,9,287518,Leanne Kiernan,Substitute,0,1,389652,7,389652.0,3780.0,63',0,0,-1,,,,2024-12-09 12:52:48
12837,716682,19971,away,0,3-5-2,1,0,20,257593,Yana Daniels,Substitute,0,1,261669,4,261669.0,4620.0,77',0,0,-1,,,,2024-12-09 12:52:48
12837,716682,19971,away,0,3-5-2,1,0,5,219050,Niamh Fahey,Substitute,0,1,325841,13,325841.0,4620.0,77',0,0,-1,,,,2024-12-09 12:52:48
12837,716682,19971,away,0,3-5-2,1,0,56,382805,Maddy Duffy,Substitute,0,1,264581,18,264581.0,5400.0,90'+6',0,0,-1,,,,2024-12-09 12:52:48
12837,716683,19257,home,1,4-3-3,1,1,35,314954,Khiara Keating,Goalkeeper,1,0,0,-1,,,,0,0,-1,,,,2024-12-09 12:52:48
12837,716683,19257,home,1,4-3-3,1,1,18,309904,Kerstin Casparij,Right Back,2,0,0,-1,,,,0,0,-1,,,,2024-12-09 12:52:48
12837,716683,19257,home,1,4-3-3,1,1,15,249105,Leila Ouahabi,Left Back,3,0,0,-1,,,,1,390465,44,390465.0,4440.0,74',2024-12-09 12:52:48
12837,716683,19257,home,1,4-3-3,1,1,25,256228,Yui Hasegawa,Center Midfielder,4,0,0,-1,,,,1,390467,52,390467.0,4440.0,74',2024-12-09 12:52:48
12837,716683,19257,home,1,4-3-3,1,1,4,286338,Laia Aleixandri,Center Right Defender,5,0,0,-1,,,,1,219819,14,219819.0,3540.0,59',2024-12-09 12:52:48
12837,716683,19257,home,1,4-3-3,1,1,5,204659,Alex Greenwood,Center Left Defender,6,0,0,-1,,,,0,0,-1,,,,2024-12-09 12:52:48
12837,716683,19257,home,1,4-3-3,1,1,10,219951,Jill Roord,Right Midfielder,7,0,0,-1,,,,0,0,-1,,,,2024-12-09 12:52:48
12837,716683,19257,home,1,4-3-3,1,1,16,296503,Jess Park,Left Midfielder,8,0,0,-1,,,,1,298641,19,298641.0,3540.0,59',2024-12-19 06:05:16
12837,716683,19257,home,1,4-3-3,1,1,21,261947,Khadija Shaw,Forward,9,0,0,-1,,,,1,390468,46,390468.0,4440.0,74',2024-12-09 12:52:48
12837,716683,19257,home,1,4-3-3,1,1,8,276165,Mary Fowler,Right Forward,10,0,0,-1,,,,0,0,-1,,,,2024-12-09 12:52:48
12837,716683,19257,home,1,4-3-3,1,1,20,351355,Aoba Fujino,Left Forward,11,0,0,-1,,,,0,0,-1,,,,2024-12-09 12:52:48
12837,716683,19257,home,1,4-3-3,1,0,19,298641,Laura Blindkilde Brown,Substitute,0,1,296503,16,,,,0,0,-1,,,,2024-12-19 06:05:16
12837,716683,19257,home,1,4-3-3,1,0,40,304863,Katie Startup,Substitute,0,0,0,-1,,,,0,0,-1,,,,2024-12-09 12:52:48
12837,716683,19257,home,1,4-3-3,1,0,31,223470,Ayaka Yamashita,Substitute,0,0,0,-1,,,,0,0,-1,,,,2024-12-09 12:52:48
12837,716683,19257,home,1,4-3-3,1,0,28,353342,Gracie Prior,Substitute,0,0,0,-1,,,,0,0,-1,,,,2024-12-09 12:52:48
12837,716683,19257,home,1,4-3-3,1,0,44,390465,Codie Thomas,Substitute,0,1,249105,15,249105.0,4440.0,74',0,0,-1,,,,2024-12-09 12:52:48
12837,716683,19257,home,1,4-3-3,1,0,52,390467,Eve O'Carroll,Substitute,0,1,256228,25,256228.0,4440.0,74',0,0,-1,,,,2024-12-09 12:52:48
12837,716683,19257,home,1,4-3-3,1,0,46,390468,Lily Murphy,Substitute,0,1,261947,21,261947.0,4440.0,74',0,0,-1,,,,2024-12-09 12:52:48
12837,716683,19257,home,1,4-3-3,1,0,14,219819,Alanna Kennedy,Substitute,0,1,286338,4,286338.0,3540.0,59',0,0,-1,,,,2024-12-09 12:52:48
12837,716683,21036,away,0,4-2-3-1,1,1,1,328082,Janina Leitzig,Goalkeeper,1,0,0,-1,,,,0,0,-1,,,,2024-12-09 12:52:48
12837,716683,21036,away,0,4-2-3-1,1,1,4,219962,C.J. Bott,Right Back,2,0,0,-1,,,,0,0,-1,,,,2024-12-09 12:52:48
12837,716683,21036,away,0,4-2-3-1,1,1,2,300518,Courtney Nevin,Left Back,3,0,0,-1,,,,1,317638,17,317638.0,4380.0,73',2024-12-09 12:52:48
12837,716683,21036,away,0,4-2-3-1,1,1,30,302566,Ruby Mace,Left Midfielder,4,0,0,-1,,,,0,0,-1,,,,2024-12-09 12:52:48
12837,716683,21036,away,0,4-2-3-1,1,1,5,210382,Sophie Howard,Center Right Defender,5,0,0,-1,,,,0,0,-1,,,,2024-12-09 12:52:48
12837,716683,21036,away,0,4-2-3-1,1,1,31,248450,Chantelle Swaby,Center Left Defender,6,0,0,-1,,,,0,0,-1,,,,2024-12-09 12:52:48
12837,716683,21036,away,0,4-2-3-1,1,1,21,323496,Hannah Cain,Attacking Midfielder Right,7,0,0,-1,,,,1,235714,7,235714.0,3720.0,62',2024-12-09 12:52:48
12837,716683,21036,away,0,4-2-3-1,1,1,11,257569,Janice Cayman,Right Midfielder,8,0,0,-1,,,,1,379853,18,379853.0,4380.0,73',2024-12-09 12:52:48
12837,716683,21036,away,0,4-2-3-1,1,1,6,288888,Saori Takarada,Forward,9,0,0,-1,,,,1,376668,47,376668.0,4860.0,81',2024-12-09 12:52:48
12837,716683,21036,away,0,4-2-3-1,1,1,29,256223,Yuka Momiki,Attacking Midfielder,10,0,0,-1,,,,0,0,-1,,,,2024-12-09 12:52:48
12837,716683,21036,away,0,4-2-3-1,1,1,20,294600,Missy Goodwin,Attacking Midfielder Left,11,0,0,-1,,,,1,386685,53,386685.0,4380.0,73',2024-12-09 12:52:48
12837,716683,21036,away,0,4-2-3-1,1,0,17,317638,Julie Thibaud,Substitute,0,1,300518,2,300518.0,4380.0,73',0,0,-1,,,,2024-12-09 12:52:48
12837,716683,21036,away,0,4-2-3-1,1,0,22,330334,Sari Kees,Substitute,0,0,0,-1,,,,0,0,-1,,,,2024-12-09 12:52:48
12837,716683,21036,away,0,4-2-3-1,1,0,47,376668,Simone Sherwood,Substitute,0,1,288888,6,288888.0,4860.0,81',0,0,-1,,,,2024-12-09 12:52:48
12837,716683,21036,away,0,4-2-3-1,1,0,18,379853,Emilia Pelgander,Substitute,0,1,257569,11,257569.0,4380.0,73',0,0,-1,,,,2024-12-09 12:52:48
12837,716683,21036,away,0,4-2-3-1,1,0,53,386685,Nelly Las,Substitute,0,1,294600,20,294600.0,4380.0,73',0,0,-1,,,,2024-12-09 12:52:48
12837,716683,21036,away,0,4-2-3-1,1,0,23,264730,Lize Kop,Substitute,0,0,0,-1,,,,0,0,-1,,,,2024-12-09 12:52:48
12837,716683,21036,away,0,4-2-3-1,1,0,7,235714,Deanne Rose,Substitute,0,1,323496,21,323496.0,3720.0,62',0,0,-1,,,,2024-12-09 12:52:48
12837,716684,19973,home,1,4-2-3-1,1,1,14,309903,Daphne van Domselaar,Goalkeeper,1,0,0,-1,,,,0,0,-1,,,,2024-12-09 12:52:48
12837,716684,19973,home,1,4-2-3-1,1,1,2,263684,Emily Fox,Right Back,2,0,0,-1,,,,1,263682,3,263682.0,2700.0,45',2024-12-09 12:52:48
12837,716684,19973,home,1,4-2-3-1,1,1,11,219079,Katie McCabe,Left Back,3,0,0,-1,,,,0,0,-1,,,,2024-12-09 12:52:48
12837,716684,19973,home,1,4-2-3-1,1,1,8,257473,Mariona Caldentey,Left Midfielder,4,0,0,-1,,,,0,0,-1,,,,2024-12-09 12:52:48
12837,716684,19973,home,1,4-2-3-1,1,1,6,268100,Leah Williamson,Center Right Defender,5,0,0,-1,,,,0,0,-1,,,,2024-12-09 12:52:48
12837,716684,19973,home,1,4-2-3-1,1,1,7,219822,Steph Catley,Center Left Defender,6,0,0,-1,,,,1,268324,26,268324.0,4500.0,75',2024-12-09 12:52:48
12837,716684,19973,home,1,4-2-3-1,1,1,9,280982,Beth Mead,Attacking Midfielder Right,7,0,0,-1,,,,0,0,-1,,,,2024-12-09 12:52:48
12837,716684,19973,home,1,4-2-3-1,1,1,32,288907,Kyra Cooney-Cross,Right Midfielder,8,0,0,-1,,,,1,317573,22,,,,2024-12-09 12:52:48
12837,716684,19973,home,1,4-2-3-1,1,1,23,263683,Alessia Russo,Forward,9,0,0,-1,,,,0,0,-1,,,,2024-12-09 12:52:48
12837,716684,19973,home,1,4-2-3-1,1,1,12,259331,Frida Maanum,Attacking Midfielder,10,0,0,-1,,,,1,240274,25,240274.0,3600.0,60',2024-12-09 12:52:48
12837,716684,19973,home,1,4-2-3-1,1,1,19,158678,Caitlin Foord,Attacking Midfielder Left,11,0,0,-1,,,,1,255416,17,255416.0,4500.0,75',2024-12-09 12:52:48
12837,716684,19973,home,1,4-2-3-1,1,0,56,357871,Freya Godfrey,Substitute,0,0,0,-1,,,,0,0,-1,,,,2024-12-09 12:52:48
12837,716684,19973,home,1,4-2-3-1,1,0,16,350636,Rosa Kafaji,Substitute,0,0,0,-1,,,,0,0,-1,,,,2024-12-19 06:05:16
12837,716684,19973,home,1,4-2-3-1,1,0,22,317573,Katherine Kühl,Substitute,0,1,288907,32,288907.0,5040.0,84',0,0,-1,,,,2024-12-09 12:52:48
12837,716684,19973,home,1,4-2-3-1,1,0,17,255416,Lina Hurtig,Substitute,0,1,158678,19,158678.0,4500.0,75',0,0,-1,,,,2024-12-09 12:52:48
12837,716684,19973,home,1,4-2-3-1,1,0,26,268324,Laura Wienroither,Substitute,0,1,219822,7,219822.0,4500.0,75',0,0,-1,,,,2024-12-09 12:52:48
12837,716684,19973,home,1,4-2-3-1,1,0,3,263682,Lotte Wubben-Moy,Substitute,0,1,263684,2,263684.0,2700.0,45',0,0,-1,,,,2024-12-09 12:52:48
12837,716684,19973,home,1,4-2-3-1,1,0,1,252339,Manuela Zinsberger,Substitute,0,0,0,-1,,,,0,0,-1,,,,2024-12-09 12:52:48
12837,716684,19973,home,1,4-2-3-1,1,0,25,240274,Stina Blackstenius,Substitute,0,1,259331,12,259331.0,3600.0,60',0,0,-1,,,,2024-12-09 12:52:48
12837,716684,19973,home,1,4-2-3-1,1,0,5,295638,Laia Codina,Substitute,0,0,0,-1,,,,0,0,-1,,,,2024-12-09 12:52:48
12837,716684,20707,away,0,4-2-3-1,1,1,1,209364,Sabrina D'Angelo,Goalkeeper,1,0,0,-1,,,,0,0,-1,,,,2024-12-09 12:52:48
12837,716684,20707,away,0,4-2-3-1,1,1,2,312456,Sarah Mayling,Right Back,2,0,0,-1,,,,1,220024,16,220024.0,3720.0,62',2024-12-09 12:52:48
12837,716684,20707,away,0,4-2-3-1,1,1,3,335782,Paula Tomás,Left Back,3,0,0,-1,,,,0,0,-1,,,,2024-12-09 12:52:48
12837,716684,20707,away,0,4-2-3-1,1,1,8,178854,Jordan Nobbs,Left Midfielder,4,0,0,-1,,,,1,338756,25,338756.0,4800.0,80',2024-12-09 12:52:48
12837,716684,20707,away,0,4-2-3-1,1,1,4,262611,Anna Patten,Center Right Defender,5,0,0,-1,,,,0,0,-1,,,,2024-12-09 12:52:48
12837,716684,20707,away,0,4-2-3-1,1,1,14,312484,Danielle Turner,Center Left Defender,6,0,0,-1,,,,0,0,-1,,,,2024-12-09 12:52:48
12837,716684,20707,away,0,4-2-3-1,1,1,23,309858,Chasity Grant,Attacking Midfielder Right,7,0,0,-1,,,,1,312467,11,312467.0,4800.0,80',2024-12-09 12:52:48
12837,716684,20707,away,0,4-2-3-1,1,1,5,280984,Lucy Staniforth,Right Midfielder,8,0,0,-1,,,,0,0,-1,,,,2024-12-09 12:52:48
12837,716684,20707,away,0,4-2-3-1,1,1,17,294246,Ebony Salmon,Forward,9,0,0,-1,,,,1,257469,28,257469.0,3720.0,62',2024-12-09 12:52:48
12837,716684,20707,away,0,4-2-3-1,1,1,9,248769,Rachel Daly,Attacking Midfielder,10,0,0,-1,,,,0,0,-1,,,,2024-12-09 12:52:48
12837,716684,20707,away,0,4-2-3-1,1,1,20,294252,Kirsty Hanson,Attacking Midfielder Left,11,0,0,-1,,,,1,219119,10,219119.0,3780.0,63',2024-12-09 12:52:48
12837,716684,20707,away,0,4-2-3-1,1,0,19,219769,Adriana Leon,Substitute,0,0,0,-1,,,,0,0,-1,,,,2024-12-09 12:52:48
12837,716684,20707,away,0,4-2-3-1,1,0,28,257469,Gabi Nunes,Substitute,0,1,294246,17,294246.0,3720.0,62',0,0,-1,,,,2024-12-09 12:52:48
12837,716684,20707,away,0,4-2-3-1,1,0,18,352543,Georgia Mullett,Substitute,0,0,0,-1,,,,0,0,-1,,,,2024-12-09 12:52:48
12837,716684,20707,away,0,4-2-3-1,1,0,35,350626,Sophia Poor,Substitute,0,0,0,-1,,,,0,0,-1,,,,2024-12-09 12:52:48
12837,716684,20707,away,0,4-2-3-1,1,0,25,338756,Miri Taylor,Substitute,0,1,178854,8,178854.0,4800.0,80',0,0,-1,,,,2024-12-19 06:05:16
12837,716684,20707,away,0,4-2-3-1,1,0,10,219119,Kenza Dali,Substitute,0,1,294252,20,294252.0,3780.0,63',0,0,-1,,,,2024-12-09 12:52:48
12837,716684,20707,away,0,4-2-3-1,1,0,33,312497,Mayumi Pacheco,Substitute,0,0,0,-1,,,,0,0,-1,,,,2024-12-09 12:52:48
12837,716684,20707,away,0,4-2-3-1,1,0,11,312467,Katie Robinson,Substitute,0,1,309858,23,309858.0,4800.0,80',0,0,-1,,,,2024-12-09 12:52:48
12837,716684,20707,away,0,4-2-3-1,1,0,16,220024,Noelle Maritz,Substitute,0,1,312456,2,312456.0,3720.0,62',0,0,-1,,,,2024-12-09 12:52:48
12837,716685,19970,home,1,4-2-3-1,1,1,24,312460,Hannah Hampton,Goalkeeper,1,0,0,-1,,,,0,0,-1,,,,2024-12-09 12:52:48
12837,716685,19970,home,1,4-2-3-1,1,1,22,188448,Lucy Bronze,Right Back,2,0,0,-1,,,,0,0,-1,,,,2024-12-09 12:52:48
12837,716685,19970,home,1,4-2-3-1,1,1,12,119954,Ashley Lawrence,Left Back,3,0,0,-1,,,,1,312480,21,312480.0,2700.0,45',2024-12-09 12:52:48
12837,716685,19970,home,1,4-2-3-1,1,1,8,257545,Erin Cuthbert,Left Midfielder,4,0,0,-1,,,,1,317637,27,317637.0,5400.0,90'+3',2024-12-09 12:52:48
12837,716685,19970,home,1,4-2-3-1,1,1,14,255181,Nathalie Björn,Center Right Defender,5,0,0,-1,,,,0,0,-1,,,,2024-12-09 12:52:48
12837,716685,19970,home,1,4-2-3-1,1,1,4,248770,Millie Bright,Center Left Defender,6,0,0,-1,,,,0,0,-1,,,,2024-12-09 12:52:48
12837,716685,19970,home,1,4-2-3-1,1,1,19,264735,Johanna Rytting Kaneryd,Attacking Midfielder Right,7,0,0,-1,,,,1,288680,7,288680.0,4320.0,72',2024-12-19 06:05:16
12837,716685,19970,home,1,4-2-3-1,1,1,6,314382,Sjoeke Nüsken,Right Midfielder,8,0,0,-1,,,,0,0,-1,,,,2024-12-09 12:52:48
12837,716685,19970,home,1,4-2-3-1,1,1,33,313088,Aggie Beever-Jones,Forward,9,0,0,-1,,,,0,0,-1,,,,2024-12-09 12:52:48
12837,716685,19970,home,1,4-2-3-1,1,1,18,315453,Wieke Kaptein,Attacking Midfielder,10,0,0,-1,,,,1,261568,9,261568.0,2700.0,45',2024-12-09 12:52:48
12837,716685,19970,home,1,4-2-3-1,1,1,11,257483,Guro Reiten,Attacking Midfielder Left,11,0,0,-1,,,,0,0,-1,,,,2024-12-09 12:52:48
12837,716685,19970,home,1,4-2-3-1,1,0,23,351356,Maika Hamano,Substitute,0,0,0,-1,,,,0,0,-1,,,,2024-12-09 12:52:48
12837,716685,19970,home,1,4-2-3-1,1,0,25,347124,Maelys Mpomé,Substitute,0,0,0,-1,,,,0,0,-1,,,,2024-12-09 12:52:48
12837,716685,19970,home,1,4-2-3-1,1,0,27,317637,Oriane Jean-François,Substitute,0,1,257545,8,257545.0,5400.0,90'+3',0,0,-1,,,,2024-12-09 12:52:48
12837,716685,19970,home,1,4-2-3-1,1,0,29,311207,Alejandra Bernabe,Substitute,0,0,0,-1,,,,0,0,-1,,,,2024-12-09 12:52:48
12837,716685,19970,home,1,4-2-3-1,1,0,7,288680,Mayra Ramírez,Substitute,0,1,264735,19,264735.0,4320.0,72',0,0,-1,,,,2024-12-09 12:52:48
12837,716685,19970,home,1,4-2-3-1,1,0,9,261568,Catarina Macario,Substitute,0,1,315453,18,315453.0,2700.0,45',0,0,-1,,,,2024-12-09 12:52:48
12837,716685,19970,home,1,4-2-3-1,1,0,1,255417,Zecira Musovic,Substitute,0,0,0,-1,,,,0,0,-1,,,,2024-12-09 12:52:48
12837,716685,19970,home,1,4-2-3-1,1,0,15,248834,Ève Périsset,Substitute,0,0,0,-1,,,,0,0,-1,,,,2024-12-09 12:52:48
12837,716685,19970,home,1,4-2-3-1,1,0,21,312480,Niamh Charles,Substitute,0,1,119954,12,119954.0,2700.0,45',0,0,-1,,,,2024-12-09 12:52:48
12837,716685,19976,away,0,3-4-2-1,1,1,32,249106,Sophie Baggaley,Goalkeeper,1,0,0,-1,,,,0,0,-1,,,,2024-12-09 12:52:48
12837,716685,19976,away,0,3-4-2-1,1,1,27,257536,Rachel McLauchlan,Right Midfielder,2,0,0,-1,,,,0,0,-1,,,,2024-12-09 12:52:48
12837,716685,19976,away,0,3-4-2-1,1,1,19,309906,Marisa Olislagers,Left Midfielder,3,0,0,-1,,,,0,0,-1,,,,2024-12-09 12:52:48
12837,716685,19976,away,0,3-4-2-1,1,1,3,294247,Poppy Pattinson,Center Left Defender,4,0,0,-1,,,,0,0,-1,,,,2024-12-09 12:52:48
12837,716685,19976,away,0,3-4-2-1,1,1,5,213937,Guro Bergsvand,Center Defender,5,0,0,-1,,,,0,0,-1,,,,2024-12-09 12:52:48
12837,716685,19976,away,0,3-4-2-1,1,1,16,325886,Jorelyn Carabalí,Center Right Defender,6,0,0,-1,,,,0,0,-1,,,,2024-12-09 12:52:48
12837,716685,19976,away,0,3-4-2-1,1,1,10,314994,Jelena Cankovic,Center Right Midfielder,7,0,0,-1,,,,1,305984,20,305984.0,3720.0,62',2024-12-09 12:52:48
12837,716685,19976,away,0,3-4-2-1,1,1,6,219990,Vicky Losada,Center Left Midfielder,8,0,0,-1,,,,0,0,-1,,,,2024-12-09 12:52:48
12837,716685,19976,away,0,3-4-2-1,1,1,9,246314,Nikita Parris,Forward,9,0,0,-1,,,,0,0,-1,,,,2024-12-09 12:52:48
12837,716685,19976,away,0,3-4-2-1,1,1,11,296778,Kiko Seike,Center Right Forward,10,0,0,-1,,,,1,325852,17,325852.0,5160.0,86',2024-12-09 12:52:48
12837,716685,19976,away,0,3-4-2-1,1,1,8,219939,Pauline Bremer,Center Left Forward,11,0,0,-1,,,,1,350678,59,350678.0,2700.0,45',2024-12-09 12:52:48
12837,716685,19976,away,0,3-4-2-1,1,0,17,325852,Bex Rayner,Substitute,0,1,296778,11,296778.0,5160.0,86',0,0,-1,,,,2024-12-19 06:05:16
12837,716685,19976,away,0,3-4-2-1,1,0,48,397482,Tahirah Heron,Substitute,0,0,0,-1,,,,0,0,-1,,,,2024-12-09 12:52:48
12837,716685,19976,away,0,3-4-2-1,1,0,47,396988,Evie Milner,Substitute,0,0,0,-1,,,,0,0,-1,,,,2024-12-09 12:52:48
12837,716685,19976,away,0,3-4-2-1,1,0,61,393921,Mia Balmer,Substitute,0,0,0,-1,,,,0,0,-1,,,,2024-12-09 12:52:48
12837,716685,19976,away,0,3-4-2-1,1,0,63,380654,Olivia Johnson,Substitute,0,0,0,-1,,,,0,0,-1,,,,2024-12-09 12:52:48
12837,716685,19976,away,0,3-4-2-1,1,0,60,377187,Jessica Pegram,Substitute,0,0,0,-1,,,,0,0,-1,,,,2024-12-09 12:52:48
12837,716685,19976,away,0,3-4-2-1,1,0,28,367224,Melina Loeck,Substitute,0,0,0,-1,,,,0,0,-1,,,,2024-12-09 12:52:48
12837,716685,19976,away,0,3-4-2-1,1,0,59,350678,Michelle Agyemang,Substitute,0,1,219939,8,219939.0,2700.0,45',0,0,-1,,,,2024-12-09 12:52:48
12837,716685,19976,away,0,3-4-2-1,1,0,20,305984,Bruna Vilamala,Substitute,0,1,314994,10,314994.0,3720.0,62',0,0,-1,,,,2024-12-09 12:52:48
12837,716686,21036,home,0,4-2-3-1,1,1,1,328082,Janina Leitzig,Goalkeeper,1,0,0,-1,,,,0,0,-1,,,,2024-12-15 05:56:47
12837,716686,21036,home,0,4-2-3-1,1,1,17,317638,Julie Thibaud,Right Back,2,0,0,-1,,,,0,0,-1,,,,2024-12-15 05:56:47
12837,716686,21036,home,0,4-2-3-1,1,1,12,304854,Asmita Ale,Left Back,3,0,0,-1,,,,0,0,-1,,,,2024-12-15 05:56:47
12837,716686,21036,home,0,4-2-3-1,1,1,11,257569,Janice Cayman,Left Midfielder,4,0,0,-1,,,,0,0,-1,,,,2024-12-15 05:56:47
12837,716686,21036,home,0,4-2-3-1,1,1,5,210382,Sophie Howard,Center Right Defender,5,0,0,-1,,,,0,0,-1,,,,2024-12-15 05:56:47
12837,716686,21036,home,0,4-2-3-1,1,1,22,330334,Sari Kees,Center Left Defender,6,0,0,-1,,,,0,0,-1,,,,2024-12-15 05:56:47
12837,716686,21036,home,0,4-2-3-1,1,1,7,235714,Deanne Rose,Attacking Midfielder Right,7,0,0,-1,,,,1,294600,20,294600.0,5400.0,90',2024-12-15 05:56:47
12837,716686,21036,home,0,4-2-3-1,1,1,7,235714,Deanne Rose,Attacking Midfielder Right,7,0,0,-1,,,,1,294600,20,294600.0,660.0,11',2024-12-15 05:56:47
12837,716686,21036,home,0,4-2-3-1,1,1,30,302566,Ruby Mace,Right Midfielder,8,0,0,-1,,,,0,0,-1,,,,2024-12-15 05:56:47
12837,716686,21036,home,0,4-2-3-1,1,1,6,288888,Saori Takarada,Forward,9,0,0,-1,,,,1,386685,53,386685.0,4080.0,68',2024-12-15 05:56:47
12837,716686,21036,home,0,4-2-3-1,1,1,29,256223,Yuka Momiki,Attacking Midfielder,10,0,0,-1,,,,0,0,-1,,,,2024-12-15 05:56:47
12837,716686,21036,home,0,4-2-3-1,1,1,21,323496,Hannah Cain,Attacking Midfielder Left,11,0,0,-1,,,,1,323505,27,323505.0,4080.0,68',2024-12-15 05:56:47
12837,716686,21036,home,0,4-2-3-1,1,0,53,386685,Nelly Las,Substitute,0,1,288888,6,288888.0,4080.0,68',0,0,-1,,,,2024-12-15 05:56:47
12837,716686,21036,home,0,4-2-3-1,1,0,23,264730,Lize Kop,Substitute,0,0,0,-1,,,,0,0,-1,,,,2024-12-15 05:56:47
12837,716686,21036,home,0,4-2-3-1,1,0,31,248450,Chantelle Swaby,Substitute,0,0,0,-1,,,,0,0,-1,,,,2024-12-15 05:56:47
12837,716686,21036,home,0,4-2-3-1,1,0,47,376668,Simone Sherwood,Substitute,0,1,294600,20,294600.0,5400.0,90',0,0,-1,,,,2024-12-15 05:56:47
12837,716686,21036,home,0,4-2-3-1,1,0,57,394496,Sammy Kaczmar,Substitute,0,0,0,-1,,,,0,0,-1,,,,2024-12-15 05:56:47
12837,716686,21036,home,0,4-2-3-1,1,0,20,294600,Missy Goodwin,Substitute,0,1,235714,7,235714.0,660.0,11',1,376668,47,376668.0,5400.0,90',2024-12-15 05:56:47
12837,716686,21036,home,0,4-2-3-1,1,0,27,323505,Shannon O'Brien,Substitute,0,1,323496,21,323496.0,4080.0,68',0,0,-1,,,,2024-12-15 05:56:47
12837,716686,21036,home,0,4-2-3-1,1,0,18,379853,Emilia Pelgander,Substitute,0,0,0,-1,,,,0,0,-1,,,,2024-12-15 05:56:47
12837,716686,21036,home,0,4-2-3-1,1,0,2,300518,Courtney Nevin,Substitute,0,0,0,-1,,,,0,0,-1,,,,2024-12-15 05:56:47
12837,716686,21036,home,0,4-2-3-1,1,0,47,376668,Simone Sherwood,Substitute,0,1,294600,20,294600.0,660.0,11',0,0,-1,,,,2024-12-15 05:56:47
12837,716686,19970,away,0,4-2-3-1,1,1,24,312460,Hannah Hampton,Goalkeeper,1,0,0,-1,,,,0,0,-1,,,,2024-12-15 05:56:47
12837,716686,19970,away,0,4-2-3-1,1,1,22,188448,Lucy Bronze,Right Back,2,0,0,-1,,,,0,0,-1,,,,2024-12-15 05:56:47
12837,716686,19970,away,0,4-2-3-1,1,1,12,119954,Ashley Lawrence,Left Back,3,0,0,-1,,,,1,312480,21,312480.0,2700.0,45',2024-12-15 05:56:47
12837,716686,19970,away,0,4-2-3-1,1,1,18,315453,Wieke Kaptein,Left Midfielder,4,0,0,-1,,,,0,0,-1,,,,2024-12-15 05:56:47
12837,716686,19970,away,0,4-2-3-1,1,1,14,255181,Nathalie Björn,Center Right Defender,5,0,0,-1,,,,1,311207,29,311207.0,4500.0,75',2024-12-15 05:56:47
12837,716686,19970,away,0,4-2-3-1,1,1,4,248770,Millie Bright,Center Left Defender,6,0,0,-1,,,,0,0,-1,,,,2024-12-15 05:56:47
12837,716686,19970,away,0,4-2-3-1,1,1,19,264735,Johanna Rytting Kaneryd,Attacking Midfielder Right,7,0,0,-1,,,,0,0,-1,,,,2024-12-19 06:05:16
12837,716686,19970,away,0,4-2-3-1,1,1,6,314382,Sjoeke Nüsken,Right Midfielder,8,0,0,-1,,,,0,0,-1,,,,2024-12-15 05:56:47
12837,716686,19970,away,0,4-2-3-1,1,1,7,288680,Mayra Ramírez,Forward,9,0,0,-1,,,,0,0,-1,,,,2024-12-15 05:56:47
12837,716686,19970,away,0,4-2-3-1,1,1,23,351356,Maika Hamano,Attacking Midfielder,10,0,0,-1,,,,1,261568,9,261568.0,2700.0,45',2024-12-15 05:56:47
12837,716686,19970,away,0,4-2-3-1,1,1,11,257483,Guro Reiten,Attacking Midfielder Left,11,0,0,-1,,,,1,313088,33,313088.0,3720.0,62',2024-12-15 05:56:47
12837,716686,19970,away,0,4-2-3-1,1,0,53,386624,Lola Brown,Substitute,0,0,0,-1,,,,0,0,-1,,,,2024-12-15 05:56:47
12837,716686,19970,away,0,4-2-3-1,1,0,27,317637,Oriane Jean-François,Substitute,0,0,0,-1,,,,0,0,-1,,,,2024-12-15 05:56:47
12837,716686,19970,away,0,4-2-3-1,1,0,33,313088,Aggie Beever-Jones,Substitute,0,1,257483,11,257483.0,3720.0,62',0,0,-1,,,,2024-12-15 05:56:47
12837,716686,19970,away,0,4-2-3-1,1,0,21,312480,Niamh Charles,Substitute,0,1,119954,12,119954.0,2700.0,45',0,0,-1,,,,2024-12-15 05:56:47
12837,716686,19970,away,0,4-2-3-1,1,0,29,311207,Alejandra Bernabe,Substitute,0,1,255181,14,255181.0,4500.0,75',0,0,-1,,,,2024-12-15 05:56:47
12837,716686,19970,away,0,4-2-3-1,1,0,40,292674,Katie Cox,Substitute,0,0,0,-1,,,,0,0,-1,,,,2024-12-15 05:56:47
12837,716686,19970,away,0,4-2-3-1,1,0,9,261568,Catarina Macario,Substitute,0,1,351356,23,351356.0,2700.0,45',0,0,-1,,,,2024-12-15 05:56:47
12837,716686,19970,away,0,4-2-3-1,1,0,1,255417,Zecira Musovic,Substitute,0,0,0,-1,,,,0,0,-1,,,,2024-12-15 05:56:47
12837,716686,19970,away,0,4-2-3-1,1,0,15,248834,Ève Périsset,Substitute,0,0,0,-1,,,,0,0,-1,,,,2024-12-15 05:56:47
12837,716687,19972,home,1,5-4-1,1,1,1,209174,Courtney Brosnan,Goalkeeper,1,0,0,-1,,,,0,0,-1,,,,2024-12-16 05:54:42
12837,716687,19972,home,1,5-4-1,1,1,19,291349,Heather Payne,Right Back,2,0,0,-1,,,,0,0,-1,,,,2024-12-16 05:54:42
12837,716687,19972,home,1,5-4-1,1,1,23,287392,Sara Holmgaard,Left Back,3,0,0,-1,,,,1,297709,11,297709.0,5160.0,86',2024-12-16 05:54:42
12837,716687,19972,home,1,5-4-1,1,1,17,284939,Lucy Hope,Center Left Defender,4,0,0,-1,,,,0,0,-1,,,,2024-12-19 06:05:16
12837,716687,19972,home,1,5-4-1,1,1,20,312482,Megan Finnigan,Center Defender,5,0,0,-1,,,,0,0,-1,,,,2024-12-16 05:54:42
12837,716687,19972,home,1,5-4-1,1,1,8,293328,Justine Vanhaevermaet,Center Right Defender,6,0,0,-1,,,,0,0,-1,,,,2024-12-16 05:54:42
12837,716687,19972,home,1,5-4-1,1,1,14,255452,Melissa Lawley,Right Midfielder,7,0,0,-1,,,,0,0,-1,,,,2024-12-16 05:54:42
12837,716687,19972,home,1,5-4-1,1,1,25,270037,Katja Snoeijs,Center Right Midfielder,8,0,0,-1,,,,1,312559,21,312559.0,5160.0,86',2024-12-16 05:54:42
12837,716687,19972,home,1,5-4-1,1,1,9,211151,Toni Payne,Forward,9,0,0,-1,,,,1,364520,47,364520.0,4740.0,79',2024-12-16 05:54:42
12837,716687,19972,home,1,5-4-1,1,1,7,300568,Clare Wheeler,Center Left Midfielder,10,0,0,-1,,,,0,0,-1,,,,2024-12-16 05:54:42
12837,716687,19972,home,1,5-4-1,1,1,6,303336,Honoka Hayashi,Left Midfielder,11,0,0,-1,,,,0,0,-1,,,,2024-12-16 05:54:42
12837,716687,19972,home,1,5-4-1,1,0,40,384158,Ellie Jones,Substitute,0,0,0,-1,,,,0,0,-1,,,,2024-12-16 05:54:42
12837,716687,19972,home,1,5-4-1,1,0,42,211994,Lauren Thomas,Substitute,0,0,0,-1,,,,0,0,-1,,,,2024-12-16 05:54:42
12837,716687,19972,home,1,5-4-1,1,0,12,294254,Emily Ramsey,Substitute,0,0,0,-1,,,,0,0,-1,,,,2024-12-16 05:54:42
12837,716687,19972,home,1,5-4-1,1,0,11,297709,Emma Bissell,Substitute,0,1,287392,23,287392.0,5160.0,86',0,0,-1,,,,2024-12-16 05:54:42
12837,716687,19972,home,1,5-4-1,1,0,21,312559,Veatriki Sarri,Substitute,0,1,270037,25,270037.0,5160.0,86',0,0,-1,,,,2024-12-16 05:54:42
12837,716687,19972,home,1,5-4-1,1,0,47,364520,Karoline Olesen,Substitute,0,1,211151,9,211151.0,4740.0,79',0,0,-1,,,,2024-12-16 05:54:42
12837,716687,19972,home,1,5-4-1,1,0,38,378052,Macy Settle,Substitute,0,0,0,-1,,,,0,0,-1,,,,2024-12-16 05:54:42
12837,716687,19257,away,0,4-2-3-1,1,1,35,314954,Khiara Keating,Goalkeeper,1,0,0,-1,,,,0,0,-1,,,,2024-12-16 05:54:42
12837,716687,19257,away,0,4-2-3-1,1,1,18,309904,Kerstin Casparij,Right Back,2,0,0,-1,,,,0,0,-1,,,,2024-12-16 05:54:42
12837,716687,19257,away,0,4-2-3-1,1,1,15,249105,Leila Ouahabi,Left Back,3,0,0,-1,,,,0,0,-1,,,,2024-12-16 05:54:42
12837,716687,19257,away,0,4-2-3-1,1,1,25,256228,Yui Hasegawa,Left Midfielder,4,0,0,-1,,,,0,0,-1,,,,2024-12-16 05:54:42
12837,716687,19257,away,0,4-2-3-1,1,1,14,219819,Alanna Kennedy,Center Right Defender,5,0,0,-1,,,,1,390468,46,390468.0,2700.0,45',2024-12-16 05:54:42
12837,716687,19257,away,0,4-2-3-1,1,1,4,286338,Laia Aleixandri,Center Left Defender,6,0,0,-1,,,,0,0,-1,,,,2024-12-16 05:54:42
12837,716687,19257,away,0,4-2-3-1,1,1,16,296503,Jess Park,Attacking Midfielder Right,7,0,0,-1,,,,1,229456,7,229456.0,4680.0,78',2024-12-19 06:05:16
12837,716687,19257,away,0,4-2-3-1,1,1,10,219951,Jill Roord,Right Midfielder,8,0,0,-1,,,,0,0,-1,,,,2024-12-16 05:54:42
12837,716687,19257,away,0,4-2-3-1,1,1,8,276165,Mary Fowler,Forward,9,0,0,-1,,,,0,0,-1,,,,2024-12-16 05:54:42
12837,716687,19257,away,0,4-2-3-1,1,1,19,298641,Laura Blindkilde Brown,Attacking Midfielder,10,0,0,-1,,,,1,282993,9,282993.0,3780.0,63',2024-12-19 06:05:16
12837,716687,19257,away,0,4-2-3-1,1,1,20,351355,Aoba Fujino,Attacking Midfielder Left,11,0,0,-1,,,,0,0,-1,,,,2024-12-16 05:54:42
12837,716687,19257,away,0,4-2-3-1,1,0,46,390468,Lily Murphy,Substitute,0,1,219819,14,219819.0,2700.0,45',0,0,-1,,,,2024-12-16 05:54:42
12837,716687,19257,away,0,4-2-3-1,1,0,7,229456,Laura Coombs,Substitute,0,1,296503,16,,,,0,0,-1,,,,2024-12-16 05:54:42
12837,716687,19257,away,0,4-2-3-1,1,0,9,282993,Chloe Kelly,Substitute,0,1,298641,19,298641.0,3780.0,63',0,0,-1,,,,2024-12-16 05:54:42
12837,716687,19257,away,0,4-2-3-1,1,0,28,353342,Gracie Prior,Substitute,0,0,0,-1,,,,0,0,-1,,,,2024-12-16 05:54:42
12837,716687,19257,away,0,4-2-3-1,1,0,53,380968,Mayzee Davies,Substitute,0,0,0,-1,,,,0,0,-1,,,,2024-12-16 05:54:42
12837,716687,19257,away,0,4-2-3-1,1,0,44,390465,Codie Thomas,Substitute,0,0,0,-1,,,,0,0,-1,,,,2024-12-16 05:54:42
12837,716687,19257,away,0,4-2-3-1,1,0,52,390467,Eve O'Carroll,Substitute,0,0,0,-1,,,,0,0,-1,,,,2024-12-16 05:54:42
12837,716687,19257,away,0,4-2-3-1,1,0,31,223470,Ayaka Yamashita,Substitute,0,0,0,-1,,,,0,0,-1,,,,2024-12-16 05:54:42
12837,716688,20707,home,1,4-2-3-1,1,1,1,209364,Sabrina D'Angelo,Goalkeeper,1,0,0,-1,,,,0,0,-1,,,,2024-12-16 05:54:42
12837,716688,20707,home,1,4-2-3-1,1,1,16,220024,Noelle Maritz,Right Back,2,0,0,-1,,,,1,312456,2,312456.0,3840.0,64',2024-12-16 05:54:42
12837,716688,20707,home,1,4-2-3-1,1,1,3,335782,Paula Tomás,Left Back,3,0,0,-1,,,,0,0,-1,,,,2024-12-16 05:54:42
12837,716688,20707,home,1,4-2-3-1,1,1,8,178854,Jordan Nobbs,Left Midfielder,4,0,0,-1,,,,0,0,-1,,,,2024-12-16 05:54:42
12837,716688,20707,home,1,4-2-3-1,1,1,4,262611,Anna Patten,Center Right Defender,5,0,0,-1,,,,0,0,-1,,,,2024-12-16 05:54:42
12837,716688,20707,home,1,4-2-3-1,1,1,14,312484,Danielle Turner,Center Left Defender,6,0,0,-1,,,,0,0,-1,,,,2024-12-16 05:54:42
12837,716688,20707,home,1,4-2-3-1,1,1,19,219769,Adriana Leon,Attacking Midfielder Right,7,0,0,-1,,,,1,312497,33,312497.0,5280.0,88',2024-12-16 05:54:42
12837,716688,20707,home,1,4-2-3-1,1,1,5,280984,Lucy Staniforth,Right Midfielder,8,0,0,-1,,,,1,338756,25,338756.0,4860.0,81',2024-12-16 05:54:42
12837,716688,20707,home,1,4-2-3-1,1,1,9,248769,Rachel Daly,Forward,9,0,0,-1,,,,1,257469,28,257469.0,4800.0,80',2024-12-16 05:54:42
12837,716688,20707,home,1,4-2-3-1,1,1,10,219119,Kenza Dali,Attacking Midfielder,10,0,0,-1,,,,0,0,-1,,,,2024-12-16 05:54:42
12837,716688,20707,home,1,4-2-3-1,1,1,17,294246,Ebony Salmon,Attacking Midfielder Left,11,0,0,-1,,,,1,294252,20,294252.0,3840.0,64',2024-12-16 05:54:42
12837,716688,20707,home,1,4-2-3-1,1,0,20,294252,Kirsty Hanson,Substitute,0,1,294246,17,294246.0,3840.0,64',0,0,-1,,,,2024-12-16 05:54:42
12837,716688,20707,home,1,4-2-3-1,1,0,23,309858,Chasity Grant,Substitute,0,0,0,-1,,,,0,0,-1,,,,2024-12-16 05:54:42
12837,716688,20707,home,1,4-2-3-1,1,0,2,312456,Sarah Mayling,Substitute,0,1,220024,16,220024.0,3840.0,64',0,0,-1,,,,2024-12-16 05:54:42
12837,716688,20707,home,1,4-2-3-1,1,0,18,352543,Georgia Mullett,Substitute,0,0,0,-1,,,,0,0,-1,,,,2024-12-16 05:54:42
12837,716688,20707,home,1,4-2-3-1,1,0,28,257469,Gabi Nunes,Substitute,0,1,248769,9,248769.0,4800.0,80',0,0,-1,,,,2024-12-16 05:54:42
12837,716688,20707,home,1,4-2-3-1,1,0,35,350626,Sophia Poor,Substitute,0,0,0,-1,,,,0,0,-1,,,,2024-12-16 05:54:42
12837,716688,20707,home,1,4-2-3-1,1,0,33,312497,Mayumi Pacheco,Substitute,0,1,219769,19,219769.0,5280.0,88',0,0,-1,,,,2024-12-16 05:54:42
12837,716688,20707,home,1,4-2-3-1,1,0,7,323523,Missy Bo Kearns,Substitute,0,0,0,-1,,,,0,0,-1,,,,2024-12-16 05:54:42
12837,716688,20707,home,1,4-2-3-1,1,0,25,338756,Miri Taylor,Substitute,0,1,280984,5,280984.0,4860.0,81',0,0,-1,,,,2024-12-19 06:05:16
12837,716688,19975,away,0,4-4-2,1,1,1,296372,Kinga Szemik,Goalkeeper,1,0,0,-1,,,,0,0,-1,,,,2024-12-16 05:54:42
12837,716688,19975,away,0,4-4-2,1,1,26,281682,Li Mengwen,Right Back,2,0,0,-1,,,,1,278192,21,278192.0,5160.0,86',2024-12-16 05:54:42
12837,716688,19975,away,0,4-4-2,1,1,18,310225,Anouk Denton,Left Back,3,0,0,-1,,,,0,0,-1,,,,2024-12-16 05:54:42
12837,716688,19975,away,0,4-4-2,1,1,4,349057,Oona Siren,Center Right Midfielder,4,0,0,-1,,,,1,259752,10,259752.0,5400.0,90'+3',2024-12-16 05:54:42
12837,716688,19975,away,0,4-4-2,1,1,5,312251,Amber Tysiak,Center Right Defender,5,0,0,-1,,,,0,0,-1,,,,2024-12-16 05:54:42
12837,716688,19975,away,0,4-4-2,1,1,14,235712,Shelina Zadorsky,Center Left Defender,6,0,0,-1,,,,0,0,-1,,,,2024-12-16 05:54:42
12837,716688,19975,away,0,4-4-2,1,1,77,330350,Seraina Piubel,Right Midfielder,7,0,0,-1,,,,0,0,-1,,,,2024-12-16 05:54:42
12837,716688,19975,away,0,4-4-2,1,1,22,219825,Katrina Gorry,Center Left Midfielder,8,0,0,-1,,,,0,0,-1,,,,2024-12-16 05:54:42
12837,716688,19975,away,0,4-4-2,1,1,11,298775,Manuela Paví,Center Left Forward,9,0,0,-1,,,,1,257540,2,257540.0,4620.0,77',2024-12-16 05:54:42
12837,716688,19975,away,0,4-4-2,1,1,9,287317,Riko Ueki,Center Right Forward,10,0,0,-1,,,,0,0,-1,,,,2024-12-16 05:54:42
12837,716688,19975,away,0,4-4-2,1,1,20,188069,Viviane Asseyi,Left Midfielder,11,0,0,-1,,,,0,0,-1,,,,2024-12-16 05:54:42
12837,716688,19975,away,0,4-4-2,1,0,2,257540,Kirsty Smith,Substitute,0,1,298775,11,298775.0,4620.0,77',0,0,-1,,,,2024-12-16 05:54:42
12837,716688,19975,away,0,4-4-2,1,0,36,373408,Soraya Walsh,Substitute,0,0,0,-1,,,,0,0,-1,,,,2024-12-16 05:54:42
12837,716688,19975,away,0,4-4-2,1,0,7,350638,Marika Bergman-Lundin,Substitute,0,0,0,-1,,,,0,0,-1,,,,2024-12-16 05:54:42
12837,716688,19975,away,0,4-4-2,1,0,33,327979,Halle Houssein,Substitute,0,0,0,-1,,,,0,0,-1,,,,2024-12-16 05:54:42
12837,716688,19975,away,0,4-4-2,1,0,12,312486,Emma Harries,Substitute,0,0,0,-1,,,,0,0,-1,,,,2024-12-16 05:54:42
12837,716688,19975,away,0,4-4-2,1,0,25,312461,Megan Walsh,Substitute,0,0,0,-1,,,,0,0,-1,,,,2024-12-16 05:54:42
12837,716688,19975,away,0,4-4-2,1,0,21,278192,Shannon Cooke,Substitute,0,1,281682,26,281682.0,5160.0,86',0,0,-1,,,,2024-12-16 05:54:42
12837,716688,19975,away,0,4-4-2,1,0,17,264860,Camila Sáez,Substitute,0,0,0,-1,,,,0,0,-1,,,,2024-12-16 05:54:42
12837,716688,19975,away,0,4-4-2,1,0,10,259752,Dagný Brynjarsdóttir,Substitute,0,1,349057,4,349057.0,5400.0,90'+3',0,0,-1,,,,2024-12-19 06:05:16
12837,716689,19976,home,0,3-4-3,1,1,32,249106,Sophie Baggaley,Goalkeeper,1,0,0,-1,,,,0,0,-1,,,,2024-12-15 05:56:47
12837,716689,19976,home,0,3-4-3,1,1,27,257536,Rachel McLauchlan,Right Midfielder,2,0,0,-1,,,,0,0,-1,,,,2024-12-15 05:56:47
12837,716689,19976,home,0,3-4-3,1,1,19,309906,Marisa Olislagers,Left Midfielder,3,0,0,-1,,,,0,0,-1,,,,2024-12-15 05:56:47
12837,716689,19976,home,0,3-4-3,1,1,3,294247,Poppy Pattinson,Center Left Defender,4,0,0,-1,,,,0,0,-1,,,,2024-12-15 05:56:47
12837,716689,19976,home,0,3-4-3,1,1,5,213937,Guro Bergsvand,Center Defender,5,0,0,-1,,,,0,0,-1,,,,2024-12-15 05:56:47
12837,716689,19976,home,0,3-4-3,1,1,16,325886,Jorelyn Carabalí,Center Right Defender,6,0,0,-1,,,,0,0,-1,,,,2024-12-15 05:56:47
12837,716689,19976,home,0,3-4-3,1,1,6,219990,Vicky Losada,Center Right Midfielder,7,0,0,-1,,,,0,0,-1,,,,2024-12-15 05:56:47
12837,716689,19976,home,0,3-4-3,1,1,10,314994,Jelena Cankovic,Center Left Midfielder,8,0,0,-1,,,,1,305984,20,305984.0,4860.0,81',2024-12-15 05:56:47
12837,716689,19976,home,0,3-4-3,1,1,9,246314,Nikita Parris,Forward,9,0,0,-1,,,,0,0,-1,,,,2024-12-15 05:56:47
12837,716689,19976,home,0,3-4-3,1,1,11,296778,Kiko Seike,Center Right Forward,10,0,0,-1,,,,0,0,-1,,,,2024-12-15 05:56:47
12837,716689,19976,home,0,3-4-3,1,1,8,219939,Pauline Bremer,Center Left Forward,11,0,0,-1,,,,1,350678,59,350678.0,2700.0,45',2024-12-15 05:56:47
12837,716689,19976,home,0,3-4-3,1,0,20,305984,Bruna Vilamala,Substitute,0,1,314994,10,314994.0,4860.0,81',0,0,-1,,,,2024-12-15 05:56:47
12837,716689,19976,home,0,3-4-3,1,0,48,397482,Tahirah Heron,Substitute,0,0,0,-1,,,,0,0,-1,,,,2024-12-15 05:56:47
12837,716689,19976,home,0,3-4-3,1,0,47,396988,Evie Milner,Substitute,0,0,0,-1,,,,0,0,-1,,,,2024-12-15 05:56:47
12837,716689,19976,home,0,3-4-3,1,0,61,393921,Mia Balmer,Substitute,0,0,0,-1,,,,0,0,-1,,,,2025-04-05 08:30:15
12837,716689,19976,home,0,3-4-3,1,0,63,380654,Olivia Johnson,Substitute,0,0,0,-1,,,,0,0,-1,,,,2024-12-15 05:56:47
12837,716689,19976,home,0,3-4-3,1,0,60,377187,Jessica Pegram,Substitute,0,0,0,-1,,,,0,0,-1,,,,2024-12-15 05:56:47
12837,716689,19976,home,0,3-4-3,1,0,28,367224,Melina Loeck,Substitute,0,0,0,-1,,,,0,0,-1,,,,2024-12-15 05:56:47
12837,716689,19976,home,0,3-4-3,1,0,59,350678,Michelle Agyemang,Substitute,0,1,219939,8,219939.0,2700.0,45',0,0,-1,,,,2024-12-15 05:56:47
12837,716689,19976,home,0,3-4-3,1,0,17,325852,Bex Rayner,Substitute,0,0,0,-1,,,,0,0,-1,,,,2024-12-19 06:05:16
12837,716689,20062,away,0,4-4-2,1,1,27,301685,Eleanor Heeps,Goalkeeper,1,0,0,-1,,,,0,0,-1,,,,2024-12-15 05:56:47
12837,716689,20062,away,0,4-4-2,1,1,29,294265,Ashleigh Neville,Right Back,2,0,0,-1,,,,0,0,-1,,,,2024-12-15 05:56:47
12837,716689,20062,away,0,4-4-2,1,1,6,314494,Amanda Nildén,Left Back,3,0,0,-1,,,,0,0,-1,,,,2024-12-15 05:56:47
12837,716689,20062,away,0,4-4-2,1,1,10,320356,Maite Oroz,Center Right Midfielder,4,0,0,-1,,,,1,226804,17,226804.0,3180.0,53',2024-12-15 05:56:47
12837,716689,20062,away,0,4-4-2,1,1,15,312233,Clare Hunt,Center Right Defender,5,0,0,-1,,,,0,0,-1,,,,2024-12-15 05:56:47
12837,716689,20062,away,0,4-4-2,1,1,5,312487,Molly Bartrip,Center Left Defender,6,0,0,-1,,,,0,0,-1,,,,2024-12-15 05:56:47
12837,716689,20062,away,0,4-4-2,1,1,7,294268,Jessica Naz,Right Midfielder,7,0,0,-1,,,,0,0,-1,,,,2024-12-15 05:56:47
12837,716689,20062,away,0,4-4-2,1,1,25,267666,Eveliina Summanen,Center Left Midfielder,8,0,0,-1,,,,0,0,-1,,,,2024-12-15 05:56:47
12837,716689,20062,away,0,4-4-2,1,1,9,293410,Bethany England,Center Left Forward,9,0,0,-1,,,,0,0,-1,,,,2024-12-19 06:05:16
12837,716689,20062,away,0,4-4-2,1,1,24,286882,Drew Spence,Center Right Forward,10,0,0,-1,,,,0,0,-1,,,,2024-12-15 05:56:47
12837,716689,20062,away,0,4-4-2,1,1,8,219818,Hayley Raso,Left Midfielder,11,0,0,-1,,,,0,0,-1,,,,2024-12-15 05:56:47
12837,716689,20062,away,0,4-4-2,1,0,21,309086,Luana Bühler,Substitute,0,0,0,-1,,,,0,0,-1,,,,2024-12-15 05:56:47
12837,716689,20062,away,0,4-4-2,1,0,14,311201,Anna Csiki,Substitute,0,0,0,-1,,,,0,0,-1,,,,2024-12-15 05:56:47
12837,716689,20062,away,0,4-4-2,1,0,2,300442,Charlotte Grant,Substitute,0,0,0,-1,,,,0,0,-1,,,,2024-12-15 05:56:47
12837,716689,20062,away,0,4-4-2,1,0,20,267679,Olga Ahtinen,Substitute,0,0,0,-1,,,,0,0,-1,,,,2024-12-15 05:56:47
12837,716689,20062,away,0,4-4-2,1,0,17,226804,Martha Thomas,Substitute,0,1,320356,10,320356.0,3180.0,53',0,0,-1,,,,2024-12-15 05:56:47
12837,716689,20062,away,0,4-4-2,1,0,13,349567,Matilda Vinberg,Substitute,0,0,0,-1,,,,0,0,-1,,,,2024-12-15 05:56:47
12837,716689,20062,away,0,4-4-2,1,0,26,351745,Katelin Talbert,Substitute,0,0,0,-1,,,,0,0,-1,,,,2024-12-15 05:56:47
12837,716689,20062,away,0,4-4-2,1,0,31,355373,Lenna Gunning-Williams,Substitute,0,0,0,-1,,,,0,0,-1,,,,2024-12-15 05:56:47
12837,716689,20062,away,0,4-4-2,1,0,30,377621,Araya Dennis,Substitute,0,0,0,-1,,,,0,0,-1,,,,2024-12-15 05:56:47
12837,716690,21037,home,0,5-3-2,1,1,30,224886,Shae Yanez,Goalkeeper,1,0,0,-1,,,,0,0,-1,,,,2024-12-16 05:54:42
12837,716690,21037,home,0,5-3-2,1,1,20,300434,Indiah-Paige Riley,Right Back,2,0,0,-1,,,,1,324879,8,324879.0,2700.0,45',2024-12-16 05:54:42
12837,716690,21037,home,0,5-3-2,1,1,23,288977,Lily Woodham,Left Back,3,0,0,-1,,,,0,0,-1,,,,2024-12-16 05:54:42
12837,716690,21037,home,0,5-3-2,1,1,2,140056,Katrine Veje,Center Left Defender,4,0,0,-1,,,,0,0,-1,,,,2024-12-16 05:54:42
12837,716690,21037,home,0,5-3-2,1,1,6,324878,Aimee Everett,Center Defender,5,0,0,-1,,,,0,0,-1,,,,2024-12-16 05:54:42
12837,716690,21037,home,0,5-3-2,1,1,15,296781,Hayley Nolan,Center Right Defender,6,0,0,-1,,,,0,0,-1,,,,2024-12-16 05:54:42
12837,716690,21037,home,0,5-3-2,1,1,17,377622,Lexi Potter,Center Right Midfielder,7,0,0,-1,,,,0,0,-1,,,,2024-12-19 06:05:16
12837,716690,21037,home,0,5-3-2,1,1,5,392348,My Cato,Center Midfielder,8,0,0,-1,,,,0,0,-1,,,,2024-12-16 05:54:42
12837,716690,21037,home,0,5-3-2,1,1,10,323499,Annabel Blanchard,Center Left Forward,9,0,0,-1,,,,1,336368,27,336368.0,4260.0,71',2024-12-16 05:54:42
12837,716690,21037,home,0,5-3-2,1,1,28,290269,Katie Stengel,Center Right Forward,10,0,0,-1,,,,1,314575,11,314575.0,2520.0,42',2024-12-16 05:54:42
12837,716690,21037,home,0,5-3-2,1,1,22,285187,Mille Gejl,Center Left Midfielder,11,0,0,-1,,,,0,0,-1,,,,2024-12-16 05:54:42
12837,716690,21037,home,0,5-3-2,1,0,27,336368,Abbie Larkin,Substitute,0,1,323499,10,323499.0,4260.0,71',0,0,-1,,,,2024-12-16 05:54:42
12837,716690,21037,home,0,5-3-2,1,0,11,314575,Ashleigh Weerden,Substitute,0,1,290269,28,290269.0,2520.0,42',0,0,-1,,,,2024-12-16 05:54:42
12837,716690,21037,home,0,5-3-2,1,0,3,312463,Felicity Gibbons,Substitute,0,0,0,-1,,,,0,0,-1,,,,2024-12-16 05:54:42
12837,716690,21037,home,0,5-3-2,1,0,4,257534,Chloe Arthur,Substitute,0,0,0,-1,,,,0,0,-1,,,,2024-12-16 05:54:42
12837,716690,21037,home,0,5-3-2,1,0,8,324879,Molly-Mae Sharpe,Substitute,0,1,300434,20,300434.0,2700.0,45',0,0,-1,,,,2024-12-16 05:54:42
12837,716690,21037,home,0,5-3-2,1,0,77,328245,Isibeal Atkinson,Substitute,0,0,0,-1,,,,0,0,-1,,,,2024-12-16 05:54:42
12837,716690,21037,home,0,5-3-2,1,0,19,335986,Milla-Maj Majasaari,Substitute,0,0,0,-1,,,,0,0,-1,,,,2024-12-16 05:54:42
12837,716690,21037,home,0,5-3-2,1,0,12,358671,Poppy Pritchard,Substitute,0,0,0,-1,,,,0,0,-1,,,,2024-12-16 05:54:42
12837,716690,20061,away,1,4-2-3-1,1,1,91,208938,Phallon Tullis-Joyce,Goalkeeper,1,0,0,-1,,,,0,0,-1,,,,2024-12-16 05:54:42
12837,716690,20061,away,1,4-2-3-1,1,1,14,267765,Jayde Riviere,Right Back,2,0,0,-1,,,,0,0,-1,,,,2024-12-16 05:54:42
12837,716690,20061,away,1,4-2-3-1,1,1,3,268536,Gabby George,Left Back,3,0,0,-1,,,,1,359233,2,359233.0,4320.0,72',2024-12-19 06:05:16
12837,716690,20061,away,1,4-2-3-1,1,1,17,219947,Dominique Janssen,Left Midfielder,4,0,0,-1,,,,0,0,-1,,,,2024-12-16 05:54:42
12837,716690,20061,away,1,4-2-3-1,1,1,4,312462,Maya Le Tissier,Center Right Defender,5,0,0,-1,,,,0,0,-1,,,,2024-12-16 05:54:42
12837,716690,20061,away,1,4-2-3-1,1,1,21,294257,Millie Turner,Center Left Defender,6,0,0,-1,,,,0,0,-1,,,,2024-12-16 05:54:42
12837,716690,20061,away,1,4-2-3-1,1,1,23,268325,Geyse,Attacking Midfielder Right,7,0,0,-1,,,,1,328108,15,,,,2025-01-13 05:34:22
12837,716690,20061,away,1,4-2-3-1,1,1,20,283107,Hinata Miyazawa,Right Midfielder,8,0,0,-1,,,,1,259315,12,259315.0,5220.0,87',2024-12-16 05:54:42
12837,716690,20061,away,1,4-2-3-1,1,1,19,298669,Elisabeth Terland,Forward,9,0,0,-1,,,,0,0,-1,,,,2024-12-16 05:54:42
12837,716690,20061,away,1,4-2-3-1,1,1,8,306883,Grace Clinton,Attacking Midfielder,10,0,0,-1,,,,0,0,-1,,,,2024-12-16 05:54:42
12837,716690,20061,away,1,4-2-3-1,1,1,11,294256,Leah Galton,Attacking Midfielder Left,11,0,0,-1,,,,0,0,-1,,,,2024-12-16 05:54:42
12837,716690,20061,away,1,4-2-3-1,1,0,12,259315,Hayley Ladd,Substitute,0,1,283107,20,283107.0,5220.0,87',0,0,-1,,,,2024-12-19 06:05:16
12837,716690,20061,away,1,4-2-3-1,1,0,34,361722,Emma Watson,Substitute,0,0,0,-1,,,,0,0,-1,,,,2024-12-16 05:54:42
12837,716690,20061,away,1,4-2-3-1,1,0,2,359233,Anna Sandberg,Substitute,0,1,268536,3,268536.0,4320.0,72',0,0,-1,,,,2024-12-16 05:54:42
12837,716690,20061,away,1,4-2-3-1,1,0,13,349220,Simi Awujo,Substitute,0,0,0,-1,,,,0,0,-1,,,,2024-12-16 05:54:42
12837,716690,20061,away,1,4-2-3-1,1,0,39,332051,Safia Middleton-Patel,Substitute,0,0,0,-1,,,,0,0,-1,,,,2024-12-16 05:54:42
12837,716690,20061,away,1,4-2-3-1,1,0,15,328108,Celin Bizet,Substitute,0,1,268325,23,268325.0,3600.0,60',0,0,-1,,,,2024-12-19 06:05:16
12837,716690,20061,away,1,4-2-3-1,1,0,9,295670,Melvine Malard,Substitute,0,0,0,-1,,,,0,0,-1,,,,2024-12-16 05:54:42
12837,716690,20061,away,1,4-2-3-1,1,0,5,293411,Aoife Mannion,Substitute,0,0,0,-1,,,,0,0,-1,,,,2024-12-16 05:54:42
12837,716690,20061,away,1,4-2-3-1,1,0,28,134423,Rachel Williams,Substitute,0,0,0,-1,,,,0,0,-1,,,,2024-12-16 05:54:42
12837,716691,19971,home,0,3-5-2,1,1,16,243031,Teagan Micah,Goalkeeper,1,0,0,-1,,,,0,0,-1,,,,2024-12-16 05:54:42
12837,716691,19971,home,0,3-5-2,1,1,4,261669,Grace Fisk,Right Midfielder,2,0,0,-1,,,,0,0,-1,,,,2024-12-16 05:54:42
12837,716691,19971,home,0,3-5-2,1,1,12,323520,Taylor Hinds,Left Midfielder,3,0,0,-1,,,,0,0,-1,,,,2024-12-16 05:54:42
12837,716691,19971,home,0,3-5-2,1,1,23,188447,Gemma Bonner,Center Left Defender,4,0,0,-1,,,,1,219050,5,219050.0,5100.0,85',2024-12-16 05:54:42
12837,716691,19971,home,0,3-5-2,1,1,17,305989,Jenna Clark,Center Defender,5,0,0,-1,,,,0,0,-1,,,,2024-12-16 05:54:42
12837,716691,19971,home,0,3-5-2,1,1,6,312477,Jasmine Matthews,Center Right Defender,6,0,0,-1,,,,1,259312,3,259312.0,5040.0,84',2024-12-16 05:54:42
12837,716691,19971,home,0,3-5-2,1,1,36,384503,Zara Shaw,Center Right Midfielder,7,0,0,-1,,,,1,257593,20,257593.0,4620.0,77',2024-12-16 05:54:42
12837,716691,19971,home,0,3-5-2,1,1,18,264581,Ceri Holland,Center Left Midfielder,8,0,0,-1,,,,0,0,-1,,,,2024-12-16 05:54:42
12837,716691,19971,home,0,3-5-2,1,1,11,279337,Olivia Smith,Center Left Forward,9,0,0,-1,,,,0,0,-1,,,,2024-12-16 05:54:42
12837,716691,19971,home,0,3-5-2,1,1,13,325841,Mia Enderby,Center Right Forward,10,0,0,-1,,,,1,389652,7,389652.0,5040.0,84',2024-12-16 05:54:42
12837,716691,19971,home,0,3-5-2,1,1,8,282995,Fuka Nagano,Attacking Midfielder,11,0,0,-1,,,,1,328798,34,328798.0,4620.0,77',2024-12-16 05:54:42
12837,716691,19971,home,0,3-5-2,1,0,20,257593,Yana Daniels,Substitute,0,1,384503,36,384503.0,4620.0,77',0,0,-1,,,,2024-12-16 05:54:42
12837,716691,19971,home,0,3-5-2,1,0,57,397510,Neve Mcdonald,Substitute,0,0,0,-1,,,,0,0,-1,,,,2024-12-16 05:54:42
12837,716691,19971,home,0,3-5-2,1,0,7,389652,Cornelia Kapocs,Substitute,0,1,325841,13,325841.0,5040.0,84',0,0,-1,,,,2024-12-16 05:54:42
12837,716691,19971,home,0,3-5-2,1,0,47,376486,Eva Spencer,Substitute,0,0,0,-1,,,,0,0,-1,,,,2024-12-16 05:54:42
12837,716691,19971,home,0,3-5-2,1,0,34,328798,Hannah Silcock,Substitute,0,1,282995,8,282995.0,4620.0,77',0,0,-1,,,,2024-12-16 05:54:42
12837,716691,19971,home,0,3-5-2,1,0,5,219050,Niamh Fahey,Substitute,0,1,188447,23,188447.0,5100.0,85',0,0,-1,,,,2024-12-16 05:54:42
12837,716691,19971,home,0,3-5-2,1,0,3,259312,Gemma Evans,Substitute,0,1,312477,6,312477.0,5040.0,84',0,0,-1,,,,2024-12-16 05:54:42
12837,716691,19971,home,0,3-5-2,1,0,1,230835,Rachael Laws,Substitute,0,0,0,-1,,,,0,0,-1,,,,2024-12-16 05:54:42
12837,716691,19973,away,1,4-2-3-1,1,1,14,309903,Daphne van Domselaar,Goalkeeper,1,0,0,-1,,,,0,0,-1,,,,2024-12-16 05:54:42
12837,716691,19973,away,1,4-2-3-1,1,1,2,263684,Emily Fox,Right Back,2,0,0,-1,,,,0,0,-1,,,,2024-12-16 05:54:42
12837,716691,19973,away,1,4-2-3-1,1,1,11,219079,Katie McCabe,Left Back,3,0,0,-1,,,,0,0,-1,,,,2024-12-16 05:54:42
12837,716691,19973,away,1,4-2-3-1,1,1,8,257473,Mariona Caldentey,Left Midfielder,4,0,0,-1,,,,1,263682,3,263682.0,5400.0,90'+3',2024-12-16 05:54:42
12837,716691,19973,away,1,4-2-3-1,1,1,6,268100,Leah Williamson,Center Right Defender,5,0,0,-1,,,,0,0,-1,,,,2024-12-16 05:54:42
12837,716691,19973,away,1,4-2-3-1,1,1,7,219822,Steph Catley,Center Left Defender,6,0,0,-1,,,,0,0,-1,,,,2024-12-16 05:54:42
12837,716691,19973,away,1,4-2-3-1,1,1,19,158678,Caitlin Foord,Attacking Midfielder Right,7,0,0,-1,,,,1,255416,17,255416.0,4560.0,76',2024-12-16 05:54:42
12837,716691,19973,away,1,4-2-3-1,1,1,32,288907,Kyra Cooney-Cross,Right Midfielder,8,0,0,-1,,,,0,0,-1,,,,2024-12-16 05:54:42
12837,716691,19973,away,1,4-2-3-1,1,1,23,263683,Alessia Russo,Forward,9,0,0,-1,,,,0,0,-1,,,,2024-12-16 05:54:42
12837,716691,19973,away,1,4-2-3-1,1,1,12,259331,Frida Maanum,Attacking Midfielder,10,0,0,-1,,,,1,176041,10,176041.0,3480.0,58',2024-12-16 05:54:42
12837,716691,19973,away,1,4-2-3-1,1,1,9,280982,Beth Mead,Attacking Midfielder Left,11,0,0,-1,,,,1,240274,25,240274.0,3480.0,58',2024-12-16 05:54:42
12837,716691,19973,away,1,4-2-3-1,1,0,5,295638,Laia Codina,Substitute,0,0,0,-1,,,,0,0,-1,,,,2024-12-16 05:54:42
12837,716691,19973,away,1,4-2-3-1,1,0,16,350636,Rosa Kafaji,Substitute,0,0,0,-1,,,,0,0,-1,,,,2024-12-19 06:05:16
12837,716691,19973,away,1,4-2-3-1,1,0,22,317573,Katherine Kühl,Substitute,0,0,0,-1,,,,0,0,-1,,,,2024-12-16 05:54:42
12837,716691,19973,away,1,4-2-3-1,1,0,3,263682,Lotte Wubben-Moy,Substitute,0,1,257473,8,257473.0,5400.0,90'+3',0,0,-1,,,,2024-12-16 05:54:42
12837,716691,19973,away,1,4-2-3-1,1,0,17,255416,Lina Hurtig,Substitute,0,1,158678,19,158678.0,4560.0,76',0,0,-1,,,,2024-12-16 05:54:42
12837,716691,19973,away,1,4-2-3-1,1,0,1,252339,Manuela Zinsberger,Substitute,0,0,0,-1,,,,0,0,-1,,,,2024-12-16 05:54:42
12837,716691,19973,away,1,4-2-3-1,1,0,25,240274,Stina Blackstenius,Substitute,0,1,280982,9,280982.0,3480.0,58',0,0,-1,,,,2024-12-16 05:54:42
12837,716691,19973,away,1,4-2-3-1,1,0,10,176041,Kim Little,Substitute,0,1,259331,12,259331.0,3480.0,58',0,0,-1,,,,2024-12-16 05:54:42
12837,716691,19973,away,1,4-2-3-1,1,0,26,268324,Laura Wienroither,Substitute,0,0,0,-1,,,,0,0,-1,,,,2024-12-16 05:54:42
12837,716692,19972,home,0,4-4-2,1,1,1,209174,Courtney Brosnan,Goalkeeper,1,0,0,-1,,,,0,0,-1,,,,2025-01-19 05:36:40
12837,716692,19972,home,0,4-4-2,1,1,19,291349,Heather Payne,Right Back,2,0,0,-1,,,,0,0,-1,,,,2025-01-19 05:36:40
12837,716692,19972,home,0,4-4-2,1,1,17,284939,Lucy Hope,Left Back,3,0,0,-1,,,,1,312559,21,312559.0,4380.0,73',2025-01-19 05:36:40
12837,716692,19972,home,0,4-4-2,1,1,16,259315,Hayley Ladd,Center Right Midfielder,4,0,0,-1,,,,1,347190,15,347190.0,4800.0,80',2025-01-19 05:36:40
12837,716692,19972,home,0,4-4-2,1,1,20,312482,Megan Finnigan,Center Right Defender,5,0,0,-1,,,,0,0,-1,,,,2025-01-19 05:36:40
12837,716692,19972,home,0,4-4-2,1,1,5,334991,Martina Fernández,Center Left Defender,6,0,0,-1,,,,0,0,-1,,,,2025-01-19 05:36:40
12837,716692,19972,home,0,4-4-2,1,1,7,300568,Clare Wheeler,Right Midfielder,7,0,0,-1,,,,0,0,-1,,,,2025-01-19 05:36:40
12837,716692,19972,home,0,4-4-2,1,1,6,303336,Honoka Hayashi,Center Left Midfielder,8,0,0,-1,,,,0,0,-1,,,,2025-01-19 05:36:40
12837,716692,19972,home,0,4-4-2,1,1,9,211151,Toni Payne,Center Left Forward,9,0,0,-1,,,,1,392349,29,392349.0,3240.0,54',2025-01-19 05:36:40
12837,716692,19972,home,0,4-4-2,1,1,25,270037,Katja Snoeijs,Center Right Forward,10,0,0,-1,,,,1,361722,18,361722.0,3240.0,54',2025-01-19 05:36:40
12837,716692,19972,home,0,4-4-2,1,1,8,293328,Justine Vanhaevermaet,Left Midfielder,11,0,0,-1,,,,1,255452,14,255452.0,3240.0,54',2025-01-19 05:36:40
12837,716692,19972,home,0,4-4-2,1,0,47,364520,Karoline Olesen,Substitute,0,0,0,-1,,,,0,0,-1,,,,2025-01-19 05:36:40
12837,716692,19972,home,0,4-4-2,1,0,29,392349,Kelly Gago,Substitute,0,1,211151,9,211151.0,3240.0,54',0,0,-1,,,,2025-01-19 05:36:40
12837,716692,19972,home,0,4-4-2,1,0,18,361722,Emma Watson,Substitute,0,1,270037,25,270037.0,3240.0,54',0,0,-1,,,,2025-01-19 05:36:40
12837,716692,19972,home,0,4-4-2,1,0,15,347190,Louna Ribadeira,Substitute,0,1,259315,16,259315.0,4800.0,80',0,0,-1,,,,2025-01-19 05:36:40
12837,716692,19972,home,0,4-4-2,1,0,11,297709,Emma Bissell,Substitute,0,0,0,-1,,,,0,0,-1,,,,2025-01-19 05:36:40
12837,716692,19972,home,0,4-4-2,1,0,12,294254,Emily Ramsey,Substitute,0,0,0,-1,,,,0,0,-1,,,,2025-01-19 05:36:40
12837,716692,19972,home,0,4-4-2,1,0,14,255452,Melissa Lawley,Substitute,0,1,293328,8,293328.0,3240.0,54',0,0,-1,,,,2025-01-19 05:36:40
12837,716692,19972,home,0,4-4-2,1,0,42,211994,Lauren Thomas,Substitute,0,0,0,-1,,,,0,0,-1,,,,2025-01-19 05:36:40
12837,716692,19972,home,0,4-4-2,1,0,21,312559,Veatriki Sarri,Substitute,0,1,284939,17,284939.0,4380.0,73',0,0,-1,,,,2025-01-19 05:36:40
12837,716692,20707,away,0,4-2-3-1,1,1,1,209364,Sabrina D'Angelo,Goalkeeper,1,0,0,-1,,,,0,0,-1,,,,2025-01-19 05:36:40
12837,716692,20707,away,0,4-2-3-1,1,1,16,220024,Noelle Maritz,Right Back,2,0,0,-1,,,,0,0,-1,,,,2025-01-19 05:36:40
12837,716692,20707,away,0,4-2-3-1,1,1,3,335782,Paula Tomás,Left Back,3,0,0,-1,,,,0,0,-1,,,,2025-01-19 05:36:40
12837,716692,20707,away,0,4-2-3-1,1,1,8,178854,Jordan Nobbs,Left Midfielder,4,0,0,-1,,,,0,0,-1,,,,2025-01-19 05:36:40
12837,716692,20707,away,0,4-2-3-1,1,1,4,262611,Anna Patten,Center Right Defender,5,0,0,-1,,,,0,0,-1,,,,2025-01-19 05:36:40
12837,716692,20707,away,0,4-2-3-1,1,1,14,312484,Danielle Turner,Center Left Defender,6,0,0,-1,,,,0,0,-1,,,,2025-01-19 05:36:40
12837,716692,20707,away,0,4-2-3-1,1,1,19,219769,Adriana Leon,Attacking Midfielder Right,7,0,0,-1,,,,1,309858,23,309858.0,4800.0,80',2025-01-19 05:36:40
12837,716692,20707,away,0,4-2-3-1,1,1,22,317630,Jill Baijings,Right Midfielder,8,0,0,-1,,,,1,338756,25,338756.0,3720.0,62',2025-01-19 05:36:40
12837,716692,20707,away,0,4-2-3-1,1,1,28,257469,Gabi Nunes,Forward,9,0,0,-1,,,,0,0,-1,,,,2025-01-19 05:36:40
12837,716692,20707,away,0,4-2-3-1,1,1,9,248769,Rachel Daly,Attacking Midfielder,10,0,0,-1,,,,1,261804,15,261804.0,5400.0,90'+5',2025-01-19 05:36:40
12837,716692,20707,away,0,4-2-3-1,1,1,17,294246,Ebony Salmon,Attacking Midfielder Left,11,0,0,-1,,,,1,294252,20,294252.0,3720.0,62',2025-01-19 05:36:40
12837,716692,20707,away,0,4-2-3-1,1,0,35,350626,Sophia Poor,Substitute,0,0,0,-1,,,,0,0,-1,,,,2025-01-19 05:36:40
12837,716692,20707,away,0,4-2-3-1,1,0,25,338756,Miri Taylor,Substitute,0,1,317630,22,317630.0,3720.0,62',0,0,-1,,,,2025-01-19 05:36:40
12837,716692,20707,away,0,4-2-3-1,1,0,20,294252,Kirsty Hanson,Substitute,0,1,294246,17,294246.0,3720.0,62',0,0,-1,,,,2025-01-19 05:36:40
12837,716692,20707,away,0,4-2-3-1,1,0,33,312497,Mayumi Pacheco,Substitute,0,0,0,-1,,,,0,0,-1,,,,2025-01-19 05:36:40
12837,716692,20707,away,0,4-2-3-1,1,0,11,312467,Katie Robinson,Substitute,0,0,0,-1,,,,0,0,-1,,,,2025-01-19 05:36:40
12837,716692,20707,away,0,4-2-3-1,1,0,2,312456,Sarah Mayling,Substitute,0,0,0,-1,,,,0,0,-1,,,,2025-01-19 05:36:40
12837,716692,20707,away,0,4-2-3-1,1,0,23,309858,Chasity Grant,Substitute,0,1,219769,19,219769.0,4800.0,80',0,0,-1,,,,2025-01-19 05:36:40
12837,716692,20707,away,0,4-2-3-1,1,0,15,261804,Lucy Parker,Substitute,0,1,248769,9,248769.0,5400.0,90'+5',0,0,-1,,,,2025-01-19 05:36:40
12837,716693,19973,home,1,3-4-2-1,1,1,14,309903,Daphne van Domselaar,Goalkeeper,1,0,0,-1,,,,0,0,-1,,,,2025-01-20 14:35:18
12837,716693,19973,home,1,3-4-2-1,1,1,12,259331,Frida Maanum,Right Midfielder,2,0,0,-1,,,,1,158678,19,158678.0,3420.0,57',2025-01-20 14:35:18
12837,716693,19973,home,1,3-4-2-1,1,1,11,219079,Katie McCabe,Left Midfielder,3,0,0,-1,,,,0,0,-1,,,,2025-01-20 14:35:18
12837,716693,19973,home,1,3-4-2-1,1,1,7,219822,Steph Catley,Center Left Defender,4,0,0,-1,,,,0,0,-1,,,,2025-01-20 14:35:18
12837,716693,19973,home,1,3-4-2-1,1,1,6,268100,Leah Williamson,Center Defender,5,0,0,-1,,,,0,0,-1,,,,2025-01-20 14:35:18
12837,716693,19973,home,1,3-4-2-1,1,1,2,263684,Emily Fox,Center Right Defender,6,0,0,-1,,,,1,350679,62,350679.0,4920.0,82',2025-01-20 14:35:18
12837,716693,19973,home,1,3-4-2-1,1,1,10,176041,Kim Little,Center Right Midfielder,7,0,0,-1,,,,1,220015,13,220015.0,4320.0,72',2025-01-20 14:35:18
12837,716693,19973,home,1,3-4-2-1,1,1,32,288907,Kyra Cooney-Cross,Center Left Midfielder,8,0,0,-1,,,,0,0,-1,,,,2025-01-20 14:35:18
12837,716693,19973,home,1,3-4-2-1,1,1,23,263683,Alessia Russo,Forward,9,0,0,-1,,,,0,0,-1,,,,2025-01-20 14:35:18
12837,716693,19973,home,1,3-4-2-1,1,1,9,280982,Beth Mead,Center Right Forward,10,0,0,-1,,,,1,350636,16,350636.0,4320.0,72',2025-01-20 14:35:18
12837,716693,19973,home,1,3-4-2-1,1,1,8,257473,Mariona Caldentey,Center Left Forward,11,0,0,-1,,,,0,0,-1,,,,2025-01-20 14:35:18
12837,716693,19973,home,1,3-4-2-1,1,0,1,252339,Manuela Zinsberger,Substitute,0,0,0,-1,,,,0,0,-1,,,,2025-01-20 14:35:18
12837,716693,19973,home,1,3-4-2-1,1,0,13,220015,Lia Wälti,Substitute,0,1,176041,10,176041.0,4320.0,72',0,0,-1,,,,2025-01-20 14:35:18
12837,716693,19973,home,1,3-4-2-1,1,0,40,351240,Naomi Williams,Substitute,0,0,0,-1,,,,0,0,-1,,,,2025-01-20 14:35:18
12837,716693,19973,home,1,3-4-2-1,1,0,62,350679,Katie Reid,Substitute,0,1,263684,2,263684.0,4920.0,82',0,0,-1,,,,2025-01-20 14:35:18
12837,716693,19973,home,1,3-4-2-1,1,0,16,350636,Rosa Kafaji,Substitute,0,1,280982,9,280982.0,4320.0,72',0,0,-1,,,,2025-01-20 14:35:18
12837,716693,19973,home,1,3-4-2-1,1,0,19,158678,Caitlin Foord,Substitute,0,1,259331,12,259331.0,3420.0,57',0,0,-1,,,,2025-01-20 14:35:18
12837,716693,19973,home,1,3-4-2-1,1,0,5,295638,Laia Codina,Substitute,0,0,0,-1,,,,0,0,-1,,,,2025-01-20 14:35:18
12837,716693,19973,home,1,3-4-2-1,1,0,26,268324,Laura Wienroither,Substitute,0,0,0,-1,,,,0,0,-1,,,,2025-01-20 14:35:18
12837,716693,19973,home,1,3-4-2-1,1,0,3,263682,Lotte Wubben-Moy,Substitute,0,0,0,-1,,,,0,0,-1,,,,2025-01-20 14:35:18
12837,716693,21037,away,0,5-4-1,1,1,30,224886,Shae Yanez,Goalkeeper,1,0,0,-1,,,,0,0,-1,,,,2025-01-20 14:35:18
12837,716693,21037,away,0,5-4-1,1,1,14,259626,Josie Green,Right Back,2,0,0,-1,,,,1,324879,8,324879.0,4080.0,68',2025-01-20 14:35:18
12837,716693,21037,away,0,5-4-1,1,1,23,288977,Lily Woodham,Left Back,3,0,0,-1,,,,1,312463,3,312463.0,5040.0,84',2025-01-20 14:35:18
12837,716693,21037,away,0,5-4-1,1,1,2,140056,Katrine Veje,Center Left Defender,4,0,0,-1,,,,0,0,-1,,,,2025-01-20 14:35:18
12837,716693,21037,away,0,5-4-1,1,1,6,324878,Aimee Everett,Center Defender,5,0,0,-1,,,,0,0,-1,,,,2025-01-20 14:35:18
12837,716693,21037,away,0,5-4-1,1,1,15,296781,Hayley Nolan,Center Right Defender,6,0,0,-1,,,,0,0,-1,,,,2025-01-20 14:35:18
12837,716693,21037,away,0,5-4-1,1,1,5,392348,My Cato,Right Midfielder,7,0,0,-1,,,,0,0,-1,,,,2025-01-20 14:35:18
12837,716693,21037,away,0,5-4-1,1,1,17,377622,Lexi Potter,Center Right Midfielder,8,0,0,-1,,,,1,336368,27,336368.0,5040.0,84',2025-01-20 14:35:18
12837,716693,21037,away,0,5-4-1,1,1,28,290269,Katie Stengel,Forward,9,0,0,-1,,,,0,0,-1,,,,2025-01-20 14:35:18
12837,716693,21037,away,0,5-4-1,1,1,10,323499,Annabel Blanchard,Center Left Midfielder,10,0,0,-1,,,,0,0,-1,,,,2025-01-20 14:35:18
12837,716693,21037,away,0,5-4-1,1,1,22,285187,Mille Gejl,Left Midfielder,11,0,0,-1,,,,1,314575,11,314575.0,3420.0,57',2025-01-20 14:35:18
12837,716693,21037,away,0,5-4-1,1,0,3,312463,Felicity Gibbons,Substitute,0,1,288977,23,288977.0,5040.0,84',0,0,-1,,,,2025-01-20 14:35:18
12837,716693,21037,away,0,5-4-1,1,0,11,314575,Ashleigh Weerden,Substitute,0,1,285187,22,285187.0,3420.0,57',0,0,-1,,,,2025-01-20 14:35:18
12837,716693,21037,away,0,5-4-1,1,0,8,324879,Molly-Mae Sharpe,Substitute,0,1,259626,14,259626.0,4080.0,68',0,0,-1,,,,2025-01-20 14:35:18
12837,716693,21037,away,0,5-4-1,1,0,19,335986,Milla-Maj Majasaari,Substitute,0,0,0,-1,,,,0,0,-1,,,,2025-01-20 14:35:18
12837,716693,21037,away,0,5-4-1,1,0,27,336368,Abbie Larkin,Substitute,0,1,377622,17,377622.0,5040.0,84',0,0,-1,,,,2025-01-20 14:35:18
12837,716693,21037,away,0,5-4-1,1,0,4,257534,Chloe Arthur,Substitute,0,0,0,-1,,,,0,0,-1,,,,2025-01-20 14:35:18
12837,716694,19975,home,0,5-3-2,1,1,1,296372,Kinga Szemik,Goalkeeper,1,0,0,-1,,,,0,0,-1,,,,2025-01-20 14:35:18
12837,716694,19975,home,0,5-3-2,1,1,2,257540,Kirsty Smith,Right Back,2,0,0,-1,,,,0,0,-1,,,,2025-01-20 14:35:18
12837,716694,19975,home,0,5-3-2,1,1,18,310225,Anouk Denton,Left Back,3,0,0,-1,,,,0,0,-1,,,,2025-01-20 14:35:18
12837,716694,19975,home,0,5-3-2,1,1,14,235712,Shelina Zadorsky,Center Left Defender,4,0,0,-1,,,,0,0,-1,,,,2025-01-20 14:35:18
12837,716694,19975,home,0,5-3-2,1,1,5,312251,Amber Tysiak,Center Defender,5,0,0,-1,,,,0,0,-1,,,,2025-01-20 14:35:18
12837,716694,19975,home,0,5-3-2,1,1,26,281682,Li Mengwen,Center Right Defender,6,0,0,-1,,,,1,278192,21,278192.0,4500.0,75',2025-01-20 14:35:18
12837,716694,19975,home,0,5-3-2,1,1,77,330350,Seraina Piubel,Center Right Midfielder,7,0,0,-1,,,,1,298775,11,298775.0,4680.0,78',2025-01-20 14:35:18
12837,716694,19975,home,0,5-3-2,1,1,22,219825,Katrina Gorry,Center Midfielder,8,0,0,-1,,,,0,0,-1,,,,2025-01-20 14:35:18
12837,716694,19975,home,0,5-3-2,1,1,20,188069,Viviane Asseyi,Center Left Forward,9,0,0,-1,,,,0,0,-1,,,,2025-01-20 14:35:18
12837,716694,19975,home,0,5-3-2,1,1,9,287317,Riko Ueki,Center Right Forward,10,0,0,-1,,,,0,0,-1,,,,2025-01-20 14:35:18
12837,716694,19975,home,0,5-3-2,1,1,4,349057,Oona Siren,Center Left Midfielder,11,0,0,-1,,,,1,374905,19,374905.0,2700.0,45',2025-01-20 14:35:18
12837,716694,19975,home,0,5-3-2,1,0,12,312486,Emma Harries,Substitute,0,0,0,-1,,,,0,0,-1,,,,2025-01-20 14:35:18
12837,716694,19975,home,0,5-3-2,1,0,17,264860,Camila Sáez,Substitute,0,0,0,-1,,,,0,0,-1,,,,2025-01-20 14:35:18
12837,716694,19975,home,0,5-3-2,1,0,21,278192,Shannon Cooke,Substitute,0,1,281682,26,281682.0,4500.0,75',0,0,-1,,,,2025-01-20 14:35:18
12837,716694,19975,home,0,5-3-2,1,0,11,298775,Manuela Paví,Substitute,0,1,330350,77,330350.0,4680.0,78',0,0,-1,,,,2025-01-20 14:35:18
12837,716694,19975,home,0,5-3-2,1,0,25,312461,Megan Walsh,Substitute,0,0,0,-1,,,,0,0,-1,,,,2025-01-20 14:35:18
12837,716694,19975,home,0,5-3-2,1,0,33,327979,Halle Houssein,Substitute,0,0,0,-1,,,,0,0,-1,,,,2025-01-20 14:35:18
12837,716694,19975,home,0,5-3-2,1,0,7,350638,Marika Bergman-Lundin,Substitute,0,0,0,-1,,,,0,0,-1,,,,2025-01-20 14:35:18
12837,716694,19975,home,0,5-3-2,1,0,35,362493,Princess Ademiluyi,Substitute,0,0,0,-1,,,,0,0,-1,,,,2025-01-20 14:35:18
12837,716694,19975,home,0,5-3-2,1,0,19,374905,Shekiera Martinez,Substitute,0,1,349057,4,349057.0,2700.0,45',0,0,-1,,,,2025-01-20 14:35:18
12837,716694,19970,away,1,4-2-3-1,1,1,24,312460,Hannah Hampton,Goalkeeper,1,0,0,-1,,,,0,0,-1,,,,2025-01-20 14:35:18
12837,716694,19970,away,1,4-2-3-1,1,1,22,188448,Lucy Bronze,Right Back,2,0,0,-1,,,,0,0,-1,,,,2025-01-20 14:35:18
12837,716694,19970,away,1,4-2-3-1,1,1,21,312480,Niamh Charles,Left Back,3,0,0,-1,,,,1,119954,12,119954.0,4260.0,71',2025-01-20 14:35:18
12837,716694,19970,away,1,4-2-3-1,1,1,8,257545,Erin Cuthbert,Left Midfielder,4,0,0,-1,,,,0,0,-1,,,,2025-01-20 14:35:18
12837,716694,19970,away,1,4-2-3-1,1,1,14,255181,Nathalie Björn,Center Right Defender,5,0,0,-1,,,,0,0,-1,,,,2025-01-20 14:35:18
12837,716694,19970,away,1,4-2-3-1,1,1,4,248770,Millie Bright,Center Left Defender,6,0,0,-1,,,,0,0,-1,,,,2025-01-20 14:35:18
12837,716694,19970,away,1,4-2-3-1,1,1,33,313088,Aggie Beever-Jones,Attacking Midfielder Right,7,0,0,-1,,,,0,0,-1,,,,2025-01-20 14:35:18
12837,716694,19970,away,1,4-2-3-1,1,1,6,314382,Sjoeke Nüsken,Right Midfielder,8,0,0,-1,,,,1,317637,27,317637.0,3660.0,61',2025-01-20 14:35:18
12837,716694,19970,away,1,4-2-3-1,1,1,7,288680,Mayra Ramírez,Forward,9,0,0,-1,,,,1,264735,19,264735.0,4260.0,71',2025-01-20 14:35:18
12837,716694,19970,away,1,4-2-3-1,1,1,9,261568,Catarina Macario,Attacking Midfielder,10,0,0,-1,,,,1,351356,23,351356.0,3660.0,61',2025-01-20 14:35:18
12837,716694,19970,away,1,4-2-3-1,1,1,17,295673,Sandy Baltimore,Attacking Midfielder Left,11,0,0,-1,,,,1,257483,11,257483.0,3660.0,61',2025-01-20 14:35:18
12837,716694,19970,away,1,4-2-3-1,1,0,1,255417,Zecira Musovic,Substitute,0,0,0,-1,,,,0,0,-1,,,,2025-01-20 14:35:18
12837,716694,19970,away,1,4-2-3-1,1,0,11,257483,Guro Reiten,Substitute,0,1,295673,17,295673.0,3660.0,61',0,0,-1,,,,2025-01-20 14:35:18
12837,716694,19970,away,1,4-2-3-1,1,0,19,264735,Johanna Rytting Kaneryd,Substitute,0,1,288680,7,288680.0,4260.0,71',0,0,-1,,,,2025-01-20 14:35:18
12837,716694,19970,away,1,4-2-3-1,1,0,29,311207,Alejandra Bernabe,Substitute,0,0,0,-1,,,,0,0,-1,,,,2025-01-20 14:35:18
12837,716694,19970,away,1,4-2-3-1,1,0,12,119954,Ashley Lawrence,Substitute,0,1,312480,21,312480.0,4260.0,71',0,0,-1,,,,2025-01-20 14:35:18
12837,716694,19970,away,1,4-2-3-1,1,0,27,317637,Oriane Jean-François,Substitute,0,1,314382,6,314382.0,3660.0,61',0,0,-1,,,,2025-01-20 14:35:18
12837,716694,19970,away,1,4-2-3-1,1,0,25,347124,Maelys Mpomé,Substitute,0,0,0,-1,,,,0,0,-1,,,,2025-01-20 14:35:18
12837,716694,19970,away,1,4-2-3-1,1,0,23,351356,Maika Hamano,Substitute,0,1,261568,9,261568.0,3660.0,61',0,0,-1,,,,2025-01-20 14:35:18
12837,716694,19970,away,1,4-2-3-1,1,0,15,248834,Ève Périsset,Substitute,0,0,0,-1,,,,0,0,-1,,,,2025-01-20 14:35:18
12837,716695,19257,home,0,4-1-3-2,1,1,35,314954,Khiara Keating,Goalkeeper,1,0,0,-1,,,,0,0,-1,,,,2025-01-20 14:35:18
12837,716695,19257,home,0,4-1-3-2,1,1,18,309904,Kerstin Casparij,Right Back,2,0,0,-1,,,,0,0,-1,,,,2025-01-20 14:35:18
12837,716695,19257,home,0,4-1-3-2,1,1,15,249105,Leila Ouahabi,Left Back,3,0,0,-1,,,,0,0,-1,,,,2025-01-20 14:35:18
12837,716695,19257,home,0,4-1-3-2,1,1,25,256228,Yui Hasegawa,Sweeper,4,0,0,-1,,,,0,0,-1,,,,2025-01-20 14:35:18
12837,716695,19257,home,0,4-1-3-2,1,1,4,286338,Laia Aleixandri,Center Right Defender,5,0,0,-1,,,,0,0,-1,,,,2025-01-20 14:35:18
12837,716695,19257,home,0,4-1-3-2,1,1,27,351683,Rebecca Knaak,Center Left Defender,6,0,0,-1,,,,0,0,-1,,,,2025-01-20 14:35:18
12837,716695,19257,home,0,4-1-3-2,1,1,20,351355,Aoba Fujino,Right Midfielder,7,0,0,-1,,,,0,0,-1,,,,2025-01-20 14:35:18
12837,716695,19257,home,0,4-1-3-2,1,1,10,219951,Jill Roord,Center Midfielder,8,0,0,-1,,,,0,0,-1,,,,2025-01-20 14:35:18
12837,716695,19257,home,0,4-1-3-2,1,1,6,219945,Vivianne Miedema,Center Right Forward,9,0,0,-1,,,,1,298641,19,298641.0,4620.0,77',2025-01-20 14:35:18
12837,716695,19257,home,0,4-1-3-2,1,1,16,296503,Jess Park,Center Left Forward,10,0,0,-1,,,,1,390468,46,390468.0,5100.0,85',2025-01-20 14:35:18
12837,716695,19257,home,0,4-1-3-2,1,1,8,276165,Mary Fowler,Left Midfielder,11,0,0,-1,,,,0,0,-1,,,,2025-01-20 14:35:18
12837,716695,19257,home,0,4-1-3-2,1,0,31,223470,Ayaka Yamashita,,0,0,0,-1,,,,0,0,-1,,,,2025-01-20 14:35:18
12837,716695,19257,home,0,4-1-3-2,1,0,7,229456,Laura Coombs,,0,0,0,-1,,,,0,0,-1,,,,2025-01-20 14:35:18
12837,716695,19257,home,0,4-1-3-2,1,0,30,399001,Aemu Oyama,,0,0,0,-1,,,,0,0,-1,,,,2025-01-20 14:35:18
12837,716695,19257,home,0,4-1-3-2,1,0,46,390468,Lily Murphy,,0,1,296503,16,,,,0,0,-1,,,,2025-01-20 14:35:18
12837,716695,19257,home,0,4-1-3-2,1,0,53,380968,Mayzee Davies,,0,0,0,-1,,,,0,0,-1,,,,2025-01-20 14:35:18
12837,716695,19257,home,0,4-1-3-2,1,0,28,353342,Gracie Prior,,0,0,0,-1,,,,0,0,-1,,,,2025-01-20 14:35:18
12837,716695,19257,home,0,4-1-3-2,1,0,12,352864,Eve Annets,,0,0,0,-1,,,,0,0,-1,,,,2025-01-20 14:35:18
12837,716695,19257,home,0,4-1-3-2,1,0,19,298641,Laura Blindkilde Brown,,0,1,219945,6,219945.0,4620.0,77',0,0,-1,,,,2025-01-20 14:35:18
12837,716695,20061,away,1,4-2-3-1,1,1,91,208938,Phallon Tullis-Joyce,Goalkeeper,1,0,0,-1,,,,0,0,-1,,,,2025-01-20 14:35:18
12837,716695,20061,away,1,4-2-3-1,1,1,14,267765,Jayde Riviere,Right Back,2,0,0,-1,,,,0,0,-1,,,,2025-01-20 14:35:18
12837,716695,20061,away,1,4-2-3-1,1,1,3,268536,Gabby George,Left Back,3,0,0,-1,,,,1,359233,2,359233.0,3900.0,65',2025-01-20 14:35:18
12837,716695,20061,away,1,4-2-3-1,1,1,17,219947,Dominique Janssen,Left Midfielder,4,0,0,-1,,,,0,0,-1,,,,2025-01-20 14:35:18
12837,716695,20061,away,1,4-2-3-1,1,1,4,312462,Maya Le Tissier,Center Right Defender,5,0,0,-1,,,,0,0,-1,,,,2025-01-20 14:35:18
12837,716695,20061,away,1,4-2-3-1,1,1,21,294257,Millie Turner,Center Left Defender,6,0,0,-1,,,,0,0,-1,,,,2025-01-20 14:35:18
12837,716695,20061,away,1,4-2-3-1,1,1,15,328108,Celin Bizet,Attacking Midfielder Right,7,0,0,-1,,,,1,134423,28,134423.0,5100.0,85',2025-01-20 14:35:18
12837,716695,20061,away,1,4-2-3-1,1,1,20,283107,Hinata Miyazawa,Right Midfielder,8,0,0,-1,,,,0,0,-1,,,,2025-01-20 14:35:18
12837,716695,20061,away,1,4-2-3-1,1,1,19,298669,Elisabeth Terland,Forward,9,0,0,-1,,,,1,295670,9,295670.0,3900.0,65',2025-01-20 14:35:18
12837,716695,20061,away,1,4-2-3-1,1,1,7,294255,Ella Toone,Attacking Midfielder,10,0,0,-1,,,,1,306883,8,306883.0,4620.0,77',2025-01-20 14:35:18
12837,716695,20061,away,1,4-2-3-1,1,1,11,294256,Leah Galton,Attacking Midfielder Left,11,0,0,-1,,,,0,0,-1,,,,2025-01-20 14:35:18
12837,716695,20061,away,1,4-2-3-1,1,0,2,359233,Anna Sandberg,Substitute,0,1,268536,3,268536.0,3900.0,65',0,0,-1,,,,2025-01-20 14:35:18
12837,716695,20061,away,1,4-2-3-1,1,0,13,349220,Simi Awujo,Substitute,0,0,0,-1,,,,0,0,-1,,,,2025-01-20 14:35:18
12837,716695,20061,away,1,4-2-3-1,1,0,39,332051,Safia Middleton-Patel,Substitute,0,0,0,-1,,,,0,0,-1,,,,2025-01-20 14:35:18
12837,716695,20061,away,1,4-2-3-1,1,0,28,134423,Rachel Williams,Substitute,0,1,328108,15,,,,0,0,-1,,,,2025-01-20 14:35:18
12837,716695,20061,away,1,4-2-3-1,1,0,5,293411,Aoife Mannion,Substitute,0,0,0,-1,,,,0,0,-1,,,,2025-01-20 14:35:18
12837,716695,20061,away,1,4-2-3-1,1,0,8,306883,Grace Clinton,Substitute,0,1,294255,7,294255.0,4620.0,77',0,0,-1,,,,2025-01-20 14:35:18
12837,716695,20061,away,1,4-2-3-1,1,0,9,295670,Melvine Malard,Substitute,0,1,298669,19,298669.0,3900.0,65',0,0,-1,,,,2025-01-20 14:35:18
12837,716696,20062,home,1,4-2-3-1,1,1,1,264730,Lize Kop,Goalkeeper,1,0,0,-1,,,,0,0,-1,,,,2025-01-20 14:35:18
12837,716696,20062,home,1,4-2-3-1,1,1,29,294265,Ashleigh Neville,Right Back,2,0,0,-1,,,,0,0,-1,,,,2025-01-20 14:35:18
12837,716696,20062,home,1,4-2-3-1,1,1,6,314494,Amanda Nildén,Left Back,3,0,0,-1,,,,0,0,-1,,,,2025-01-20 14:35:18
12837,716696,20062,home,1,4-2-3-1,1,1,10,320356,Maite Oroz,Left Midfielder,4,0,0,-1,,,,1,226804,17,226804.0,3180.0,53',2025-01-20 14:35:18
12837,716696,20062,home,1,4-2-3-1,1,1,21,309086,Luana Bühler,Center Right Defender,5,0,0,-1,,,,0,0,-1,,,,2025-01-20 14:35:18
12837,716696,20062,home,1,4-2-3-1,1,1,5,312487,Molly Bartrip,Center Left Defender,6,0,0,-1,,,,0,0,-1,,,,2025-01-20 14:35:18
12837,716696,20062,home,1,4-2-3-1,1,1,8,219818,Hayley Raso,Attacking Midfielder Right,7,0,0,-1,,,,1,355373,31,355373.0,3840.0,64',2025-01-20 14:35:18
12837,716696,20062,home,1,4-2-3-1,1,1,20,267679,Olga Ahtinen,Right Midfielder,8,0,0,-1,,,,1,311201,14,311201.0,4920.0,82',2025-01-20 14:35:18
12837,716696,20062,home,1,4-2-3-1,1,1,9,293410,Bethany England,Forward,9,0,0,-1,,,,0,0,-1,,,,2025-01-20 14:35:18
12837,716696,20062,home,1,4-2-3-1,1,1,24,286882,Drew Spence,Attacking Midfielder,10,0,0,-1,,,,0,0,-1,,,,2025-01-20 14:35:18
12837,716696,20062,home,1,4-2-3-1,1,1,7,294268,Jessica Naz,Attacking Midfielder Left,11,0,0,-1,,,,1,300442,2,300442.0,3840.0,64',2025-01-20 14:35:18
12837,716696,20062,home,1,4-2-3-1,1,0,2,300442,Charlotte Grant,Substitute,0,1,294268,7,294268.0,3840.0,64',0,0,-1,,,,2025-01-20 14:35:18
12837,716696,20062,home,1,4-2-3-1,1,0,44,397509,Zara Bailey,Substitute,0,0,0,-1,,,,0,0,-1,,,,2025-01-20 14:35:18
12837,716696,20062,home,1,4-2-3-1,1,0,31,355373,Lenna Gunning-Williams,Substitute,0,1,219818,8,219818.0,3840.0,64',0,0,-1,,,,2025-01-20 14:35:18
12837,716696,20062,home,1,4-2-3-1,1,0,17,226804,Martha Thomas,Substitute,0,1,320356,10,320356.0,3180.0,53',0,0,-1,,,,2025-01-20 14:35:18
12837,716696,20062,home,1,4-2-3-1,1,0,22,286883,Rebecca Spencer,Substitute,0,0,0,-1,,,,0,0,-1,,,,2025-01-20 14:35:18
12837,716696,20062,home,1,4-2-3-1,1,0,15,312233,Clare Hunt,Substitute,0,0,0,-1,,,,0,0,-1,,,,2025-01-20 14:35:18
12837,716696,20062,home,1,4-2-3-1,1,0,14,311201,Anna Csiki,Substitute,0,1,267679,20,267679.0,4920.0,82',0,0,-1,,,,2025-01-20 14:35:18
12837,716696,20062,home,1,4-2-3-1,1,0,27,301685,Eleanor Heeps,Substitute,0,0,0,-1,,,,0,0,-1,,,,2025-01-20 14:35:18
12837,716696,20062,home,1,4-2-3-1,1,0,23,312494,Rosella Ayane,Substitute,0,0,0,-1,,,,0,0,-1,,,,2025-01-20 14:35:18
12837,716696,21036,away,0,4-2-3-1,1,1,1,328082,Janina Leitzig,Goalkeeper,1,0,0,-1,,,,0,0,-1,,,,2025-01-20 14:35:18
12837,716696,21036,away,0,4-2-3-1,1,1,4,219962,C.J. Bott,Right Back,2,0,0,-1,,,,0,0,-1,,,,2025-01-20 14:35:18
12837,716696,21036,away,0,4-2-3-1,1,1,12,304854,Asmita Ale,Left Back,3,0,0,-1,,,,0,0,-1,,,,2025-01-20 14:35:18
12837,716696,21036,away,0,4-2-3-1,1,1,30,302566,Ruby Mace,Left Midfielder,4,0,0,-1,,,,0,0,-1,,,,2025-01-20 14:35:18
12837,716696,21036,away,0,4-2-3-1,1,1,5,210382,Sophie Howard,Center Right Defender,5,0,0,-1,,,,0,0,-1,,,,2025-01-20 14:35:18
12837,716696,21036,away,0,4-2-3-1,1,1,17,317638,Julie Thibaud,Center Left Defender,6,0,0,-1,,,,0,0,-1,,,,2025-01-20 14:35:18
12837,716696,21036,away,0,4-2-3-1,1,1,53,386685,Nelly Las,Attacking Midfielder Right,7,0,0,-1,,,,1,323505,27,323505.0,3600.0,60',2025-01-20 14:35:18
12837,716696,21036,away,0,4-2-3-1,1,1,11,257569,Janice Cayman,Right Midfielder,8,0,0,-1,,,,1,323495,3,323495.0,3660.0,61',2025-01-20 14:35:18
12837,716696,21036,away,0,4-2-3-1,1,1,6,288888,Saori Takarada,Forward,9,0,0,-1,,,,1,394496,57,394496.0,5400.0,90'+7',2025-01-20 14:35:18
12837,716696,21036,away,0,4-2-3-1,1,1,29,256223,Yuka Momiki,Attacking Midfielder,10,0,0,-1,,,,0,0,-1,,,,2025-01-20 14:35:18
12837,716696,21036,away,0,4-2-3-1,1,1,20,294600,Missy Goodwin,Attacking Midfielder Left,11,0,0,-1,,,,1,376668,47,376668.0,5100.0,85',2025-01-20 14:35:18
12837,716696,21036,away,0,4-2-3-1,1,0,57,394496,Sammy Kaczmar,Substitute,0,1,288888,6,288888.0,5400.0,90'+7',0,0,-1,,,,2025-01-20 14:35:18
12837,716696,21036,away,0,4-2-3-1,1,0,39,377631,Rebekah Dowsett,Substitute,0,0,0,-1,,,,0,0,-1,,,,2025-01-20 14:35:18
12837,716696,21036,away,0,4-2-3-1,1,0,2,300518,Courtney Nevin,Substitute,0,0,0,-1,,,,0,0,-1,,,,2025-01-20 14:35:18
12837,716696,21036,away,0,4-2-3-1,1,0,47,376668,Simone Sherwood,Substitute,0,1,294600,20,294600.0,5100.0,85',0,0,-1,,,,2025-01-20 14:35:18
12837,716696,21036,away,0,4-2-3-1,1,0,27,323505,Shannon O'Brien,Substitute,0,1,386685,53,386685.0,3600.0,60',0,0,-1,,,,2025-01-20 14:35:18
12837,716696,21036,away,0,4-2-3-1,1,0,3,323495,Sam Tierney,Substitute,0,1,257569,11,257569.0,3660.0,61',0,0,-1,,,,2025-01-20 14:35:18
12837,716696,21036,away,0,4-2-3-1,1,0,31,248450,Chantelle Swaby,Substitute,0,0,0,-1,,,,0,0,-1,,,,2025-01-20 14:35:18
12837,716697,19971,home,1,3-5-2,1,1,16,243031,Teagan Micah,Goalkeeper,1,0,0,-1,,,,0,0,-1,,,,2025-01-18 05:38:21
12837,716697,19971,home,1,3-5-2,1,1,2,323518,Lucy Parry,Right Midfielder,2,0,0,-1,,,,1,305989,17,305989.0,2700.0,45',2025-01-18 05:38:21
12837,716697,19971,home,1,3-5-2,1,1,12,323520,Taylor Hinds,Left Midfielder,3,0,0,-1,,,,0,0,-1,,,,2025-01-18 05:38:21
12837,716697,19971,home,1,3-5-2,1,1,3,259312,Gemma Evans,Center Left Defender,4,0,0,-1,,,,0,0,-1,,,,2025-01-18 05:38:21
12837,716697,19971,home,1,3-5-2,1,1,34,328798,Hannah Silcock,Center Defender,5,0,0,-1,,,,1,188447,23,188447.0,5220.0,87',2025-01-18 05:38:21
12837,716697,19971,home,1,3-5-2,1,1,4,261669,Grace Fisk,Center Right Defender,6,0,0,-1,,,,0,0,-1,,,,2025-01-18 05:38:21
12837,716697,19971,home,1,3-5-2,1,1,24,311039,Samantha Kerr,Center Right Midfielder,7,0,0,-1,,,,1,314199,14,314199.0,3720.0,62',2025-01-18 05:38:21
12837,716697,19971,home,1,3-5-2,1,1,18,264581,Ceri Holland,Center Left Midfielder,8,0,0,-1,,,,0,0,-1,,,,2025-01-18 05:38:21
12837,716697,19971,home,1,3-5-2,1,1,11,279337,Olivia Smith,Center Left Forward,9,0,0,-1,,,,1,287518,9,287518.0,3720.0,62',2025-01-18 05:38:21
12837,716697,19971,home,1,3-5-2,1,1,7,389652,Cornelia Kapocs,Center Right Forward,10,0,0,-1,,,,1,325841,13,325841.0,3780.0,63',2025-01-18 05:38:21
12837,716697,19971,home,1,3-5-2,1,1,8,282995,Fuka Nagano,Attacking Midfielder,11,0,0,-1,,,,0,0,-1,,,,2025-01-18 05:38:21
12837,716697,19971,home,1,3-5-2,1,0,1,230835,Rachael Laws,Substitute,0,0,0,-1,,,,0,0,-1,,,,2025-01-18 05:38:21
12837,716697,19971,home,1,3-5-2,1,0,23,188447,Gemma Bonner,Substitute,0,1,328798,34,328798.0,5220.0,87',0,0,-1,,,,2025-01-18 05:38:21
12837,716697,19971,home,1,3-5-2,1,0,36,384503,Zara Shaw,Substitute,0,0,0,-1,,,,0,0,-1,,,,2025-01-18 05:38:21
12837,716697,19971,home,1,3-5-2,1,0,19,338551,Julia Bartel,Substitute,0,0,0,-1,,,,0,0,-1,,,,2025-01-18 05:38:21
12837,716697,19971,home,1,3-5-2,1,0,13,325841,Mia Enderby,Substitute,0,1,389652,7,389652.0,3780.0,63',0,0,-1,,,,2025-01-18 05:38:21
12837,716697,19971,home,1,3-5-2,1,0,14,314199,Marie Hobinger,Substitute,0,1,311039,24,311039.0,3720.0,62',0,0,-1,,,,2025-01-18 05:38:21
12837,716697,19971,home,1,3-5-2,1,0,17,305989,Jenna Clark,Substitute,0,1,323518,2,323518.0,2700.0,45',0,0,-1,,,,2025-01-18 05:38:21
12837,716697,19971,home,1,3-5-2,1,0,9,287518,Leanne Kiernan,Substitute,0,1,279337,11,279337.0,3720.0,62',0,0,-1,,,,2025-01-18 05:38:21
12837,716697,19971,home,1,3-5-2,1,0,20,257593,Yana Daniels,Substitute,0,0,0,-1,,,,0,0,-1,,,,2025-01-18 05:38:21
12837,716697,19976,away,0,3-4-2-1,1,1,32,249106,Sophie Baggaley,Goalkeeper,1,0,0,-1,,,,0,0,-1,,,,2025-01-18 05:38:21
12837,716697,19976,away,0,3-4-2-1,1,1,27,257536,Rachel McLauchlan,Right Midfielder,2,0,0,-1,,,,0,0,-1,,,,2025-01-18 05:38:21
12837,716697,19976,away,0,3-4-2-1,1,1,19,309906,Marisa Olislagers,Left Midfielder,3,0,0,-1,,,,0,0,-1,,,,2025-01-18 05:38:21
12837,716697,19976,away,0,3-4-2-1,1,1,3,294247,Poppy Pattinson,Center Left Defender,4,0,0,-1,,,,0,0,-1,,,,2025-01-18 05:38:21
12837,716697,19976,away,0,3-4-2-1,1,1,5,213937,Guro Bergsvand,Center Defender,5,0,0,-1,,,,0,0,-1,,,,2025-01-18 05:38:21
12837,716697,19976,away,0,3-4-2-1,1,1,16,325886,Jorelyn Carabalí,Center Right Defender,6,0,0,-1,,,,0,0,-1,,,,2025-01-18 05:38:21
12837,716697,19976,away,0,3-4-2-1,1,1,6,219990,Vicky Losada,Center Right Midfielder,7,0,0,-1,,,,1,325852,17,325852.0,4680.0,78',2025-01-18 05:38:21
12837,716697,19976,away,0,3-4-2-1,1,1,10,314994,Jelena Cankovic,Center Left Midfielder,8,0,0,-1,,,,1,313706,18,313706.0,3480.0,58',2025-01-18 05:38:21
12837,716697,19976,away,0,3-4-2-1,1,1,9,246314,Nikita Parris,Forward,9,0,0,-1,,,,0,0,-1,,,,2025-01-18 05:38:21
12837,716697,19976,away,0,3-4-2-1,1,1,11,296778,Kiko Seike,Center Right Forward,10,0,0,-1,,,,1,219939,8,219939.0,5400.0,90',2025-01-18 05:38:21
12837,716697,19976,away,0,3-4-2-1,1,1,20,305984,Bruna Vilamala,Center Left Forward,11,0,0,-1,,,,1,261578,21,261578.0,3480.0,58',2025-01-18 05:38:21
12837,716697,19976,away,0,3-4-2-1,1,0,28,367224,Melina Loeck,Substitute,0,0,0,-1,,,,0,0,-1,,,,2025-01-18 05:38:21
12837,716697,19976,away,0,3-4-2-1,1,0,46,398938,Elliana Martin,Substitute,0,0,0,-1,,,,0,0,-1,,,,2025-01-18 05:38:21
12837,716697,19976,away,0,3-4-2-1,1,0,8,219939,Pauline Bremer,Substitute,0,1,296778,11,296778.0,5400.0,90',0,0,-1,,,,2025-01-18 05:38:21
12837,716697,19976,away,0,3-4-2-1,1,0,18,313706,Maisie Symonds,Substitute,0,1,314994,10,314994.0,3480.0,58',0,0,-1,,,,2025-01-18 05:38:21
12837,716697,19976,away,0,3-4-2-1,1,0,21,261578,Madison Haley,Substitute,0,1,305984,20,305984.0,3480.0,58',0,0,-1,,,,2025-01-18 05:38:21
12837,716697,19976,away,0,3-4-2-1,1,0,2,219987,Maria Thorisdottir,Substitute,0,0,0,-1,,,,0,0,-1,,,,2025-01-18 05:38:21
12837,716697,19976,away,0,3-4-2-1,1,0,17,325852,Bex Rayner,Substitute,0,1,219990,6,219990.0,4680.0,78',0,0,-1,,,,2025-01-18 05:38:21
12837,716698,19970,home,1,4-2-3-1,1,1,24,312460,Hannah Hampton,Goalkeeper,1,0,0,-1,,,,0,0,-1,,,,2025-01-28 15:08:56
12837,716698,19970,home,1,4-2-3-1,1,1,22,188448,Lucy Bronze,Right Back,2,0,0,-1,,,,0,0,-1,,,,2025-01-28 15:08:56
12837,716698,19970,home,1,4-2-3-1,1,1,21,312480,Niamh Charles,Left Back,3,0,0,-1,,,,0,0,-1,,,,2025-01-28 15:08:56
12837,716698,19970,home,1,4-2-3-1,1,1,6,314382,Sjoeke Nüsken,Left Midfielder,4,0,0,-1,,,,0,0,-1,,,,2025-01-28 15:08:56
12837,716698,19970,home,1,4-2-3-1,1,1,14,255181,Nathalie Björn,Center Right Defender,5,0,0,-1,,,,0,0,-1,,,,2025-01-28 15:08:56
12837,716698,19970,home,1,4-2-3-1,1,1,4,248770,Millie Bright,Center Left Defender,6,0,0,-1,,,,0,0,-1,,,,2025-01-28 15:08:56
12837,716698,19970,home,1,4-2-3-1,1,1,19,264735,Johanna Rytting Kaneryd,Attacking Midfielder Right,7,0,0,-1,,,,1,313088,33,313088.0,4680.0,78',2025-01-28 15:08:56
12837,716698,19970,home,1,4-2-3-1,1,1,8,257545,Erin Cuthbert,Right Midfielder,8,0,0,-1,,,,0,0,-1,,,,2025-01-28 15:08:56
12837,716698,19970,home,1,4-2-3-1,1,1,7,288680,Mayra Ramírez,Forward,9,0,0,-1,,,,1,351356,23,351356.0,2700.0,45',2025-01-28 15:08:56
12837,716698,19970,home,1,4-2-3-1,1,1,9,261568,Catarina Macario,Attacking Midfielder,10,0,0,-1,,,,1,257483,11,257483.0,4620.0,77',2025-01-28 15:08:56
12837,716698,19970,home,1,4-2-3-1,1,1,17,295673,Sandy Baltimore,Attacking Midfielder Left,11,0,0,-1,,,,1,294253,10,294253.0,3420.0,57',2025-01-28 15:08:56
12837,716698,19970,home,1,4-2-3-1,1,0,11,257483,Guro Reiten,Substitute,0,1,261568,9,261568.0,4620.0,77',0,0,-1,,,,2025-01-28 15:08:56
12837,716698,19970,home,1,4-2-3-1,1,0,23,351356,Maika Hamano,Substitute,0,1,288680,7,288680.0,2700.0,45',0,0,-1,,,,2025-01-28 15:08:56
12837,716698,19970,home,1,4-2-3-1,1,0,25,347124,Maelys Mpomé,Substitute,0,0,0,-1,,,,0,0,-1,,,,2025-01-28 15:08:56
12837,716698,19970,home,1,4-2-3-1,1,0,27,317637,Oriane Jean-François,Substitute,0,0,0,-1,,,,0,0,-1,,,,2025-01-28 15:08:56
12837,716698,19970,home,1,4-2-3-1,1,0,18,315453,Wieke Kaptein,Substitute,0,0,0,-1,,,,0,0,-1,,,,2025-01-28 15:08:56
12837,716698,19970,home,1,4-2-3-1,1,0,33,313088,Aggie Beever-Jones,Substitute,0,1,264735,19,264735.0,4680.0,78',0,0,-1,,,,2025-01-28 15:08:56
12837,716698,19970,home,1,4-2-3-1,1,0,10,294253,Lauren James,Substitute,0,1,295673,17,295673.0,3420.0,57',0,0,-1,,,,2025-01-28 15:08:56
12837,716698,19970,home,1,4-2-3-1,1,0,1,255417,Zecira Musovic,Substitute,0,0,0,-1,,,,0,0,-1,,,,2025-01-28 15:08:56
12837,716698,19970,home,1,4-2-3-1,1,0,12,119954,Ashley Lawrence,Substitute,0,0,0,-1,,,,0,0,-1,,,,2025-01-28 15:08:56
12837,716698,19973,away,0,4-2-3-1,1,1,14,309903,Daphne van Domselaar,Goalkeeper,1,0,0,-1,,,,0,0,-1,,,,2025-01-28 15:08:56
12837,716698,19973,away,0,4-2-3-1,1,1,2,263684,Emily Fox,Right Back,2,0,0,-1,,,,0,0,-1,,,,2025-01-28 15:08:56
12837,716698,19973,away,0,4-2-3-1,1,1,11,219079,Katie McCabe,Left Back,3,0,0,-1,,,,0,0,-1,,,,2025-01-28 15:08:56
12837,716698,19973,away,0,4-2-3-1,1,1,10,176041,Kim Little,Left Midfielder,4,0,0,-1,,,,1,350636,16,350636.0,5280.0,88',2025-01-28 15:08:56
12837,716698,19973,away,0,4-2-3-1,1,1,6,268100,Leah Williamson,Center Right Defender,5,0,0,-1,,,,0,0,-1,,,,2025-01-28 15:08:56
12837,716698,19973,away,0,4-2-3-1,1,1,7,219822,Steph Catley,Center Left Defender,6,0,0,-1,,,,0,0,-1,,,,2025-01-28 15:08:56
12837,716698,19973,away,0,4-2-3-1,1,1,9,280982,Beth Mead,Attacking Midfielder Right,7,0,0,-1,,,,1,240274,25,240274.0,3960.0,66',2025-01-28 15:08:56
12837,716698,19973,away,0,4-2-3-1,1,1,32,288907,Kyra Cooney-Cross,Right Midfielder,8,0,0,-1,,,,1,263682,3,263682.0,5280.0,88',2025-01-28 15:08:56
12837,716698,19973,away,0,4-2-3-1,1,1,23,263683,Alessia Russo,Forward,9,0,0,-1,,,,0,0,-1,,,,2025-01-28 15:08:56
12837,716698,19973,away,0,4-2-3-1,1,1,8,257473,Mariona Caldentey,Attacking Midfielder,10,0,0,-1,,,,0,0,-1,,,,2025-01-28 15:08:56
12837,716698,19973,away,0,4-2-3-1,1,1,19,158678,Caitlin Foord,Attacking Midfielder Left,11,0,0,-1,,,,1,259331,12,259331.0,2640.0,44',2025-01-28 15:08:56
12837,716698,19973,away,0,4-2-3-1,1,0,16,350636,Rosa Kafaji,Substitute,0,1,176041,10,176041.0,5280.0,88',0,0,-1,,,,2025-01-28 15:08:56
12837,716698,19973,away,0,4-2-3-1,1,0,5,295638,Laia Codina,Substitute,0,0,0,-1,,,,0,0,-1,,,,2025-01-28 15:08:56
12837,716698,19973,away,0,4-2-3-1,1,0,62,350679,Katie Reid,Substitute,0,0,0,-1,,,,0,0,-1,,,,2025-01-28 15:08:56
12837,716698,19973,away,0,4-2-3-1,1,0,26,268324,Laura Wienroither,Substitute,0,0,0,-1,,,,0,0,-1,,,,2025-01-28 15:08:56
12837,716698,19973,away,0,4-2-3-1,1,0,3,263682,Lotte Wubben-Moy,Substitute,0,1,288907,32,288907.0,5280.0,88',0,0,-1,,,,2025-01-28 15:08:56
12837,716698,19973,away,0,4-2-3-1,1,0,12,259331,Frida Maanum,Substitute,0,1,158678,19,158678.0,2640.0,44',0,0,-1,,,,2025-01-28 15:08:56
12837,716698,19973,away,0,4-2-3-1,1,0,1,252339,Manuela Zinsberger,Substitute,0,0,0,-1,,,,0,0,-1,,,,2025-01-28 15:08:56
12837,716698,19973,away,0,4-2-3-1,1,0,25,240274,Stina Blackstenius,Substitute,0,1,280982,9,280982.0,3960.0,66',0,0,-1,,,,2025-01-28 15:08:56
12837,716698,19973,away,0,4-2-3-1,1,0,13,220015,Lia Wälti,Substitute,0,0,0,-1,,,,0,0,-1,,,,2025-01-28 15:08:56
12837,716699,20707,home,0,4-2-3-1,1,1,1,209364,Sabrina D'Angelo,Goalkeeper,1,0,0,-1,,,,0,0,-1,,,,2025-01-26 05:40:34
12837,716699,20707,home,0,4-2-3-1,1,1,2,312456,Sarah Mayling,Right Back,2,0,0,-1,,,,1,220024,16,220024.0,4620.0,77',2025-01-26 05:40:34
12837,716699,20707,home,0,4-2-3-1,1,1,33,312497,Mayumi Pacheco,Left Back,3,0,0,-1,,,,1,335782,3,335782.0,3300.0,55',2025-01-26 05:40:34
12837,716699,20707,home,0,4-2-3-1,1,1,22,317630,Jill Baijings,Left Midfielder,4,0,0,-1,,,,1,338756,25,338756.0,3840.0,64',2025-01-26 05:40:34
12837,716699,20707,home,0,4-2-3-1,1,1,4,262611,Anna Patten,Center Right Defender,5,0,0,-1,,,,0,0,-1,,,,2025-01-26 05:40:34
12837,716699,20707,home,0,4-2-3-1,1,1,14,312484,Danielle Turner,Center Left Defender,6,0,0,-1,,,,1,261804,15,261804.0,4620.0,77',2025-01-26 05:40:34
12837,716699,20707,home,0,4-2-3-1,1,1,19,219769,Adriana Leon,Attacking Midfielder Right,7,0,0,-1,,,,1,294246,17,294246.0,3840.0,64',2025-01-26 05:40:34
12837,716699,20707,home,0,4-2-3-1,1,1,8,178854,Jordan Nobbs,Right Midfielder,8,0,0,-1,,,,0,0,-1,,,,2025-01-26 05:40:34
12837,716699,20707,home,0,4-2-3-1,1,1,23,309858,Chasity Grant,Forward,9,0,0,-1,,,,0,0,-1,,,,2025-01-26 05:40:34
12837,716699,20707,home,0,4-2-3-1,1,1,9,248769,Rachel Daly,Attacking Midfielder,10,0,0,-1,,,,0,0,-1,,,,2025-01-26 05:40:34
12837,716699,20707,home,0,4-2-3-1,1,1,20,294252,Kirsty Hanson,Attacking Midfielder Left,11,0,0,-1,,,,0,0,-1,,,,2025-01-26 05:40:34
12837,716699,20707,home,0,4-2-3-1,1,0,17,294246,Ebony Salmon,Substitute,0,1,219769,19,219769.0,3840.0,64',0,0,-1,,,,2025-01-26 05:40:34
12837,716699,20707,home,0,4-2-3-1,1,0,30,351745,Katelin Talbert,Substitute,0,0,0,-1,,,,0,0,-1,,,,2025-01-26 05:40:34
12837,716699,20707,home,0,4-2-3-1,1,0,16,220024,Noelle Maritz,Substitute,0,1,312456,2,312456.0,4620.0,77',0,0,-1,,,,2025-01-26 05:40:34
12837,716699,20707,home,0,4-2-3-1,1,0,28,257469,Gabi Nunes,Substitute,0,0,0,-1,,,,0,0,-1,,,,2025-01-26 05:40:34
12837,716699,20707,home,0,4-2-3-1,1,0,15,261804,Lucy Parker,Substitute,0,1,312484,14,312484.0,4620.0,77',0,0,-1,,,,2025-01-26 05:40:34
12837,716699,20707,home,0,4-2-3-1,1,0,25,338756,Miri Taylor,Substitute,0,1,317630,22,317630.0,3840.0,64',0,0,-1,,,,2025-01-26 05:40:34
12837,716699,20707,home,0,4-2-3-1,1,0,11,312467,Katie Robinson,Substitute,0,0,0,-1,,,,0,0,-1,,,,2025-01-26 05:40:34
12837,716699,20707,home,0,4-2-3-1,1,0,3,335782,Paula Tomás,Substitute,0,1,312497,33,312497.0,3300.0,55',0,0,-1,,,,2025-01-26 05:40:34
12837,716699,19257,away,1,4-3-3,1,1,31,223470,Ayaka Yamashita,Goalkeeper,1,0,0,-1,,,,0,0,-1,,,,2025-01-26 05:40:34
12837,716699,19257,away,1,4-3-3,1,1,18,309904,Kerstin Casparij,Right Back,2,0,0,-1,,,,0,0,-1,,,,2025-01-26 05:40:34
12837,716699,19257,away,1,4-3-3,1,1,15,249105,Leila Ouahabi,Left Back,3,0,0,-1,,,,0,0,-1,,,,2025-01-26 05:40:34
12837,716699,19257,away,1,4-3-3,1,1,25,256228,Yui Hasegawa,Center Midfielder,4,0,0,-1,,,,1,399001,30,399001.0,5040.0,84',2025-01-26 05:40:34
12837,716699,19257,away,1,4-3-3,1,1,4,286338,Laia Aleixandri,Center Right Defender,5,0,0,-1,,,,0,0,-1,,,,2025-01-26 05:40:34
12837,716699,19257,away,1,4-3-3,1,1,27,351683,Rebecca Knaak,Center Left Defender,6,0,0,-1,,,,0,0,-1,,,,2025-01-26 05:40:34
12837,716699,19257,away,1,4-3-3,1,1,10,219951,Jill Roord,Right Midfielder,7,0,0,-1,,,,1,298641,19,298641.0,4980.0,83',2025-01-26 05:40:34
12837,716699,19257,away,1,4-3-3,1,1,16,296503,Jess Park,Left Midfielder,8,0,0,-1,,,,0,0,-1,,,,2025-01-26 05:40:34
12837,716699,19257,away,1,4-3-3,1,1,6,219945,Vivianne Miedema,Forward,9,0,0,-1,,,,1,261947,21,261947.0,4620.0,77',2025-01-26 05:40:34
12837,716699,19257,away,1,4-3-3,1,1,20,351355,Aoba Fujino,Right Forward,10,0,0,-1,,,,1,281475,14,281475.0,4560.0,76',2025-01-26 05:40:34
12837,716699,19257,away,1,4-3-3,1,1,8,276165,Mary Fowler,Left Forward,11,0,0,-1,,,,0,0,-1,,,,2025-01-26 05:40:34
12837,716699,19257,away,1,4-3-3,1,0,46,390468,Lily Murphy,Substitute,0,0,0,-1,,,,0,0,-1,,,,2025-01-26 05:40:34
12837,716699,19257,away,1,4-3-3,1,0,21,261947,Khadija Shaw,Substitute,0,1,219945,6,219945.0,4620.0,77',0,0,-1,,,,2025-01-26 05:40:34
12837,716699,19257,away,1,4-3-3,1,0,30,399001,Aemu Oyama,Substitute,0,1,256228,25,256228.0,5040.0,84',0,0,-1,,,,2025-01-26 05:40:34
12837,716699,19257,away,1,4-3-3,1,0,14,281475,Kerolin,Substitute,0,1,351355,20,351355.0,4560.0,76',0,0,-1,,,,2025-01-28 15:08:56
12837,716699,19257,away,1,4-3-3,1,0,19,298641,Laura Blindkilde Brown,Substitute,0,1,219951,10,219951.0,4980.0,83',0,0,-1,,,,2025-01-26 05:40:34
12837,716699,19257,away,1,4-3-3,1,0,3,306881,Naomi Layzell,Substitute,0,0,0,-1,,,,0,0,-1,,,,2025-01-26 05:40:34
12837,716699,19257,away,1,4-3-3,1,0,12,352864,Eve Annets,Substitute,0,0,0,-1,,,,0,0,-1,,,,2025-01-26 05:40:34
12837,716699,19257,away,1,4-3-3,1,0,28,353342,Gracie Prior,Substitute,0,0,0,-1,,,,0,0,-1,,,,2025-01-26 05:40:34
12837,716700,21037,home,0,5-3-2,1,1,19,335986,Milla-Maj Majasaari,Goalkeeper,1,0,0,-1,,,,0,0,-1,,,,2025-01-28 15:08:56
12837,716700,21037,home,0,5-3-2,1,1,8,324879,Molly-Mae Sharpe,Right Back,2,0,0,-1,,,,1,336368,27,336368.0,4200.0,70',2025-01-28 15:08:56
12837,716700,21037,home,0,5-3-2,1,1,23,288977,Lily Woodham,Left Back,3,0,0,-1,,,,1,312463,3,312463.0,5280.0,88',2025-01-28 15:08:56
12837,716700,21037,home,0,5-3-2,1,1,15,296781,Hayley Nolan,Center Left Defender,4,0,0,-1,,,,0,0,-1,,,,2025-01-28 15:08:56
12837,716700,21037,home,0,5-3-2,1,1,6,324878,Aimee Everett,Center Defender,5,0,0,-1,,,,0,0,-1,,,,2025-01-28 15:08:56
12837,716700,21037,home,0,5-3-2,1,1,14,259626,Josie Green,Center Right Defender,6,0,0,-1,,,,0,0,-1,,,,2025-01-28 15:08:56
12837,716700,21037,home,0,5-3-2,1,1,5,392348,My Cato,Center Right Midfielder,7,0,0,-1,,,,0,0,-1,,,,2025-01-28 15:08:56
12837,716700,21037,home,0,5-3-2,1,1,17,377622,Lexi Potter,Center Midfielder,8,0,0,-1,,,,0,0,-1,,,,2025-01-28 15:08:56
12837,716700,21037,home,0,5-3-2,1,1,11,314575,Ashleigh Weerden,Center Left Forward,9,0,0,-1,,,,1,323499,10,323499.0,4620.0,77',2025-01-28 15:08:56
12837,716700,21037,home,0,5-3-2,1,1,28,290269,Katie Stengel,Center Right Forward,10,0,0,-1,,,,1,349219,21,349219.0,5280.0,88',2025-01-28 15:08:56
12837,716700,21037,home,0,5-3-2,1,1,22,285187,Mille Gejl,Center Left Midfielder,11,0,0,-1,,,,0,0,-1,,,,2025-01-28 15:08:56
12837,716700,21037,home,0,5-3-2,1,0,21,349219,Clarissa Laris­ey,Substitute,0,1,290269,28,290269.0,5280.0,88',0,0,-1,,,,2025-01-28 15:08:56
12837,716700,21037,home,0,5-3-2,1,0,3,312463,Felicity Gibbons,Substitute,0,1,288977,23,288977.0,5280.0,88',0,0,-1,,,,2025-01-28 15:08:56
12837,716700,21037,home,0,5-3-2,1,0,4,257534,Chloe Arthur,Substitute,0,0,0,-1,,,,0,0,-1,,,,2025-01-28 15:08:56
12837,716700,21037,home,0,5-3-2,1,0,30,224886,Shae Yanez,Substitute,0,0,0,-1,,,,0,0,-1,,,,2025-01-28 15:08:56
12837,716700,21037,home,0,5-3-2,1,0,10,323499,Annabel Blanchard,Substitute,0,1,314575,11,314575.0,4620.0,77',0,0,-1,,,,2025-01-28 15:08:56
12837,716700,21037,home,0,5-3-2,1,0,27,336368,Abbie Larkin,Substitute,0,1,324879,8,324879.0,4200.0,70',0,0,-1,,,,2025-01-28 15:08:56
12837,716700,20062,away,1,4-2-3-1,1,1,1,264730,Lize Kop,Goalkeeper,1,0,0,-1,,,,0,0,-1,,,,2025-01-28 15:08:56
12837,716700,20062,away,1,4-2-3-1,1,1,29,294265,Ashleigh Neville,Right Back,2,0,0,-1,,,,0,0,-1,,,,2025-01-28 15:08:56
12837,716700,20062,away,1,4-2-3-1,1,1,6,314494,Amanda Nildén,Left Back,3,0,0,-1,,,,0,0,-1,,,,2025-01-28 15:08:56
12837,716700,20062,away,1,4-2-3-1,1,1,10,320356,Maite Oroz,Left Midfielder,4,0,0,-1,,,,1,267679,20,267679.0,4380.0,73',2025-01-28 15:08:56
12837,716700,20062,away,1,4-2-3-1,1,1,15,312233,Clare Hunt,Center Right Defender,5,0,0,-1,,,,0,0,-1,,,,2025-01-28 15:08:56
12837,716700,20062,away,1,4-2-3-1,1,1,5,312487,Molly Bartrip,Center Left Defender,6,0,0,-1,,,,0,0,-1,,,,2025-01-28 15:08:56
12837,716700,20062,away,1,4-2-3-1,1,1,8,219818,Hayley Raso,Attacking Midfielder Right,7,0,0,-1,,,,1,294268,7,294268.0,3360.0,56',2025-01-28 15:08:56
12837,716700,20062,away,1,4-2-3-1,1,1,14,311201,Anna Csiki,Right Midfielder,8,0,0,-1,,,,0,0,-1,,,,2025-01-28 15:08:56
12837,716700,20062,away,1,4-2-3-1,1,1,9,293410,Bethany England,Forward,9,0,0,-1,,,,0,0,-1,,,,2025-01-28 15:08:56
12837,716700,20062,away,1,4-2-3-1,1,1,17,226804,Martha Thomas,Attacking Midfielder,10,0,0,-1,,,,1,314963,11,314963.0,4920.0,82',2025-01-28 15:08:56
12837,716700,20062,away,1,4-2-3-1,1,1,13,349567,Matilda Vinberg,Attacking Midfielder Left,11,0,0,-1,,,,1,355373,31,355373.0,4380.0,73',2025-01-28 15:08:56
12837,716700,20062,away,1,4-2-3-1,1,0,7,294268,Jessica Naz,Substitute,0,1,219818,8,219818.0,3360.0,56',0,0,-1,,,,2025-01-28 15:08:56
12837,716700,20062,away,1,4-2-3-1,1,0,11,314963,Olivia Holdt,Substitute,0,1,226804,17,226804.0,4920.0,82',0,0,-1,,,,2025-01-28 15:08:56
12837,716700,20062,away,1,4-2-3-1,1,0,23,312494,Rosella Ayane,Substitute,0,0,0,-1,,,,0,0,-1,,,,2025-01-28 15:08:56
12837,716700,20062,away,1,4-2-3-1,1,0,21,309086,Luana Bühler,Substitute,0,0,0,-1,,,,0,0,-1,,,,2025-01-28 15:08:56
12837,716700,20062,away,1,4-2-3-1,1,0,27,301685,Eleanor Heeps,Substitute,0,0,0,-1,,,,0,0,-1,,,,2025-01-28 15:08:56
12837,716700,20062,away,1,4-2-3-1,1,0,2,300442,Charlotte Grant,Substitute,0,0,0,-1,,,,0,0,-1,,,,2025-01-28 15:08:56
12837,716700,20062,away,1,4-2-3-1,1,0,31,355373,Lenna Gunning-Williams,Substitute,0,1,349567,13,349567.0,4380.0,73',0,0,-1,,,,2025-01-28 15:08:56
12837,716700,20062,away,1,4-2-3-1,1,0,22,286883,Rebecca Spencer,Substitute,0,0,0,-1,,,,0,0,-1,,,,2025-01-28 15:08:56
12837,716700,20062,away,1,4-2-3-1,1,0,20,267679,Olga Ahtinen,Substitute,0,1,320356,10,320356.0,4380.0,73',0,0,-1,,,,2025-01-28 15:08:56
12837,716701,19975,home,1,4-4-2,1,1,1,296372,Kinga Szemik,Goalkeeper,1,0,0,-1,,,,0,0,-1,,,,2025-01-28 15:08:56
12837,716701,19975,home,1,4-4-2,1,1,18,310225,Anouk Denton,Right Back,2,0,0,-1,,,,0,0,-1,,,,2025-01-28 15:08:56
12837,716701,19975,home,1,4-4-2,1,1,29,252347,Verena Hanshaw,Left Back,3,0,0,-1,,,,0,0,-1,,,,2025-01-28 15:08:56
12837,716701,19975,home,1,4-4-2,1,1,4,349057,Oona Siren,Center Right Midfielder,4,0,0,-1,,,,1,259752,10,259752.0,4620.0,77',2025-01-28 15:08:56
12837,716701,19975,home,1,4-4-2,1,1,5,312251,Amber Tysiak,Center Right Defender,5,0,0,-1,,,,0,0,-1,,,,2025-01-28 15:08:56
12837,716701,19975,home,1,4-4-2,1,1,17,264860,Camila Sáez,Center Left Defender,6,0,0,-1,,,,0,0,-1,,,,2025-01-28 15:08:56
12837,716701,19975,home,1,4-4-2,1,1,77,330350,Seraina Piubel,Right Midfielder,7,0,0,-1,,,,1,312486,12,312486.0,5160.0,86',2025-01-28 15:08:56
12837,716701,19975,home,1,4-4-2,1,1,22,219825,Katrina Gorry,Center Left Midfielder,8,0,0,-1,,,,0,0,-1,,,,2025-01-28 15:08:56
12837,716701,19975,home,1,4-4-2,1,1,19,374905,Shekiera Martinez,Center Left Forward,9,0,0,-1,,,,1,298775,11,298775.0,4020.0,67',2025-01-28 15:08:56
12837,716701,19975,home,1,4-4-2,1,1,9,287317,Riko Ueki,Center Right Forward,10,0,0,-1,,,,0,0,-1,,,,2025-01-28 15:08:56
12837,716701,19975,home,1,4-4-2,1,1,20,188069,Viviane Asseyi,Left Midfielder,11,0,0,-1,,,,0,0,-1,,,,2025-01-28 15:08:56
12837,716701,19975,home,1,4-4-2,1,0,11,298775,Manuela Paví,Substitute,0,1,374905,19,374905.0,4020.0,67',0,0,-1,,,,2025-01-28 15:08:56
12837,716701,19975,home,1,4-4-2,1,0,25,312461,Megan Walsh,Substitute,0,0,0,-1,,,,0,0,-1,,,,2025-01-28 15:08:56
12837,716701,19975,home,1,4-4-2,1,0,26,281682,Li Mengwen,Substitute,0,0,0,-1,,,,0,0,-1,,,,2025-01-28 15:08:56
12837,716701,19975,home,1,4-4-2,1,0,12,312486,Emma Harries,Substitute,0,1,330350,77,330350.0,5160.0,86',0,0,-1,,,,2025-01-28 15:08:56
12837,716701,19975,home,1,4-4-2,1,0,10,259752,Dagný Brynjarsdóttir,Substitute,0,1,349057,4,349057.0,4620.0,77',0,0,-1,,,,2025-01-28 15:08:56
12837,716701,19975,home,1,4-4-2,1,0,7,350638,Marika Bergman-Lundin,Substitute,0,0,0,-1,,,,0,0,-1,,,,2025-01-28 15:08:56
12837,716701,19975,home,1,4-4-2,1,0,14,235712,Shelina Zadorsky,Substitute,0,0,0,-1,,,,0,0,-1,,,,2025-01-28 15:08:56
12837,716701,19975,home,1,4-4-2,1,0,35,362493,Princess Ademiluyi,Substitute,0,0,0,-1,,,,0,0,-1,,,,2025-01-28 15:08:56
12837,716701,19975,home,1,4-4-2,1,0,2,257540,Kirsty Smith,Substitute,0,0,0,-1,,,,0,0,-1,,,,2025-01-28 15:08:56
12837,716701,19972,away,0,4-4-1-1,1,1,1,209174,Courtney Brosnan,Goalkeeper,1,0,0,-1,,,,0,0,-1,,,,2025-01-28 15:08:56
12837,716701,19972,away,0,4-4-1-1,1,1,17,284939,Lucy Hope,Right Back,2,0,0,-1,,,,1,291349,19,291349.0,3960.0,66',2025-01-28 15:08:56
12837,716701,19972,away,0,4-4-1-1,1,1,23,287392,Sara Holmgaard,Left Back,3,0,0,-1,,,,0,0,-1,,,,2025-01-28 15:08:56
12837,716701,19972,away,0,4-4-1-1,1,1,16,259315,Hayley Ladd,Center Right Midfielder,4,0,0,-1,,,,1,293328,8,293328.0,4380.0,73',2025-01-28 15:08:56
12837,716701,19972,away,0,4-4-1-1,1,1,20,312482,Megan Finnigan,Center Right Defender,5,0,0,-1,,,,0,0,-1,,,,2025-01-28 15:08:56
12837,716701,19972,away,0,4-4-1-1,1,1,5,334991,Martina Fernández,Center Left Defender,6,0,0,-1,,,,0,0,-1,,,,2025-01-28 15:08:56
12837,716701,19972,away,0,4-4-1-1,1,1,7,300568,Clare Wheeler,Right Midfielder,7,0,0,-1,,,,0,0,-1,,,,2025-01-28 15:08:56
12837,716701,19972,away,0,4-4-1-1,1,1,6,303336,Honoka Hayashi,Center Left Midfielder,8,0,0,-1,,,,1,347190,15,347190.0,4380.0,73',2025-01-28 15:08:56
12837,716701,19972,away,0,4-4-1-1,1,1,9,211151,Toni Payne,Forward,9,0,0,-1,,,,0,0,-1,,,,2025-01-28 15:08:56
12837,716701,19972,away,0,4-4-1-1,1,1,25,270037,Katja Snoeijs,Rear Center Forward,10,0,0,-1,,,,1,361722,18,361722.0,2700.0,45',2025-01-28 15:08:56
12837,716701,19972,away,0,4-4-1-1,1,1,29,392349,Kelly Gago,Left Midfielder,11,0,0,-1,,,,1,255452,14,255452.0,3960.0,66',2025-01-28 15:08:56
12837,716701,19972,away,0,4-4-1-1,1,0,47,364520,Karoline Olesen,Substitute,0,0,0,-1,,,,0,0,-1,,,,2025-01-28 15:08:56
12837,716701,19972,away,0,4-4-1-1,1,0,42,211994,Lauren Thomas,Substitute,0,0,0,-1,,,,0,0,-1,,,,2025-01-28 15:08:56
12837,716701,19972,away,0,4-4-1-1,1,0,14,255452,Melissa Lawley,Substitute,0,1,392349,29,392349.0,3960.0,66',0,0,-1,,,,2025-01-28 15:08:56
12837,716701,19972,away,0,4-4-1-1,1,0,19,291349,Heather Payne,Substitute,0,1,284939,17,284939.0,3960.0,66',0,0,-1,,,,2025-01-28 15:08:56
12837,716701,19972,away,0,4-4-1-1,1,0,8,293328,Justine Vanhaevermaet,Substitute,0,1,259315,16,259315.0,4380.0,73',0,0,-1,,,,2025-01-28 15:08:56
12837,716701,19972,away,0,4-4-1-1,1,0,12,294254,Emily Ramsey,Substitute,0,0,0,-1,,,,0,0,-1,,,,2025-01-28 15:08:56
12837,716701,19972,away,0,4-4-1-1,1,0,15,347190,Louna Ribadeira,Substitute,0,1,303336,6,303336.0,4380.0,73',0,0,-1,,,,2025-01-28 15:08:56
12837,716701,19972,away,0,4-4-1-1,1,0,18,361722,Emma Watson,Substitute,0,1,270037,25,270037.0,2700.0,45',0,0,-1,,,,2025-01-28 15:08:56
12837,716702,20061,home,1,4-2-3-1,1,1,91,208938,Phallon Tullis-Joyce,Goalkeeper,1,0,0,-1,,,,0,0,-1,,,,2025-01-28 15:08:56
12837,716702,20061,home,1,4-2-3-1,1,1,14,267765,Jayde Riviere,Right Back,2,0,0,-1,,,,1,293411,5,293411.0,4680.0,78',2025-01-28 15:08:56
12837,716702,20061,home,1,4-2-3-1,1,1,3,268536,Gabby George,Left Back,3,0,0,-1,,,,1,359233,2,359233.0,4680.0,78',2025-01-28 15:08:56
12837,716702,20061,home,1,4-2-3-1,1,1,17,219947,Dominique Janssen,Left Midfielder,4,0,0,-1,,,,0,0,-1,,,,2025-01-28 15:08:56
12837,716702,20061,home,1,4-2-3-1,1,1,4,312462,Maya Le Tissier,Center Right Defender,5,0,0,-1,,,,0,0,-1,,,,2025-01-28 15:08:56
12837,716702,20061,home,1,4-2-3-1,1,1,21,294257,Millie Turner,Center Left Defender,6,0,0,-1,,,,0,0,-1,,,,2025-01-28 15:08:56
12837,716702,20061,home,1,4-2-3-1,1,1,15,328108,Celin Bizet,Attacking Midfielder Right,7,0,0,-1,,,,1,295670,9,295670.0,4200.0,70',2025-01-28 15:08:56
12837,716702,20061,home,1,4-2-3-1,1,1,20,283107,Hinata Miyazawa,Right Midfielder,8,0,0,-1,,,,0,0,-1,,,,2025-01-28 15:08:56
12837,716702,20061,home,1,4-2-3-1,1,1,19,298669,Elisabeth Terland,Forward,9,0,0,-1,,,,1,134423,28,134423.0,5160.0,86',2025-01-28 15:08:56
12837,716702,20061,home,1,4-2-3-1,1,1,7,294255,Ella Toone,Attacking Midfielder,10,0,0,-1,,,,1,306883,8,306883.0,4200.0,70',2025-01-28 15:08:56
12837,716702,20061,home,1,4-2-3-1,1,1,11,294256,Leah Galton,Attacking Midfielder Left,11,0,0,-1,,,,0,0,-1,,,,2025-01-28 15:08:56
12837,716702,20061,home,1,4-2-3-1,1,0,2,359233,Anna Sandberg,Substitute,0,1,268536,3,268536.0,4680.0,78',0,0,-1,,,,2025-01-28 15:08:56
12837,716702,20061,home,1,4-2-3-1,1,0,13,349220,Simi Awujo,Substitute,0,0,0,-1,,,,0,0,-1,,,,2025-01-28 15:08:56
12837,716702,20061,home,1,4-2-3-1,1,0,5,293411,Aoife Mannion,Substitute,0,1,267765,14,267765.0,4680.0,78',0,0,-1,,,,2025-01-28 15:08:56
12837,716702,20061,home,1,4-2-3-1,1,0,39,332051,Safia Middleton-Patel,Substitute,0,0,0,-1,,,,0,0,-1,,,,2025-01-28 15:08:56
12837,716702,20061,home,1,4-2-3-1,1,0,28,134423,Rachel Williams,Substitute,0,1,298669,19,298669.0,5160.0,86',0,0,-1,,,,2025-01-28 15:08:56
12837,716702,20061,home,1,4-2-3-1,1,0,8,306883,Grace Clinton,Substitute,0,1,294255,7,294255.0,4200.0,70',0,0,-1,,,,2025-01-28 15:08:56
12837,716702,20061,home,1,4-2-3-1,1,0,9,295670,Melvine Malard,Substitute,0,1,328108,15,,,,0,0,-1,,,,2025-01-28 15:08:56
12837,716702,19976,away,0,3-4-2-1,1,1,32,249106,Sophie Baggaley,Goalkeeper,1,0,0,-1,,,,0,0,-1,,,,2025-01-28 15:08:56
12837,716702,19976,away,0,3-4-2-1,1,1,27,257536,Rachel McLauchlan,Right Midfielder,2,0,0,-1,,,,0,0,-1,,,,2025-01-28 15:08:56
12837,716702,19976,away,0,3-4-2-1,1,1,19,309906,Marisa Olislagers,Left Midfielder,3,0,0,-1,,,,1,325886,16,325886.0,2700.0,45',2025-01-28 15:08:56
12837,716702,19976,away,0,3-4-2-1,1,1,3,294247,Poppy Pattinson,Center Left Defender,4,0,0,-1,,,,0,0,-1,,,,2025-01-28 15:08:56
12837,716702,19976,away,0,3-4-2-1,1,1,5,213937,Guro Bergsvand,Center Defender,5,0,0,-1,,,,0,0,-1,,,,2025-01-28 15:08:56
12837,716702,19976,away,0,3-4-2-1,1,1,2,219987,Maria Thorisdottir,Center Right Defender,6,0,0,-1,,,,0,0,-1,,,,2025-01-28 15:08:56
12837,716702,19976,away,0,3-4-2-1,1,1,6,219990,Vicky Losada,Center Right Midfielder,7,0,0,-1,,,,1,313706,18,313706.0,2700.0,45',2025-01-28 15:08:56
12837,716702,19976,away,0,3-4-2-1,1,1,10,314994,Jelena Cankovic,Center Left Midfielder,8,0,0,-1,,,,1,339641,22,339641.0,5160.0,86',2025-01-28 15:08:56
12837,716702,19976,away,0,3-4-2-1,1,1,9,246314,Nikita Parris,Forward,9,0,0,-1,,,,0,0,-1,,,,2025-01-28 15:08:56
12837,716702,19976,away,0,3-4-2-1,1,1,21,261578,Madison Haley,Center Right Forward,10,0,0,-1,,,,1,350678,59,350678.0,4440.0,74',2025-01-28 15:08:56
12837,716702,19976,away,0,3-4-2-1,1,1,20,305984,Bruna Vilamala,Center Left Forward,11,0,0,-1,,,,1,219939,8,219939.0,2700.0,45',2025-01-28 15:08:56
12837,716702,19976,away,0,3-4-2-1,1,0,8,219939,Pauline Bremer,Substitute,0,1,305984,20,305984.0,2700.0,45',0,0,-1,,,,2025-01-28 15:08:56
12837,716702,19976,away,0,3-4-2-1,1,0,18,313706,Maisie Symonds,Substitute,0,1,219990,6,219990.0,2700.0,45',0,0,-1,,,,2025-01-28 15:08:56
12837,716702,19976,away,0,3-4-2-1,1,0,17,325852,Bex Rayner,Substitute,0,0,0,-1,,,,0,0,-1,,,,2025-01-28 15:08:56
12837,716702,19976,away,0,3-4-2-1,1,0,22,339641,Dejana Stefanovic,Substitute,0,1,314994,10,314994.0,5160.0,86',0,0,-1,,,,2025-01-28 15:08:56
12837,716702,19976,away,0,3-4-2-1,1,0,59,350678,Michelle Agyemang,Substitute,0,1,261578,21,261578.0,4440.0,74',0,0,-1,,,,2025-01-28 15:08:56
12837,716702,19976,away,0,3-4-2-1,1,0,12,367065,Caitlin Hayes,Substitute,0,0,0,-1,,,,0,0,-1,,,,2025-01-28 15:08:56
12837,716702,19976,away,0,3-4-2-1,1,0,28,367224,Melina Loeck,Substitute,0,0,0,-1,,,,0,0,-1,,,,2025-01-28 15:08:56
12837,716702,19976,away,0,3-4-2-1,1,0,52,393414,Silvana Miranda,Substitute,0,0,0,-1,,,,0,0,-1,,,,2025-01-28 15:08:56
12837,716702,19976,away,0,3-4-2-1,1,0,16,325886,Jorelyn Carabalí,Substitute,0,1,309906,19,309906.0,2700.0,45',0,0,-1,,,,2025-01-28 15:08:56
12837,716703,21036,home,1,4-2-3-1,1,1,1,328082,Janina Leitzig,Goalkeeper,1,0,0,-1,,,,0,0,-1,,,,2025-01-28 15:08:56
12837,716703,21036,home,1,4-2-3-1,1,1,4,219962,C.J. Bott,Right Back,2,0,0,-1,,,,0,0,-1,,,,2025-01-28 15:08:56
12837,716703,21036,home,1,4-2-3-1,1,1,12,304854,Asmita Ale,Left Back,3,0,0,-1,,,,0,0,-1,,,,2025-01-28 15:08:56
12837,716703,21036,home,1,4-2-3-1,1,1,30,302566,Ruby Mace,Left Midfielder,4,0,0,-1,,,,0,0,-1,,,,2025-01-28 15:08:56
12837,716703,21036,home,1,4-2-3-1,1,1,5,210382,Sophie Howard,Center Right Defender,5,0,0,-1,,,,0,0,-1,,,,2025-01-28 15:08:56
12837,716703,21036,home,1,4-2-3-1,1,1,17,317638,Julie Thibaud,Center Left Defender,6,0,0,-1,,,,0,0,-1,,,,2025-01-28 15:08:56
12837,716703,21036,home,1,4-2-3-1,1,1,11,257569,Janice Cayman,Attacking Midfielder Right,7,0,0,-1,,,,1,344373,28,344373.0,4080.0,68',2025-01-28 15:08:56
12837,716703,21036,home,1,4-2-3-1,1,1,3,323495,Sam Tierney,Right Midfielder,8,0,0,-1,,,,1,288888,6,288888.0,3720.0,62',2025-01-28 15:08:56
12837,716703,21036,home,1,4-2-3-1,1,1,27,323505,Shannon O'Brien,Forward,9,0,0,-1,,,,1,323496,21,323496.0,3720.0,62',2025-01-28 15:08:56
12837,716703,21036,home,1,4-2-3-1,1,1,29,256223,Yuka Momiki,Attacking Midfielder,10,0,0,-1,,,,0,0,-1,,,,2025-01-28 15:08:56
12837,716703,21036,home,1,4-2-3-1,1,1,20,294600,Missy Goodwin,Attacking Midfielder Left,11,0,0,-1,,,,1,386685,53,386685.0,4080.0,68',2025-01-28 15:08:56
12837,716703,21036,home,1,4-2-3-1,1,0,21,323496,Hannah Cain,Substitute,0,1,323505,27,323505.0,3720.0,62',0,0,-1,,,,2025-01-28 15:08:56
12837,716703,21036,home,1,4-2-3-1,1,0,13,288976,Olivia Clarke,Substitute,0,0,0,-1,,,,0,0,-1,,,,2025-01-28 15:08:56
12837,716703,21036,home,1,4-2-3-1,1,0,6,288888,Saori Takarada,Substitute,0,1,323495,3,323495.0,3720.0,62',0,0,-1,,,,2025-01-28 15:08:56
12837,716703,21036,home,1,4-2-3-1,1,0,31,248450,Chantelle Swaby,Substitute,0,0,0,-1,,,,0,0,-1,,,,2025-01-28 15:08:56
12837,716703,21036,home,1,4-2-3-1,1,0,53,386685,Nelly Las,Substitute,0,1,294600,20,294600.0,4080.0,68',0,0,-1,,,,2025-01-28 15:08:56
12837,716703,21036,home,1,4-2-3-1,1,0,47,376668,Simone Sherwood,Substitute,0,0,0,-1,,,,0,0,-1,,,,2025-01-28 15:08:56
12837,716703,21036,home,1,4-2-3-1,1,0,2,300518,Courtney Nevin,Substitute,0,0,0,-1,,,,0,0,-1,,,,2025-01-28 15:08:56
12837,716703,21036,home,1,4-2-3-1,1,0,28,344373,Shana Chossenotte,Substitute,0,1,257569,11,257569.0,4080.0,68',0,0,-1,,,,2025-01-28 15:08:56
12837,716703,21036,home,1,4-2-3-1,1,0,22,330334,Sari Kees,Substitute,0,0,0,-1,,,,0,0,-1,,,,2025-01-28 15:08:56
12837,716703,19971,away,0,3-5-2,1,1,16,243031,Teagan Micah,Goalkeeper,1,0,0,-1,,,,0,0,-1,,,,2025-01-28 15:08:56
12837,716703,19971,away,0,3-5-2,1,1,2,323518,Lucy Parry,Right Midfielder,2,0,0,-1,,,,1,259312,3,259312.0,2700.0,45',2025-01-28 15:08:56
12837,716703,19971,away,0,3-5-2,1,1,12,323520,Taylor Hinds,Left Midfielder,3,0,0,-1,,,,1,280992,10,280992.0,4080.0,68',2025-01-28 15:08:56
12837,716703,19971,away,0,3-5-2,1,1,17,305989,Jenna Clark,Center Left Defender,4,0,0,-1,,,,0,0,-1,,,,2025-01-28 15:08:56
12837,716703,19971,away,0,3-5-2,1,1,23,188447,Gemma Bonner,Center Defender,5,0,0,-1,,,,0,0,-1,,,,2025-01-28 15:08:56
12837,716703,19971,away,0,3-5-2,1,1,4,261669,Grace Fisk,Center Right Defender,6,0,0,-1,,,,0,0,-1,,,,2025-01-28 15:08:56
12837,716703,19971,away,0,3-5-2,1,1,8,282995,Fuka Nagano,Center Right Midfielder,7,0,0,-1,,,,1,314199,14,314199.0,2700.0,45',2025-01-28 15:08:56
12837,716703,19971,away,0,3-5-2,1,1,18,264581,Ceri Holland,Center Left Midfielder,8,0,0,-1,,,,0,0,-1,,,,2025-01-28 15:08:56
12837,716703,19971,away,0,3-5-2,1,1,13,325841,Mia Enderby,Center Left Forward,9,0,0,-1,,,,1,287518,9,287518.0,3300.0,55',2025-01-28 15:08:56
12837,716703,19971,away,0,3-5-2,1,1,11,279337,Olivia Smith,Center Right Forward,10,0,0,-1,,,,0,0,-1,,,,2025-01-28 15:08:56
12837,716703,19971,away,0,3-5-2,1,1,24,311039,Samantha Kerr,Attacking Midfielder,11,0,0,-1,,,,1,338551,19,338551.0,3300.0,55',2025-01-28 15:08:56
12837,716703,19971,away,0,3-5-2,1,0,36,384503,Zara Shaw,Substitute,0,0,0,-1,,,,0,0,-1,,,,2025-01-28 15:08:56
12837,716703,19971,away,0,3-5-2,1,0,1,230835,Rachael Laws,Substitute,0,0,0,-1,,,,0,0,-1,,,,2025-01-28 15:08:56
12837,716703,19971,away,0,3-5-2,1,0,20,257593,Yana Daniels,Substitute,0,0,0,-1,,,,0,0,-1,,,,2025-01-28 15:08:56
12837,716703,19971,away,0,3-5-2,1,0,3,259312,Gemma Evans,Substitute,0,1,323518,2,323518.0,2700.0,45',0,0,-1,,,,2025-01-28 15:08:56
12837,716703,19971,away,0,3-5-2,1,0,7,389652,Cornelia Kapocs,Substitute,0,0,0,-1,,,,0,0,-1,,,,2025-01-28 15:08:56
12837,716703,19971,away,0,3-5-2,1,0,10,280992,Sophie Román Haug,Substitute,0,1,323520,12,323520.0,4080.0,68',0,0,-1,,,,2025-01-28 15:08:56
12837,716703,19971,away,0,3-5-2,1,0,9,287518,Leanne Kiernan,Substitute,0,1,325841,13,325841.0,3300.0,55',0,0,-1,,,,2025-01-28 15:08:56
12837,716703,19971,away,0,3-5-2,1,0,14,314199,Marie Hobinger,Substitute,0,1,282995,8,282995.0,2700.0,45',0,0,-1,,,,2025-01-28 15:08:56
12837,716703,19971,away,0,3-5-2,1,0,19,338551,Julia Bartel,Substitute,0,1,311039,24,311039.0,3300.0,55',0,0,-1,,,,2025-01-28 15:08:56
12837,716704,20707,home,0,4-2-3-1,1,1,1,209364,Sabrina D'Angelo,Goalkeeper,1,0,0,-1,,,,0,0,-1,,,,2025-02-03 14:51:04
12837,716704,20707,home,0,4-2-3-1,1,1,2,312456,Sarah Mayling,Right Back,2,0,0,-1,,,,0,0,-1,,,,2025-02-03 14:51:04
12837,716704,20707,home,0,4-2-3-1,1,1,16,220024,Noelle Maritz,Left Back,3,0,0,-1,,,,0,0,-1,,,,2025-02-03 14:51:04
12837,716704,20707,home,0,4-2-3-1,1,1,8,178854,Jordan Nobbs,Left Midfielder,4,0,0,-1,,,,1,294246,17,294246.0,5400.0,90',2025-02-03 14:51:04
12837,716704,20707,home,0,4-2-3-1,1,1,4,262611,Anna Patten,Center Right Defender,5,0,0,-1,,,,0,0,-1,,,,2025-02-03 14:51:04
12837,716704,20707,home,0,4-2-3-1,1,1,15,261804,Lucy Parker,Center Left Defender,6,0,0,-1,,,,0,0,-1,,,,2025-02-03 14:51:04
12837,716704,20707,home,0,4-2-3-1,1,1,23,309858,Chasity Grant,Attacking Midfielder Right,7,0,0,-1,,,,1,219769,19,219769.0,4620.0,77',2025-02-03 14:51:04
12837,716704,20707,home,0,4-2-3-1,1,1,22,317630,Jill Baijings,Right Midfielder,8,0,0,-1,,,,0,0,-1,,,,2025-02-03 14:51:04
12837,716704,20707,home,0,4-2-3-1,1,1,28,257469,Gabi Nunes,Forward,9,0,0,-1,,,,1,338756,25,338756.0,3900.0,65',2025-02-03 14:51:04
12837,716704,20707,home,0,4-2-3-1,1,1,9,248769,Rachel Daly,Attacking Midfielder,10,0,0,-1,,,,0,0,-1,,,,2025-02-03 14:51:04
12837,716704,20707,home,0,4-2-3-1,1,1,20,294252,Kirsty Hanson,Attacking Midfielder Left,11,0,0,-1,,,,1,312467,11,312467.0,5400.0,90',2025-02-03 14:51:04
12837,716704,20707,home,0,4-2-3-1,1,0,3,335782,Paula Tomás,Substitute,0,0,0,-1,,,,0,0,-1,,,,2025-02-03 14:51:04
12837,716704,20707,home,0,4-2-3-1,1,0,17,294246,Ebony Salmon,Substitute,0,1,178854,8,178854.0,5400.0,90',0,0,-1,,,,2025-02-03 14:51:04
12837,716704,20707,home,0,4-2-3-1,1,0,14,312484,Danielle Turner,Substitute,0,0,0,-1,,,,0,0,-1,,,,2025-02-03 14:51:04
12837,716704,20707,home,0,4-2-3-1,1,0,11,312467,Katie Robinson,Substitute,0,1,294252,20,294252.0,5400.0,90',0,0,-1,,,,2025-02-03 14:51:04
12837,716704,20707,home,0,4-2-3-1,1,0,25,338756,Miri Taylor,Substitute,0,1,257469,28,257469.0,3900.0,65',0,0,-1,,,,2025-02-03 14:51:04
12837,716704,20707,home,0,4-2-3-1,1,0,30,351745,Katelin Talbert,Substitute,0,0,0,-1,,,,0,0,-1,,,,2025-02-03 14:51:04
12837,716704,20707,home,0,4-2-3-1,1,0,19,219769,Adriana Leon,Substitute,0,1,309858,23,309858.0,4620.0,77',0,0,-1,,,,2025-02-03 14:51:04
12837,716704,19970,away,1,4-2-3-1,1,1,24,312460,Hannah Hampton,Goalkeeper,1,0,0,-1,,,,0,0,-1,,,,2025-02-03 14:51:04
12837,716704,19970,away,1,4-2-3-1,1,1,12,119954,Ashley Lawrence,Right Back,2,0,0,-1,,,,0,0,-1,,,,2025-02-03 14:51:04
12837,716704,19970,away,1,4-2-3-1,1,1,21,312480,Niamh Charles,Left Back,3,0,0,-1,,,,0,0,-1,,,,2025-02-03 14:51:04
12837,716704,19970,away,1,4-2-3-1,1,1,8,257545,Erin Cuthbert,Left Midfielder,4,0,0,-1,,,,0,0,-1,,,,2025-02-03 14:51:04
12837,716704,19970,away,1,4-2-3-1,1,1,14,255181,Nathalie Björn,Center Right Defender,5,0,0,-1,,,,0,0,-1,,,,2025-02-03 14:51:04
12837,716704,19970,away,1,4-2-3-1,1,1,4,248770,Millie Bright,Center Left Defender,6,0,0,-1,,,,0,0,-1,,,,2025-02-03 14:51:04
12837,716704,19970,away,1,4-2-3-1,1,1,33,313088,Aggie Beever-Jones,Attacking Midfielder Right,7,0,0,-1,,,,1,288680,7,288680.0,3360.0,56',2025-02-03 14:51:04
12837,716704,19970,away,1,4-2-3-1,1,1,18,315453,Wieke Kaptein,Right Midfielder,8,0,0,-1,,,,1,314382,6,314382.0,3360.0,56',2025-02-03 14:51:04
12837,716704,19970,away,1,4-2-3-1,1,1,10,294253,Lauren James,Forward,9,0,0,-1,,,,1,268099,30,268099.0,4680.0,78',2025-02-03 14:51:04
12837,716704,19970,away,1,4-2-3-1,1,1,9,261568,Catarina Macario,Attacking Midfielder,10,0,0,-1,,,,1,351356,23,351356.0,3780.0,63',2025-02-03 14:51:04
12837,716704,19970,away,1,4-2-3-1,1,1,11,257483,Guro Reiten,Attacking Midfielder Left,11,0,0,-1,,,,1,264735,19,264735.0,2700.0,45',2025-02-03 14:51:04
12837,716704,19970,away,1,4-2-3-1,1,0,7,288680,Mayra Ramírez,Substitute,0,1,313088,33,313088.0,3360.0,56',0,0,-1,,,,2025-02-03 14:51:04
12837,716704,19970,away,1,4-2-3-1,1,0,23,351356,Maika Hamano,Substitute,0,1,261568,9,261568.0,3780.0,63',0,0,-1,,,,2025-02-03 14:51:04
12837,716704,19970,away,1,4-2-3-1,1,0,25,347124,Maelys Mpomé,Substitute,0,0,0,-1,,,,0,0,-1,,,,2025-02-03 14:51:04
12837,716704,19970,away,1,4-2-3-1,1,0,28,318530,Femke Liefting,Substitute,0,0,0,-1,,,,0,0,-1,,,,2025-02-03 14:51:04
12837,716704,19970,away,1,4-2-3-1,1,0,27,317637,Oriane Jean-François,Substitute,0,0,0,-1,,,,0,0,-1,,,,2025-02-03 14:51:04
12837,716704,19970,away,1,4-2-3-1,1,0,6,314382,Sjoeke Nüsken,Substitute,0,1,315453,18,315453.0,3360.0,56',0,0,-1,,,,2025-02-03 14:51:04
12837,716704,19970,away,1,4-2-3-1,1,0,30,268099,Keira Walsh,Substitute,0,1,294253,10,294253.0,4680.0,78',0,0,-1,,,,2025-02-03 14:51:04
12837,716704,19970,away,1,4-2-3-1,1,0,19,264735,Johanna Rytting Kaneryd,Substitute,0,1,257483,11,257483.0,2700.0,45',0,0,-1,,,,2025-02-03 14:51:04
12837,716704,19970,away,1,4-2-3-1,1,0,53,386624,Lola Brown,Substitute,0,0,0,-1,,,,0,0,-1,,,,2025-02-03 14:51:04
12837,716705,19976,home,0,3-4-3,1,1,28,367224,Melina Loeck,Goalkeeper,1,0,0,-1,,,,0,0,-1,,,,2025-02-02 14:50:29
12837,716705,19976,home,0,3-4-3,1,1,27,257536,Rachel McLauchlan,Right Midfielder,2,0,0,-1,,,,0,0,-1,,,,2025-02-02 14:50:29
12837,716705,19976,home,0,3-4-3,1,1,18,313706,Maisie Symonds,Left Midfielder,3,0,0,-1,,,,0,0,-1,,,,2025-02-02 14:50:29
12837,716705,19976,home,0,3-4-3,1,1,3,294247,Poppy Pattinson,Center Left Defender,4,0,0,-1,,,,0,0,-1,,,,2025-02-02 14:50:29
12837,716705,19976,home,0,3-4-3,1,1,5,213937,Guro Bergsvand,Center Defender,5,0,0,-1,,,,0,0,-1,,,,2025-02-02 14:50:29
12837,716705,19976,home,0,3-4-3,1,1,2,219987,Maria Thorisdottir,Center Right Defender,6,0,0,-1,,,,0,0,-1,,,,2025-02-02 14:50:29
12837,716705,19976,home,0,3-4-3,1,1,6,219990,Vicky Losada,Center Right Midfielder,7,0,0,-1,,,,1,325886,16,325886.0,5400.0,90'+6',2025-02-03 14:51:04
12837,716705,19976,home,0,3-4-3,1,1,10,314994,Jelena Cankovic,Center Left Midfielder,8,0,0,-1,,,,0,0,-1,,,,2025-02-02 14:50:29
12837,716705,19976,home,0,3-4-3,1,1,9,246314,Nikita Parris,Forward,9,0,0,-1,,,,0,0,-1,,,,2025-02-02 14:50:29
12837,716705,19976,home,0,3-4-3,1,1,21,261578,Madison Haley,Center Right Forward,10,0,0,-1,,,,1,350678,59,350678.0,4860.0,81',2025-02-03 14:51:04
12837,716705,19976,home,0,3-4-3,1,1,8,219939,Pauline Bremer,Center Left Forward,11,0,0,-1,,,,1,309906,19,309906.0,3240.0,54',2025-02-03 14:51:04
12837,716705,19976,home,0,3-4-3,1,0,32,249106,Sophie Baggaley,Substitute,0,0,0,-1,,,,0,0,-1,,,,2025-02-02 14:50:29
12837,716705,19976,home,0,3-4-3,1,0,12,367065,Caitlin Hayes,Substitute,0,0,0,-1,,,,0,0,-1,,,,2025-02-02 14:50:29
12837,716705,19976,home,0,3-4-3,1,0,59,350678,Michelle Agyemang,Substitute,0,1,261578,21,261578.0,4860.0,81',0,0,-1,,,,2025-02-03 14:51:04
12837,716705,19976,home,0,3-4-3,1,0,22,339641,Dejana Stefanovic,Substitute,0,0,0,-1,,,,0,0,-1,,,,2025-02-02 14:50:29
12837,716705,19976,home,0,3-4-3,1,0,16,325886,Jorelyn Carabalí,Substitute,0,1,219990,6,219990.0,5400.0,90'+6',0,0,-1,,,,2025-02-03 14:51:04
12837,716705,19976,home,0,3-4-3,1,0,17,325852,Bex Rayner,Substitute,0,0,0,-1,,,,0,0,-1,,,,2025-02-02 14:50:29
12837,716705,19976,home,0,3-4-3,1,0,33,312215,Charlize Rule,Substitute,0,0,0,-1,,,,0,0,-1,,,,2025-02-02 14:50:29
12837,716705,19976,home,0,3-4-3,1,0,15,309978,Nadine Noordam,Substitute,0,0,0,-1,,,,0,0,-1,,,,2025-02-02 14:50:29
12837,716705,19976,home,0,3-4-3,1,0,19,309906,Marisa Olislagers,Substitute,0,1,219939,8,219939.0,3240.0,54',0,0,-1,,,,2025-02-03 14:51:04
12837,716705,21037,away,0,5-3-2,1,1,19,335986,Milla-Maj Majasaari,Goalkeeper,1,0,0,-1,,,,0,0,-1,,,,2025-02-02 14:50:29
12837,716705,21037,away,0,5-3-2,1,1,8,324879,Molly-Mae Sharpe,Right Back,2,0,0,-1,,,,1,336368,27,336368.0,4260.0,71',2025-02-03 14:51:04
12837,716705,21037,away,0,5-3-2,1,1,23,288977,Lily Woodham,Left Back,3,0,0,-1,,,,0,0,-1,,,,2025-02-02 14:50:29
12837,716705,21037,away,0,5-3-2,1,1,15,296781,Hayley Nolan,Center Left Defender,4,0,0,-1,,,,0,0,-1,,,,2025-02-02 14:50:29
12837,716705,21037,away,0,5-3-2,1,1,6,324878,Aimee Everett,Center Defender,5,0,0,-1,,,,1,140056,2,140056.0,3240.0,54',2025-02-03 14:51:04
12837,716705,21037,away,0,5-3-2,1,1,14,259626,Josie Green,Center Right Defender,6,0,0,-1,,,,0,0,-1,,,,2025-02-02 14:50:29
12837,716705,21037,away,0,5-3-2,1,1,5,392348,My Cato,Center Right Midfielder,7,0,0,-1,,,,0,0,-1,,,,2025-02-02 14:50:29
12837,716705,21037,away,0,5-3-2,1,1,17,377622,Lexi Potter,Center Midfielder,8,0,0,-1,,,,0,0,-1,,,,2025-02-02 14:50:29
12837,716705,21037,away,0,5-3-2,1,1,11,314575,Ashleigh Weerden,Center Left Forward,9,0,0,-1,,,,1,349219,21,349219.0,3660.0,61',2025-02-03 14:51:04
12837,716705,21037,away,0,5-3-2,1,1,28,290269,Katie Stengel,Center Right Forward,10,0,0,-1,,,,0,0,-1,,,,2025-02-02 14:50:29
12837,716705,21037,away,0,5-3-2,1,1,22,285187,Mille Gejl,Center Left Midfielder,11,0,0,-1,,,,1,323499,10,323499.0,3660.0,61',2025-02-03 14:51:04
12837,716705,21037,away,0,5-3-2,1,0,2,140056,Katrine Veje,Substitute,0,1,324878,6,324878.0,3240.0,54',0,0,-1,,,,2025-02-03 14:51:04
12837,716705,21037,away,0,5-3-2,1,0,16,267672,Ria Oling,Substitute,0,0,0,-1,,,,0,0,-1,,,,2025-02-02 14:50:29
12837,716705,21037,away,0,5-3-2,1,0,21,349219,Clarissa Laris­ey,Substitute,0,1,314575,11,314575.0,3660.0,61',0,0,-1,,,,2025-02-03 14:51:04
12837,716705,21037,away,0,5-3-2,1,0,27,336368,Abbie Larkin,Substitute,0,1,324879,8,324879.0,4260.0,71',0,0,-1,,,,2025-02-03 14:51:04
12837,716705,21037,away,0,5-3-2,1,0,30,224886,Shae Yanez,Substitute,0,0,0,-1,,,,0,0,-1,,,,2025-02-02 14:50:29
12837,716705,21037,away,0,5-3-2,1,0,4,257534,Chloe Arthur,Substitute,0,0,0,-1,,,,0,0,-1,,,,2025-02-02 14:50:29
12837,716705,21037,away,0,5-3-2,1,0,10,323499,Annabel Blanchard,Substitute,0,1,285187,22,285187.0,3660.0,61',0,0,-1,,,,2025-02-03 14:51:04
12837,716705,21037,away,0,5-3-2,1,0,3,312463,Felicity Gibbons,Substitute,0,0,0,-1,,,,0,0,-1,,,,2025-02-02 14:50:29
12837,716705,21037,away,0,5-3-2,1,0,9,265532,Elise Hughes,Substitute,0,0,0,-1,,,,0,0,-1,,,,2025-02-02 14:50:29
12837,716706,19257,home,0,4-3-3,1,1,35,314954,Khiara Keating,Goalkeeper,1,0,0,-1,,,,0,0,-1,,,,2025-02-02 14:50:29
12837,716706,19257,home,0,4-3-3,1,1,18,309904,Kerstin Casparij,Right Back,2,0,0,-1,,,,0,0,-1,,,,2025-02-02 14:50:29
12837,716706,19257,home,0,4-3-3,1,1,15,249105,Leila Ouahabi,Left Back,3,0,0,-1,,,,0,0,-1,,,,2025-02-02 14:50:29
12837,716706,19257,home,0,4-3-3,1,1,25,256228,Yui Hasegawa,Center Midfielder,4,0,0,-1,,,,0,0,-1,,,,2025-02-02 14:50:29
12837,716706,19257,home,0,4-3-3,1,1,4,286338,Laia Aleixandri,Center Right Defender,5,0,0,-1,,,,0,0,-1,,,,2025-02-02 14:50:29
12837,716706,19257,home,0,4-3-3,1,1,27,351683,Rebecca Knaak,Center Left Defender,6,0,0,-1,,,,0,0,-1,,,,2025-02-02 14:50:29
12837,716706,19257,home,0,4-3-3,1,1,10,219951,Jill Roord,Right Midfielder,7,0,0,-1,,,,0,0,-1,,,,2025-02-02 14:50:29
12837,716706,19257,home,0,4-3-3,1,1,16,296503,Jess Park,Left Midfielder,8,0,0,-1,,,,1,281475,14,281475.0,3900.0,65',2025-02-02 14:50:29
12837,716706,19257,home,0,4-3-3,1,1,6,219945,Vivianne Miedema,Forward,9,0,0,-1,,,,1,261947,21,261947.0,3900.0,65',2025-02-02 14:50:29
12837,716706,19257,home,0,4-3-3,1,1,20,351355,Aoba Fujino,Right Forward,10,0,0,-1,,,,0,0,-1,,,,2025-02-02 14:50:29
12837,716706,19257,home,0,4-3-3,1,1,8,276165,Mary Fowler,Left Forward,11,0,0,-1,,,,0,0,-1,,,,2025-02-02 14:50:29
12837,716706,19257,home,0,4-3-3,1,0,53,380968,Mayzee Davies,Substitute,0,0,0,-1,,,,0,0,-1,,,,2025-02-02 14:50:29
12837,716706,19257,home,0,4-3-3,1,0,46,390468,Lily Murphy,Substitute,0,0,0,-1,,,,0,0,-1,,,,2025-02-02 14:50:29
12837,716706,19257,home,0,4-3-3,1,0,30,399001,Aemu Oyama,Substitute,0,0,0,-1,,,,0,0,-1,,,,2025-02-02 14:50:29
12837,716706,19257,home,0,4-3-3,1,0,28,353342,Gracie Prior,Substitute,0,0,0,-1,,,,0,0,-1,,,,2025-02-02 14:50:29
12837,716706,19257,home,0,4-3-3,1,0,19,298641,Laura Blindkilde Brown,Substitute,0,0,0,-1,,,,0,0,-1,,,,2025-02-02 14:50:29
12837,716706,19257,home,0,4-3-3,1,0,14,281475,Kerolin,Substitute,0,1,296503,16,,,,0,0,-1,,,,2025-02-02 14:50:29
12837,716706,19257,home,0,4-3-3,1,0,21,261947,Khadija Shaw,Substitute,0,1,219945,6,219945.0,3900.0,65',0,0,-1,,,,2025-02-02 14:50:29
12837,716706,19257,home,0,4-3-3,1,0,31,223470,Ayaka Yamashita,Substitute,0,0,0,-1,,,,0,0,-1,,,,2025-02-02 14:50:29
12837,716706,19257,home,0,4-3-3,1,0,3,306881,Naomi Layzell,Substitute,0,0,0,-1,,,,0,0,-1,,,,2025-02-02 14:50:29
12837,716706,19973,away,1,4-2-3-1,1,1,14,309903,Daphne van Domselaar,Goalkeeper,1,0,0,-1,,,,0,0,-1,,,,2025-02-02 14:50:29
12837,716706,19973,away,1,4-2-3-1,1,1,2,263684,Emily Fox,Right Back,2,0,0,-1,,,,0,0,-1,,,,2025-02-02 14:50:29
12837,716706,19973,away,1,4-2-3-1,1,1,7,219822,Steph Catley,Left Back,3,0,0,-1,,,,0,0,-1,,,,2025-02-02 14:50:29
12837,716706,19973,away,1,4-2-3-1,1,1,8,257473,Mariona Caldentey,Left Midfielder,4,0,0,-1,,,,0,0,-1,,,,2025-02-02 14:50:29
12837,716706,19973,away,1,4-2-3-1,1,1,6,268100,Leah Williamson,Center Right Defender,5,0,0,-1,,,,0,0,-1,,,,2025-02-02 14:50:29
12837,716706,19973,away,1,4-2-3-1,1,1,3,263682,Lotte Wubben-Moy,Center Left Defender,6,0,0,-1,,,,0,0,-1,,,,2025-02-02 14:50:29
12837,716706,19973,away,1,4-2-3-1,1,1,9,280982,Beth Mead,Attacking Midfielder Right,7,0,0,-1,,,,1,188004,28,188004.0,5400.0,90'+5',2025-02-02 14:50:29
12837,716706,19973,away,1,4-2-3-1,1,1,32,288907,Kyra Cooney-Cross,Right Midfielder,8,0,0,-1,,,,1,220015,13,220015.0,4140.0,69',2025-02-02 14:50:29
12837,716706,19973,away,1,4-2-3-1,1,1,25,240274,Stina Blackstenius,Forward,9,0,0,-1,,,,1,350636,16,350636.0,5280.0,88',2025-02-02 14:50:29
12837,716706,19973,away,1,4-2-3-1,1,1,12,259331,Frida Maanum,Attacking Midfielder,10,0,0,-1,,,,0,0,-1,,,,2025-02-02 14:50:29
12837,716706,19973,away,1,4-2-3-1,1,1,23,263683,Alessia Russo,Attacking Midfielder Left,11,0,0,-1,,,,0,0,-1,,,,2025-02-02 14:50:29
12837,716706,19973,away,1,4-2-3-1,1,0,40,351240,Naomi Williams,Substitute,0,0,0,-1,,,,0,0,-1,,,,2025-02-02 14:50:29
12837,716706,19973,away,1,4-2-3-1,1,0,62,350679,Katie Reid,Substitute,0,0,0,-1,,,,0,0,-1,,,,2025-02-02 14:50:29
12837,716706,19973,away,1,4-2-3-1,1,0,16,350636,Rosa Kafaji,Substitute,0,1,240274,25,240274.0,5280.0,88',0,0,-1,,,,2025-02-02 14:50:29
12837,716706,19973,away,1,4-2-3-1,1,0,43,386686,Niamh Peacock,Substitute,0,0,0,-1,,,,0,0,-1,,,,2025-02-02 14:50:29
12837,716706,19973,away,1,4-2-3-1,1,0,22,292633,Jenna Nighswonger,Substitute,0,0,0,-1,,,,0,0,-1,,,,2025-02-02 14:50:29
12837,716706,19973,away,1,4-2-3-1,1,0,1,252339,Manuela Zinsberger,Substitute,0,0,0,-1,,,,0,0,-1,,,,2025-02-02 14:50:29
12837,716706,19973,away,1,4-2-3-1,1,0,13,220015,Lia Wälti,Substitute,0,1,288907,32,288907.0,4140.0,69',0,0,-1,,,,2025-02-02 14:50:29
12837,716706,19973,away,1,4-2-3-1,1,0,28,188004,Amanda Ilestedt,Substitute,0,1,280982,9,280982.0,5400.0,90'+5',0,0,-1,,,,2025-02-02 14:50:29
12837,716706,19973,away,1,4-2-3-1,1,0,5,295638,Laia Codina,Substitute,0,0,0,-1,,,,0,0,-1,,,,2025-02-02 14:50:29
12837,716707,19971,home,1,3-5-2,1,1,16,243031,Teagan Micah,Goalkeeper,1,0,0,-1,,,,0,0,-1,,,,2025-02-03 14:51:04
12837,716707,19971,home,1,3-5-2,1,1,2,323518,Lucy Parry,Right Midfielder,2,0,0,-1,,,,1,257593,20,257593.0,3840.0,64',2025-02-03 14:51:04
12837,716707,19971,home,1,3-5-2,1,1,12,323520,Taylor Hinds,Left Midfielder,3,0,0,-1,,,,0,0,-1,,,,2025-02-03 14:51:04
12837,716707,19971,home,1,3-5-2,1,1,3,259312,Gemma Evans,Center Left Defender,4,0,0,-1,,,,0,0,-1,,,,2025-02-03 14:51:04
12837,716707,19971,home,1,3-5-2,1,1,17,305989,Jenna Clark,Center Defender,5,0,0,-1,,,,0,0,-1,,,,2025-02-03 14:51:04
12837,716707,19971,home,1,3-5-2,1,1,4,261669,Grace Fisk,Center Right Defender,6,0,0,-1,,,,0,0,-1,,,,2025-02-03 14:51:04
12837,716707,19971,home,1,3-5-2,1,1,14,314199,Marie Hobinger,Center Right Midfielder,7,0,0,-1,,,,1,338551,19,338551.0,3540.0,59',2025-02-03 14:51:04
12837,716707,19971,home,1,3-5-2,1,1,18,264581,Ceri Holland,Center Left Midfielder,8,0,0,-1,,,,0,0,-1,,,,2025-02-03 14:51:04
12837,716707,19971,home,1,3-5-2,1,1,11,279337,Olivia Smith,Center Left Forward,9,0,0,-1,,,,0,0,-1,,,,2025-02-03 14:51:04
12837,716707,19971,home,1,3-5-2,1,1,9,287518,Leanne Kiernan,Center Right Forward,10,0,0,-1,,,,1,280992,10,280992.0,3840.0,64',2025-02-03 14:51:04
12837,716707,19971,home,1,3-5-2,1,1,24,311039,Samantha Kerr,Attacking Midfielder,11,0,0,-1,,,,1,282995,8,282995.0,4500.0,75',2025-02-03 14:51:04
12837,716707,19971,home,1,3-5-2,1,0,36,384503,Zara Shaw,Substitute,0,0,0,-1,,,,0,0,-1,,,,2025-02-03 14:51:04
12837,716707,19971,home,1,3-5-2,1,0,19,338551,Julia Bartel,Substitute,0,1,314199,14,314199.0,3540.0,59',0,0,-1,,,,2025-02-03 14:51:04
12837,716707,19971,home,1,3-5-2,1,0,13,325841,Mia Enderby,Substitute,0,0,0,-1,,,,0,0,-1,,,,2025-02-03 14:51:04
12837,716707,19971,home,1,3-5-2,1,0,7,389652,Cornelia Kapocs,Substitute,0,0,0,-1,,,,0,0,-1,,,,2025-02-03 14:51:04
12837,716707,19971,home,1,3-5-2,1,0,10,280992,Sophie Román Haug,Substitute,0,1,287518,9,287518.0,3840.0,64',0,0,-1,,,,2025-02-03 14:51:04
12837,716707,19971,home,1,3-5-2,1,0,20,257593,Yana Daniels,Substitute,0,1,323518,2,323518.0,3840.0,64',0,0,-1,,,,2025-02-03 14:51:04
12837,716707,19971,home,1,3-5-2,1,0,1,230835,Rachael Laws,Substitute,0,0,0,-1,,,,0,0,-1,,,,2025-02-03 14:51:04
12837,716707,19971,home,1,3-5-2,1,0,23,188447,Gemma Bonner,Substitute,0,0,0,-1,,,,0,0,-1,,,,2025-02-03 14:51:04
12837,716707,19971,home,1,3-5-2,1,0,8,282995,Fuka Nagano,Substitute,0,1,311039,24,311039.0,4500.0,75',0,0,-1,,,,2025-02-03 14:51:04
12837,716707,19975,away,0,4-4-2,1,1,1,296372,Kinga Szemik,Goalkeeper,1,0,0,-1,,,,0,0,-1,,,,2025-02-02 14:50:29
12837,716707,19975,away,0,4-4-2,1,1,18,310225,Anouk Denton,Right Back,2,0,0,-1,,,,1,257540,2,257540.0,3120.0,52',2025-02-03 14:51:04
12837,716707,19975,away,0,4-4-2,1,1,29,252347,Verena Hanshaw,Left Back,3,0,0,-1,,,,0,0,-1,,,,2025-02-03 14:51:04
12837,716707,19975,away,0,4-4-2,1,1,4,349057,Oona Siren,Center Right Midfielder,4,0,0,-1,,,,1,259752,10,259752.0,4140.0,69',2025-02-03 14:51:04
12837,716707,19975,away,0,4-4-2,1,1,13,317807,Eva Nystrom,Center Right Defender,5,0,0,-1,,,,0,0,-1,,,,2025-02-03 14:51:04
12837,716707,19975,away,0,4-4-2,1,1,14,235712,Shelina Zadorsky,Center Left Defender,6,0,0,-1,,,,0,0,-1,,,,2025-02-03 14:51:04
12837,716707,19975,away,0,4-4-2,1,1,77,330350,Seraina Piubel,Right Midfielder,7,0,0,-1,,,,1,298775,11,298775.0,4080.0,68',2025-02-03 14:51:04
12837,716707,19975,away,0,4-4-2,1,1,22,219825,Katrina Gorry,Center Left Midfielder,8,0,0,-1,,,,0,0,-1,,,,2025-02-02 14:50:29
12837,716707,19975,away,0,4-4-2,1,1,19,374905,Shekiera Martinez,Center Left Forward,9,0,0,-1,,,,0,0,-1,,,,2025-02-03 14:51:04
12837,716707,19975,away,0,4-4-2,1,1,9,287317,Riko Ueki,Center Right Forward,10,0,0,-1,,,,0,0,-1,,,,2025-02-02 14:50:29
12837,716707,19975,away,0,4-4-2,1,1,20,188069,Viviane Asseyi,Left Midfielder,11,0,0,-1,,,,1,362493,35,362493.0,5040.0,84',2025-02-03 14:51:04
12837,716707,19975,away,0,4-4-2,1,0,25,312461,Megan Walsh,Substitute,0,0,0,-1,,,,0,0,-1,,,,2025-02-02 14:50:29
12837,716707,19975,away,0,4-4-2,1,0,35,362493,Princess Ademiluyi,Substitute,0,1,188069,20,188069.0,5040.0,84',0,0,-1,,,,2025-02-03 14:51:04
12837,716707,19975,away,0,4-4-2,1,0,7,350638,Marika Bergman-Lundin,Substitute,0,0,0,-1,,,,0,0,-1,,,,2025-02-02 14:50:29
12837,716707,19975,away,0,4-4-2,1,0,12,312486,Emma Harries,Substitute,0,0,0,-1,,,,0,0,-1,,,,2025-02-02 14:50:29
12837,716707,19975,away,0,4-4-2,1,0,11,298775,Manuela Paví,Substitute,0,1,330350,77,330350.0,4080.0,68',0,0,-1,,,,2025-02-03 14:51:04
12837,716707,19975,away,0,4-4-2,1,0,26,281682,Li Mengwen,Substitute,0,0,0,-1,,,,0,0,-1,,,,2025-02-02 14:50:29
12837,716707,19975,away,0,4-4-2,1,0,17,264860,Camila Sáez,Substitute,0,0,0,-1,,,,0,0,-1,,,,2025-02-02 14:50:29
12837,716707,19975,away,0,4-4-2,1,0,10,259752,Dagný Brynjarsdóttir,Substitute,0,1,349057,4,349057.0,4140.0,69',0,0,-1,,,,2025-02-03 14:51:04
12837,716707,19975,away,0,4-4-2,1,0,2,257540,Kirsty Smith,Substitute,0,1,310225,18,310225.0,3120.0,52',0,0,-1,,,,2025-02-03 14:51:04
12837,716708,19972,home,1,4-4-1-1,1,1,1,209174,Courtney Brosnan,Goalkeeper,1,0,0,-1,,,,0,0,-1,,,,2025-02-03 14:51:04
12837,716708,19972,home,1,4-4-1-1,1,1,19,291349,Heather Payne,Right Back,2,0,0,-1,,,,0,0,-1,,,,2025-02-03 14:51:04
12837,716708,19972,home,1,4-4-1-1,1,1,23,287392,Sara Holmgaard,Left Back,3,0,0,-1,,,,1,349927,27,349927.0,4440.0,74',2025-02-03 14:51:04
12837,716708,19972,home,1,4-4-1-1,1,1,16,259315,Hayley Ladd,Center Right Midfielder,4,0,0,-1,,,,1,364520,47,364520.0,4440.0,74',2025-02-03 14:51:04
12837,716708,19972,home,1,4-4-1-1,1,1,17,284939,Lucy Hope,Center Right Defender,5,0,0,-1,,,,0,0,-1,,,,2025-02-03 14:51:04
12837,716708,19972,home,1,4-4-1-1,1,1,5,334991,Martina Fernández,Center Left Defender,6,0,0,-1,,,,0,0,-1,,,,2025-02-03 14:51:04
12837,716708,19972,home,1,4-4-1-1,1,1,7,300568,Clare Wheeler,Right Midfielder,7,0,0,-1,,,,0,0,-1,,,,2025-02-03 14:51:04
12837,716708,19972,home,1,4-4-1-1,1,1,6,303336,Honoka Hayashi,Center Left Midfielder,8,0,0,-1,,,,0,0,-1,,,,2025-02-03 14:51:04
12837,716708,19972,home,1,4-4-1-1,1,1,9,211151,Toni Payne,Forward,9,0,0,-1,,,,1,347190,15,347190.0,4920.0,82',2025-02-03 14:51:04
12837,716708,19972,home,1,4-4-1-1,1,1,25,270037,Katja Snoeijs,Rear Center Forward,10,0,0,-1,,,,1,312559,21,312559.0,4920.0,82',2025-02-03 14:51:04
12837,716708,19972,home,1,4-4-1-1,1,1,29,392349,Kelly Gago,Left Midfielder,11,0,0,-1,,,,1,255452,14,255452.0,4380.0,73',2025-02-03 14:51:04
12837,716708,19972,home,1,4-4-1-1,1,0,12,294254,Emily Ramsey,Substitute,0,0,0,-1,,,,0,0,-1,,,,2025-02-03 14:51:04
12837,716708,19972,home,1,4-4-1-1,1,0,8,293328,Justine Vanhaevermaet,Substitute,0,0,0,-1,,,,0,0,-1,,,,2025-02-03 14:51:04
12837,716708,19972,home,1,4-4-1-1,1,0,14,255452,Melissa Lawley,Substitute,0,1,392349,29,392349.0,4380.0,73',0,0,-1,,,,2025-02-03 14:51:04
12837,716708,19972,home,1,4-4-1-1,1,0,21,312559,Veatriki Sarri,Substitute,0,1,270037,25,270037.0,4920.0,82',0,0,-1,,,,2025-02-03 14:51:04
12837,716708,19972,home,1,4-4-1-1,1,0,28,285191,Karen Holmgaard,Substitute,0,0,0,-1,,,,0,0,-1,,,,2025-02-03 14:51:04
12837,716708,19972,home,1,4-4-1-1,1,0,15,347190,Louna Ribadeira,Substitute,0,1,211151,9,211151.0,4920.0,82',0,0,-1,,,,2025-02-03 14:51:04
12837,716708,19972,home,1,4-4-1-1,1,0,27,349927,Elise Stenevik,Substitute,0,1,287392,23,287392.0,4440.0,74',0,0,-1,,,,2025-02-03 14:51:04
12837,716708,19972,home,1,4-4-1-1,1,0,18,361722,Emma Watson,Substitute,0,0,0,-1,,,,0,0,-1,,,,2025-02-03 14:51:04
12837,716708,19972,home,1,4-4-1-1,1,0,47,364520,Karoline Olesen,Substitute,0,1,259315,16,259315.0,4440.0,74',0,0,-1,,,,2025-02-03 14:51:04
12837,716708,21036,away,0,4-2-3-1,1,1,1,328082,Janina Leitzig,Goalkeeper,1,0,0,-1,,,,0,0,-1,,,,2025-02-02 14:50:29
12837,716708,21036,away,0,4-2-3-1,1,1,4,219962,C.J. Bott,Right Back,2,0,0,-1,,,,0,0,-1,,,,2025-02-03 14:51:04
12837,716708,21036,away,0,4-2-3-1,1,1,12,304854,Asmita Ale,Left Back,3,0,0,-1,,,,0,0,-1,,,,2025-02-02 14:50:29
12837,716708,21036,away,0,4-2-3-1,1,1,11,257569,Janice Cayman,Left Midfielder,4,0,0,-1,,,,1,270127,14,270127.0,4800.0,80',2025-02-03 14:51:04
12837,716708,21036,away,0,4-2-3-1,1,1,5,210382,Sophie Howard,Center Right Defender,5,0,0,-1,,,,0,0,-1,,,,2025-02-03 14:51:04
12837,716708,21036,away,0,4-2-3-1,1,1,17,317638,Julie Thibaud,Center Left Defender,6,0,0,-1,,,,0,0,-1,,,,2025-02-02 14:50:29
12837,716708,21036,away,0,4-2-3-1,1,1,21,323496,Hannah Cain,Attacking Midfielder Right,7,0,0,-1,,,,1,288888,6,288888.0,4440.0,74',2025-02-03 14:51:04
12837,716708,21036,away,0,4-2-3-1,1,1,3,323495,Sam Tierney,Right Midfielder,8,0,0,-1,,,,0,0,-1,,,,2025-02-03 14:51:04
12837,716708,21036,away,0,4-2-3-1,1,1,27,323505,Shannon O'Brien,Forward,9,0,0,-1,,,,1,344373,28,344373.0,3660.0,61',2025-02-03 14:51:04
12837,716708,21036,away,0,4-2-3-1,1,1,29,256223,Yuka Momiki,Attacking Midfielder,10,0,0,-1,,,,0,0,-1,,,,2025-02-02 14:50:29
12837,716708,21036,away,0,4-2-3-1,1,1,20,294600,Missy Goodwin,Attacking Midfielder Left,11,0,0,-1,,,,1,300518,2,300518.0,4440.0,74',2025-02-03 14:51:04
12837,716708,21036,away,0,4-2-3-1,1,0,13,288976,Olivia Clarke,Substitute,0,0,0,-1,,,,0,0,-1,,,,2025-02-02 14:50:29
12837,716708,21036,away,0,4-2-3-1,1,0,6,288888,Saori Takarada,Substitute,0,1,323496,21,323496.0,4440.0,74',0,0,-1,,,,2025-02-03 14:51:04
12837,716708,21036,away,0,4-2-3-1,1,0,53,386685,Nelly Las,Substitute,0,0,0,-1,,,,0,0,-1,,,,2025-02-02 14:50:29
12837,716708,21036,away,0,4-2-3-1,1,0,47,376668,Simone Sherwood,Substitute,0,0,0,-1,,,,0,0,-1,,,,2025-02-02 14:50:29
12837,716708,21036,away,0,4-2-3-1,1,0,28,344373,Shana Chossenotte,Substitute,0,1,323505,27,323505.0,3660.0,61',0,0,-1,,,,2025-02-03 14:51:04
12837,716708,21036,away,0,4-2-3-1,1,0,22,330334,Sari Kees,Substitute,0,0,0,-1,,,,0,0,-1,,,,2025-02-02 14:50:29
12837,716708,21036,away,0,4-2-3-1,1,0,31,248450,Chantelle Swaby,Substitute,0,0,0,-1,,,,0,0,-1,,,,2025-02-02 14:50:29
12837,716708,21036,away,0,4-2-3-1,1,0,14,270127,Hlin Eiriksdottir,Substitute,0,1,257569,11,257569.0,4800.0,80',0,0,-1,,,,2025-02-03 14:51:04
12837,716708,21036,away,0,4-2-3-1,1,0,2,300518,Courtney Nevin,Substitute,0,1,294600,20,294600.0,4440.0,74',0,0,-1,,,,2025-02-03 14:51:04
12837,716709,20062,home,0,4-4-2,1,1,1,264730,Lize Kop,Goalkeeper,1,0,0,-1,,,,0,0,-1,,,,2025-02-03 14:51:04
12837,716709,20062,home,0,4-4-2,1,1,29,294265,Ashleigh Neville,Right Back,2,0,0,-1,,,,0,0,-1,,,,2025-02-03 14:51:04
12837,716709,20062,home,0,4-4-2,1,1,6,314494,Amanda Nildén,Left Back,3,0,0,-1,,,,0,0,-1,,,,2025-02-03 14:51:04
12837,716709,20062,home,0,4-4-2,1,1,12,314195,Josefine Rybrink,Center Right Midfielder,4,0,0,-1,,,,1,311201,14,311201.0,5160.0,86',2025-02-03 14:51:04
12837,716709,20062,home,0,4-4-2,1,1,15,312233,Clare Hunt,Center Right Defender,5,0,0,-1,,,,0,0,-1,,,,2025-02-03 14:51:04
12837,716709,20062,home,0,4-4-2,1,1,5,312487,Molly Bartrip,Center Left Defender,6,0,0,-1,,,,0,0,-1,,,,2025-02-03 14:51:04
12837,716709,20062,home,0,4-4-2,1,1,8,219818,Hayley Raso,Right Midfielder,7,0,0,-1,,,,0,0,-1,,,,2025-02-03 14:51:04
12837,716709,20062,home,0,4-4-2,1,1,10,320356,Maite Oroz,Center Left Midfielder,8,0,0,-1,,,,0,0,-1,,,,2025-02-03 14:51:04
12837,716709,20062,home,0,4-4-2,1,1,9,293410,Bethany England,Center Left Forward,9,0,0,-1,,,,0,0,-1,,,,2025-02-03 14:51:04
12837,716709,20062,home,0,4-4-2,1,1,17,226804,Martha Thomas,Center Right Forward,10,0,0,-1,,,,1,314963,11,314963.0,4620.0,77',2025-02-03 14:51:04
12837,716709,20062,home,0,4-4-2,1,1,7,294268,Jessica Naz,Left Midfielder,11,0,0,-1,,,,1,349567,13,349567.0,5160.0,86',2025-02-03 14:51:04
12837,716709,20062,home,0,4-4-2,1,0,11,314963,Olivia Holdt,Substitute,0,1,226804,17,226804.0,4620.0,77',0,0,-1,,,,2025-02-03 14:51:04
12837,716709,20062,home,0,4-4-2,1,0,14,311201,Anna Csiki,Substitute,0,1,314195,12,314195.0,5160.0,86',0,0,-1,,,,2025-02-03 14:51:04
12837,716709,20062,home,0,4-4-2,1,0,21,309086,Luana Bühler,Substitute,0,0,0,-1,,,,0,0,-1,,,,2025-02-03 14:51:04
12837,716709,20062,home,0,4-4-2,1,0,2,300442,Charlotte Grant,Substitute,0,0,0,-1,,,,0,0,-1,,,,2025-02-03 14:51:04
12837,716709,20062,home,0,4-4-2,1,0,13,349567,Matilda Vinberg,Substitute,0,1,294268,7,294268.0,5160.0,86',0,0,-1,,,,2025-02-03 14:51:04
12837,716709,20062,home,0,4-4-2,1,0,22,286883,Rebecca Spencer,Substitute,0,0,0,-1,,,,0,0,-1,,,,2025-02-03 14:51:04
12837,716709,20062,home,0,4-4-2,1,0,20,267679,Olga Ahtinen,Substitute,0,0,0,-1,,,,0,0,-1,,,,2025-02-03 14:51:04
12837,716709,20062,home,0,4-4-2,1,0,31,355373,Lenna Gunning-Williams,Substitute,0,0,0,-1,,,,0,0,-1,,,,2025-02-03 14:51:04
12837,716709,20062,home,0,4-4-2,1,0,23,312494,Rosella Ayane,Substitute,0,0,0,-1,,,,0,0,-1,,,,2025-02-03 14:51:04
12837,716709,20061,away,1,4-2-3-1,1,1,91,208938,Phallon Tullis-Joyce,Goalkeeper,1,0,0,-1,,,,0,0,-1,,,,2025-02-03 14:51:04
12837,716709,20061,away,1,4-2-3-1,1,1,14,267765,Jayde Riviere,Right Back,2,0,0,-1,,,,1,293411,5,293411.0,5400.0,90',2025-02-03 14:51:04
12837,716709,20061,away,1,4-2-3-1,1,1,3,268536,Gabby George,Left Back,3,0,0,-1,,,,1,359233,2,359233.0,3840.0,64',2025-02-03 14:51:04
12837,716709,20061,away,1,4-2-3-1,1,1,17,219947,Dominique Janssen,Left Midfielder,4,0,0,-1,,,,1,349220,13,349220.0,3900.0,65',2025-02-03 14:51:04
12837,716709,20061,away,1,4-2-3-1,1,1,4,312462,Maya Le Tissier,Center Right Defender,5,0,0,-1,,,,0,0,-1,,,,2025-02-03 14:51:04
12837,716709,20061,away,1,4-2-3-1,1,1,21,294257,Millie Turner,Center Left Defender,6,0,0,-1,,,,0,0,-1,,,,2025-02-03 14:51:04
12837,716709,20061,away,1,4-2-3-1,1,1,15,328108,Celin Bizet,Attacking Midfielder Right,7,0,0,-1,,,,0,0,-1,,,,2025-02-03 14:51:04
12837,716709,20061,away,1,4-2-3-1,1,1,20,283107,Hinata Miyazawa,Right Midfielder,8,0,0,-1,,,,0,0,-1,,,,2025-02-03 14:51:04
12837,716709,20061,away,1,4-2-3-1,1,1,19,298669,Elisabeth Terland,Forward,9,0,0,-1,,,,0,0,-1,,,,2025-02-03 14:51:04
12837,716709,20061,away,1,4-2-3-1,1,1,7,294255,Ella Toone,Attacking Midfielder,10,0,0,-1,,,,0,0,-1,,,,2025-02-03 14:51:04
12837,716709,20061,away,1,4-2-3-1,1,1,11,294256,Leah Galton,Attacking Midfielder Left,11,0,0,-1,,,,1,295670,9,295670.0,3840.0,64',2025-02-03 14:51:04
12837,716709,20061,away,1,4-2-3-1,1,0,13,349220,Simi Awujo,Substitute,0,1,219947,17,219947.0,3900.0,65',0,0,-1,,,,2025-02-03 14:51:04
12837,716709,20061,away,1,4-2-3-1,1,0,2,359233,Anna Sandberg,Substitute,0,1,268536,3,268536.0,3840.0,64',0,0,-1,,,,2025-02-03 14:51:04
12837,716709,20061,away,1,4-2-3-1,1,0,28,134423,Rachel Williams,Substitute,0,0,0,-1,,,,0,0,-1,,,,2025-02-03 14:51:04
12837,716709,20061,away,1,4-2-3-1,1,0,9,295670,Melvine Malard,Substitute,0,1,294256,11,294256.0,3840.0,64',0,0,-1,,,,2025-02-03 14:51:04
12837,716709,20061,away,1,4-2-3-1,1,0,8,306883,Grace Clinton,Substitute,0,0,0,-1,,,,0,0,-1,,,,2025-02-03 14:51:04
12837,716709,20061,away,1,4-2-3-1,1,0,39,332051,Safia Middleton-Patel,Substitute,0,0,0,-1,,,,0,0,-1,,,,2025-02-03 14:51:04
12837,716709,20061,away,1,4-2-3-1,1,0,5,293411,Aoife Mannion,Substitute,0,1,267765,14,267765.0,5400.0,90',0,0,-1,,,,2025-02-03 14:51:04
12837,716710,20061,home,1,4-2-3-1,1,1,91,208938,Phallon Tullis-Joyce,Goalkeeper,1,0,0,-1,,,,0,0,-1,,,,2025-02-17 05:53:03
12837,716710,20061,home,1,4-2-3-1,1,1,14,267765,Jayde Riviere,Right Back,2,0,0,-1,,,,1,293411,5,293411.0,5040.0,84',2025-02-17 05:53:03
12837,716710,20061,home,1,4-2-3-1,1,1,3,268536,Gabby George,Left Back,3,0,0,-1,,,,1,359233,2,359233.0,3780.0,63',2025-02-17 05:53:03
12837,716710,20061,home,1,4-2-3-1,1,1,17,219947,Dominique Janssen,Left Midfielder,4,0,0,-1,,,,0,0,-1,,,,2025-02-17 05:53:03
12837,716710,20061,home,1,4-2-3-1,1,1,4,312462,Maya Le Tissier,Center Right Defender,5,0,0,-1,,,,0,0,-1,,,,2025-02-17 05:53:03
12837,716710,20061,home,1,4-2-3-1,1,1,21,294257,Millie Turner,Center Left Defender,6,0,0,-1,,,,0,0,-1,,,,2025-02-17 05:53:03
12837,716710,20061,home,1,4-2-3-1,1,1,8,306883,Grace Clinton,Attacking Midfielder Right,7,0,0,-1,,,,0,0,-1,,,,2025-02-17 05:53:03
12837,716710,20061,home,1,4-2-3-1,1,1,20,283107,Hinata Miyazawa,Right Midfielder,8,0,0,-1,,,,1,328108,15,,,,2025-02-17 05:53:03
12837,716710,20061,home,1,4-2-3-1,1,1,19,298669,Elisabeth Terland,Forward,9,0,0,-1,,,,0,0,-1,,,,2025-02-17 05:53:03
12837,716710,20061,home,1,4-2-3-1,1,1,7,294255,Ella Toone,Attacking Midfielder,10,0,0,-1,,,,0,0,-1,,,,2025-02-17 05:53:03
12837,716710,20061,home,1,4-2-3-1,1,1,11,294256,Leah Galton,Attacking Midfielder Left,11,0,0,-1,,,,0,0,-1,,,,2025-02-17 05:53:03
12837,716710,20061,home,1,4-2-3-1,1,0,2,359233,Anna Sandberg,Substitute,0,1,268536,3,268536.0,3780.0,63',0,0,-1,,,,2025-02-17 05:53:03
12837,716710,20061,home,1,4-2-3-1,1,0,39,332051,Safia Middleton-Patel,Substitute,0,0,0,-1,,,,0,0,-1,,,,2025-02-17 05:53:03
12837,716710,20061,home,1,4-2-3-1,1,0,13,349220,Simi Awujo,Substitute,0,0,0,-1,,,,0,0,-1,,,,2025-02-17 05:53:03
12837,716710,20061,home,1,4-2-3-1,1,0,15,328108,Celin Bizet,Substitute,0,1,283107,20,283107.0,4380.0,73',0,0,-1,,,,2025-02-17 05:53:03
12837,716710,20061,home,1,4-2-3-1,1,0,9,295670,Melvine Malard,Substitute,0,0,0,-1,,,,0,0,-1,,,,2025-02-17 05:53:03
12837,716710,20061,home,1,4-2-3-1,1,0,5,293411,Aoife Mannion,Substitute,0,1,267765,14,267765.0,5040.0,84',0,0,-1,,,,2025-02-17 05:53:03
12837,716710,20061,home,1,4-2-3-1,1,0,23,268325,Geyse,Substitute,0,0,0,-1,,,,0,0,-1,,,,2025-02-17 05:53:03
12837,716710,20061,home,1,4-2-3-1,1,0,28,134423,Rachel Williams,Substitute,0,0,0,-1,,,,0,0,-1,,,,2025-02-17 05:53:03
12837,716710,21037,away,0,4-4-2,1,1,19,335986,Milla-Maj Majasaari,Goalkeeper,1,0,0,-1,,,,0,0,-1,,,,2025-02-17 05:53:03
12837,716710,21037,away,0,4-4-2,1,1,20,300434,Indiah-Paige Riley,Right Back,2,0,0,-1,,,,1,267672,16,267672.0,4620.0,77',2025-02-17 05:53:03
12837,716710,21037,away,0,4-4-2,1,1,2,140056,Katrine Veje,Left Back,3,0,0,-1,,,,0,0,-1,,,,2025-02-17 05:53:03
12837,716710,21037,away,0,4-4-2,1,1,5,392348,My Cato,Center Right Midfielder,4,0,0,-1,,,,0,0,-1,,,,2025-02-17 05:53:03
12837,716710,21037,away,0,4-4-2,1,1,14,259626,Josie Green,Center Right Defender,5,0,0,-1,,,,1,324879,8,324879.0,5160.0,86',2025-02-17 05:53:03
12837,716710,21037,away,0,4-4-2,1,1,29,262811,Allyson Swaby,Center Left Defender,6,0,0,-1,,,,0,0,-1,,,,2025-02-17 05:53:03
12837,716710,21037,away,0,4-4-2,1,1,17,377622,Lexi Potter,Right Midfielder,7,0,0,-1,,,,0,0,-1,,,,2025-02-17 05:53:03
12837,716710,21037,away,0,4-4-2,1,1,22,285187,Mille Gejl,Center Left Midfielder,8,0,0,-1,,,,1,323499,10,323499.0,4620.0,77',2025-02-17 05:53:03
12837,716710,21037,away,0,4-4-2,1,1,11,314575,Ashleigh Weerden,Center Left Forward,9,0,0,-1,,,,0,0,-1,,,,2025-02-17 05:53:03
12837,716710,21037,away,0,4-4-2,1,1,21,349219,Clarissa Laris­ey,Center Right Forward,10,0,0,-1,,,,1,265532,9,265532.0,4620.0,77',2025-02-17 05:53:03
12837,716710,21037,away,0,4-4-2,1,1,23,288977,Lily Woodham,Left Midfielder,11,0,0,-1,,,,0,0,-1,,,,2025-02-17 05:53:03
12837,716710,21037,away,0,4-4-2,1,0,3,312463,Felicity Gibbons,Substitute,0,0,0,-1,,,,0,0,-1,,,,2025-02-17 05:53:03
12837,716710,21037,away,0,4-4-2,1,0,30,224886,Shae Yanez,Substitute,0,0,0,-1,,,,0,0,-1,,,,2025-02-17 05:53:03
12837,716710,21037,away,0,4-4-2,1,0,4,257534,Chloe Arthur,Substitute,0,0,0,-1,,,,0,0,-1,,,,2025-02-17 05:53:03
12837,716710,21037,away,0,4-4-2,1,0,9,265532,Elise Hughes,Substitute,0,1,349219,21,349219.0,4620.0,77',0,0,-1,,,,2025-02-17 05:53:03
12837,716710,21037,away,0,4-4-2,1,0,27,336368,Abbie Larkin,Substitute,0,0,0,-1,,,,0,0,-1,,,,2025-02-17 05:53:03
12837,716710,21037,away,0,4-4-2,1,0,16,267672,Ria Oling,Substitute,0,1,300434,20,300434.0,4620.0,77',0,0,-1,,,,2025-02-17 05:53:03
12837,716710,21037,away,0,4-4-2,1,0,77,328245,Isibeal Atkinson,Substitute,0,0,0,-1,,,,0,0,-1,,,,2025-02-17 05:53:03
12837,716710,21037,away,0,4-4-2,1,0,8,324879,Molly-Mae Sharpe,Substitute,0,1,259626,14,259626.0,5160.0,86',0,0,-1,,,,2025-02-17 05:53:03
12837,716710,21037,away,0,4-4-2,1,0,10,323499,Annabel Blanchard,Substitute,0,1,285187,22,285187.0,4620.0,77',0,0,-1,,,,2025-02-17 05:53:03
12837,716711,19257,home,1,4-1-4-1,1,1,31,223470,Ayaka Yamashita,Goalkeeper,1,0,0,-1,,,,0,0,-1,,,,2025-02-17 05:53:03
12837,716711,19257,home,1,4-1-4-1,1,1,28,353342,Gracie Prior,Right Back,2,0,0,-1,,,,0,0,-1,,,,2025-02-17 05:53:03
12837,716711,19257,home,1,4-1-4-1,1,1,15,249105,Leila Ouahabi,Left Back,3,0,0,-1,,,,0,0,-1,,,,2025-02-17 05:53:03
12837,716711,19257,home,1,4-1-4-1,1,1,25,256228,Yui Hasegawa,Defensive Midfielder,4,0,0,-1,,,,1,399001,30,399001.0,4860.0,81',2025-02-17 05:53:03
12837,716711,19257,home,1,4-1-4-1,1,1,4,286338,Laia Aleixandri,Center Right Defender,5,0,0,-1,,,,0,0,-1,,,,2025-02-17 05:53:03
12837,716711,19257,home,1,4-1-4-1,1,1,27,351683,Rebecca Knaak,Center Left Defender,6,0,0,-1,,,,0,0,-1,,,,2025-02-17 05:53:03
12837,716711,19257,home,1,4-1-4-1,1,1,20,351355,Aoba Fujino,Right Midfielder,7,0,0,-1,,,,1,390468,46,390468.0,4860.0,81',2025-02-17 05:53:03
12837,716711,19257,home,1,4-1-4-1,1,1,10,219951,Jill Roord,Center Right Midfielder,8,0,0,-1,,,,0,0,-1,,,,2025-02-17 05:53:03
12837,716711,19257,home,1,4-1-4-1,1,1,21,261947,Khadija Shaw,Forward,9,0,0,-1,,,,1,296503,16,,,,2025-02-17 05:53:03
12837,716711,19257,home,1,4-1-4-1,1,1,6,219945,Vivianne Miedema,Center Left Midfielder,10,0,0,-1,,,,1,298641,19,298641.0,4320.0,72',2025-02-17 05:53:03
12837,716711,19257,home,1,4-1-4-1,1,1,8,276165,Mary Fowler,Left Midfielder,11,0,0,-1,,,,1,281475,14,281475.0,4860.0,81',2025-02-17 05:53:03
12837,716711,19257,home,1,4-1-4-1,1,0,3,306881,Naomi Layzell,Substitute,0,0,0,-1,,,,0,0,-1,,,,2025-02-17 05:53:03
12837,716711,19257,home,1,4-1-4-1,1,0,35,314954,Khiara Keating,Substitute,0,0,0,-1,,,,0,0,-1,,,,2025-02-17 05:53:03
12837,716711,19257,home,1,4-1-4-1,1,0,16,296503,Jess Park,Substitute,0,1,261947,21,261947.0,3660.0,61',0,0,-1,,,,2025-02-17 05:53:03
12837,716711,19257,home,1,4-1-4-1,1,0,14,281475,Kerolin,Substitute,0,1,276165,8,276165.0,4860.0,81',0,0,-1,,,,2025-03-07 05:44:38
12837,716711,19257,home,1,4-1-4-1,1,0,13,268324,Laura Wienroither,Substitute,0,0,0,-1,,,,0,0,-1,,,,2025-02-17 05:53:03
12837,716711,19257,home,1,4-1-4-1,1,0,53,380968,Mayzee Davies,Substitute,0,0,0,-1,,,,0,0,-1,,,,2025-02-17 05:53:03
12837,716711,19257,home,1,4-1-4-1,1,0,46,390468,Lily Murphy,Substitute,0,1,351355,20,351355.0,4860.0,81',0,0,-1,,,,2025-02-17 05:53:03
12837,716711,19257,home,1,4-1-4-1,1,0,30,399001,Aemu Oyama,Substitute,0,1,256228,25,256228.0,4860.0,81',0,0,-1,,,,2025-02-17 05:53:03
12837,716711,19257,home,1,4-1-4-1,1,0,19,298641,Laura Blindkilde Brown,Substitute,0,1,219945,6,219945.0,4320.0,72',0,0,-1,,,,2025-02-17 05:53:03
12837,716711,19971,away,0,3-5-2,1,1,16,243031,Teagan Micah,Goalkeeper,1,0,0,-1,,,,0,0,-1,,,,2025-02-17 05:53:03
12837,716711,19971,away,0,3-5-2,1,1,2,323518,Lucy Parry,Right Midfielder,2,0,0,-1,,,,1,188447,23,188447.0,4800.0,80',2025-02-17 05:53:03
12837,716711,19971,away,0,3-5-2,1,1,12,323520,Taylor Hinds,Left Midfielder,3,0,0,-1,,,,0,0,-1,,,,2025-02-17 05:53:03
12837,716711,19971,away,0,3-5-2,1,1,3,259312,Gemma Evans,Center Left Defender,4,0,0,-1,,,,1,389652,7,389652.0,4380.0,73',2025-02-17 05:53:03
12837,716711,19971,away,0,3-5-2,1,1,17,305989,Jenna Clark,Center Defender,5,0,0,-1,,,,0,0,-1,,,,2025-02-17 05:53:03
12837,716711,19971,away,0,3-5-2,1,1,4,261669,Grace Fisk,Center Right Defender,6,0,0,-1,,,,0,0,-1,,,,2025-02-17 05:53:03
12837,716711,19971,away,0,3-5-2,1,1,14,314199,Marie Hobinger,Center Right Midfielder,7,0,0,-1,,,,0,0,-1,,,,2025-02-17 05:53:03
12837,716711,19971,away,0,3-5-2,1,1,18,264581,Ceri Holland,Center Left Midfielder,8,0,0,-1,,,,1,384503,36,384503.0,4740.0,79',2025-02-17 05:53:03
12837,716711,19971,away,0,3-5-2,1,1,10,280992,Sophie Román Haug,Center Left Forward,9,0,0,-1,,,,0,0,-1,,,,2025-02-17 05:53:03
12837,716711,19971,away,0,3-5-2,1,1,9,287518,Leanne Kiernan,Center Right Forward,10,0,0,-1,,,,1,325841,13,325841.0,3780.0,63',2025-02-17 05:53:03
12837,716711,19971,away,0,3-5-2,1,1,24,311039,Samantha Kerr,Attacking Midfielder,11,0,0,-1,,,,1,282995,8,282995.0,3780.0,63',2025-02-17 05:53:03
12837,716711,19971,away,0,3-5-2,1,0,8,282995,Fuka Nagano,Substitute,0,1,311039,24,311039.0,3780.0,63',0,0,-1,,,,2025-02-17 05:53:03
12837,716711,19971,away,0,3-5-2,1,0,29,311207,Alejandra Bernabe,Substitute,0,0,0,-1,,,,0,0,-1,,,,2025-02-17 05:53:03
12837,716711,19971,away,0,3-5-2,1,0,20,257593,Yana Daniels,Substitute,0,0,0,-1,,,,0,0,-1,,,,2025-02-17 05:53:03
12837,716711,19971,away,0,3-5-2,1,0,1,230835,Rachael Laws,Substitute,0,0,0,-1,,,,0,0,-1,,,,2025-02-17 05:53:03
12837,716711,19971,away,0,3-5-2,1,0,13,325841,Mia Enderby,Substitute,0,1,287518,9,287518.0,3780.0,63',0,0,-1,,,,2025-02-17 05:53:03
12837,716711,19971,away,0,3-5-2,1,0,36,384503,Zara Shaw,Substitute,0,1,264581,18,264581.0,4740.0,79',0,0,-1,,,,2025-02-17 05:53:03
12837,716711,19971,away,0,3-5-2,1,0,7,389652,Cornelia Kapocs,Substitute,0,1,259312,3,259312.0,4380.0,73',0,0,-1,,,,2025-02-17 05:53:03
12837,716711,19971,away,0,3-5-2,1,0,23,188447,Gemma Bonner,Substitute,0,1,323518,2,323518.0,4800.0,80',0,0,-1,,,,2025-02-17 05:53:03
12837,716712,21036,home,1,4-2-3-1,1,1,1,328082,Janina Leitzig,Goalkeeper,1,0,0,-1,,,,0,0,-1,,,,2025-02-17 05:53:03
12837,716712,21036,home,1,4-2-3-1,1,1,4,219962,C.J. Bott,Right Back,2,0,0,-1,,,,0,0,-1,,,,2025-02-17 05:53:03
12837,716712,21036,home,1,4-2-3-1,1,1,12,304854,Asmita Ale,Left Back,3,0,0,-1,,,,0,0,-1,,,,2025-02-17 05:53:03
12837,716712,21036,home,1,4-2-3-1,1,1,30,302566,Ruby Mace,Left Midfielder,4,0,0,-1,,,,0,0,-1,,,,2025-02-17 05:53:03
12837,716712,21036,home,1,4-2-3-1,1,1,5,210382,Sophie Howard,Center Right Defender,5,0,0,-1,,,,0,0,-1,,,,2025-02-17 05:53:03
12837,716712,21036,home,1,4-2-3-1,1,1,17,317638,Julie Thibaud,Center Left Defender,6,0,0,-1,,,,0,0,-1,,,,2025-02-17 05:53:03
12837,716712,21036,home,1,4-2-3-1,1,1,28,344373,Shana Chossenotte,Attacking Midfielder Right,7,0,0,-1,,,,1,323505,27,323505.0,3960.0,66',2025-02-17 05:53:03
12837,716712,21036,home,1,4-2-3-1,1,1,3,323495,Sam Tierney,Right Midfielder,8,0,0,-1,,,,1,256223,29,256223.0,2460.0,41',2025-02-17 05:53:03
12837,716712,21036,home,1,4-2-3-1,1,1,14,270127,Hlin Eiriksdottir,Forward,9,0,0,-1,,,,1,386685,53,386685.0,3960.0,66',2025-02-17 05:53:03
12837,716712,21036,home,1,4-2-3-1,1,1,11,257569,Janice Cayman,Attacking Midfielder,10,0,0,-1,,,,1,288888,6,288888.0,4860.0,81',2025-02-17 05:53:03
12837,716712,21036,home,1,4-2-3-1,1,1,20,294600,Missy Goodwin,Attacking Midfielder Left,11,0,0,-1,,,,1,395075,25,395075.0,4860.0,81',2025-02-17 05:53:03
12837,716712,21036,home,1,4-2-3-1,1,0,2,300518,Courtney Nevin,Substitute,0,0,0,-1,,,,0,0,-1,,,,2025-02-17 05:53:03
12837,716712,21036,home,1,4-2-3-1,1,0,13,288976,Olivia Clarke,Substitute,0,0,0,-1,,,,0,0,-1,,,,2025-02-17 05:53:03
12837,716712,21036,home,1,4-2-3-1,1,0,6,288888,Saori Takarada,Substitute,0,1,257569,11,257569.0,4860.0,81',0,0,-1,,,,2025-02-17 05:53:03
12837,716712,21036,home,1,4-2-3-1,1,0,29,256223,Yuka Momiki,Substitute,0,1,323495,3,323495.0,2460.0,41',0,0,-1,,,,2025-02-17 05:53:03
12837,716712,21036,home,1,4-2-3-1,1,0,27,323505,Shannon O'Brien,Substitute,0,1,344373,28,344373.0,3960.0,66',0,0,-1,,,,2025-02-17 05:53:03
12837,716712,21036,home,1,4-2-3-1,1,0,21,323496,Hannah Cain,Substitute,0,0,0,-1,,,,0,0,-1,,,,2025-02-17 05:53:03
12837,716712,21036,home,1,4-2-3-1,1,0,22,330334,Sari Kees,Substitute,0,0,0,-1,,,,0,0,-1,,,,2025-02-17 05:53:03
12837,716712,21036,home,1,4-2-3-1,1,0,53,386685,Nelly Las,Substitute,0,1,270127,14,270127.0,3960.0,66',0,0,-1,,,,2025-02-17 05:53:03
12837,716712,21036,home,1,4-2-3-1,1,0,25,395075,Karla Torres,Substitute,0,1,294600,20,294600.0,4860.0,81',0,0,-1,,,,2025-02-17 05:53:03
12837,716712,20707,away,0,4-2-3-1,1,1,1,209364,Sabrina D'Angelo,Goalkeeper,1,0,0,-1,,,,0,0,-1,,,,2025-02-17 05:53:03
12837,716712,20707,away,0,4-2-3-1,1,1,2,312456,Sarah Mayling,Right Back,2,0,0,-1,,,,1,335782,3,335782.0,2700.0,45',2025-02-17 05:53:03
12837,716712,20707,away,0,4-2-3-1,1,1,16,220024,Noelle Maritz,Left Back,3,0,0,-1,,,,0,0,-1,,,,2025-02-17 05:53:03
12837,716712,20707,away,0,4-2-3-1,1,1,22,317630,Jill Baijings,Left Midfielder,4,0,0,-1,,,,0,0,-1,,,,2025-02-17 05:53:03
12837,716712,20707,away,0,4-2-3-1,1,1,4,262611,Anna Patten,Center Right Defender,5,0,0,-1,,,,1,312484,14,312484.0,2700.0,45',2025-02-17 05:53:03
12837,716712,20707,away,0,4-2-3-1,1,1,15,261804,Lucy Parker,Center Left Defender,6,0,0,-1,,,,0,0,-1,,,,2025-02-17 05:53:03
12837,716712,20707,away,0,4-2-3-1,1,1,11,312467,Katie Robinson,Attacking Midfielder Right,7,0,0,-1,,,,1,309858,23,309858.0,3660.0,61',2025-02-17 05:53:03
12837,716712,20707,away,0,4-2-3-1,1,1,8,178854,Jordan Nobbs,Right Midfielder,8,0,0,-1,,,,0,0,-1,,,,2025-02-17 05:53:03
12837,716712,20707,away,0,4-2-3-1,1,1,28,257469,Gabi Nunes,Forward,9,0,0,-1,,,,1,294246,17,294246.0,4260.0,71',2025-02-17 05:53:03
12837,716712,20707,away,0,4-2-3-1,1,1,9,248769,Rachel Daly,Attacking Midfielder,10,0,0,-1,,,,1,338756,25,338756.0,3660.0,61',2025-02-17 05:53:03
12837,716712,20707,away,0,4-2-3-1,1,1,20,294252,Kirsty Hanson,Attacking Midfielder Left,11,0,0,-1,,,,0,0,-1,,,,2025-02-17 05:53:03
12837,716712,20707,away,0,4-2-3-1,1,0,17,294246,Ebony Salmon,Substitute,0,1,257469,28,257469.0,4260.0,71',0,0,-1,,,,2025-02-17 05:53:03
12837,716712,20707,away,0,4-2-3-1,1,0,25,338756,Miri Taylor,Substitute,0,1,248769,9,248769.0,3660.0,61',0,0,-1,,,,2025-02-17 05:53:03
12837,716712,20707,away,0,4-2-3-1,1,0,3,335782,Paula Tomás,Substitute,0,1,312456,2,312456.0,2700.0,45',0,0,-1,,,,2025-02-17 05:53:03
12837,716712,20707,away,0,4-2-3-1,1,0,7,323523,Missy Bo Kearns,Substitute,0,0,0,-1,,,,0,0,-1,,,,2025-02-17 05:53:03
12837,716712,20707,away,0,4-2-3-1,1,0,14,312484,Danielle Turner,Substitute,0,1,262611,4,262611.0,2700.0,45',0,0,-1,,,,2025-02-17 05:53:03
12837,716712,20707,away,0,4-2-3-1,1,0,23,309858,Chasity Grant,Substitute,0,1,312467,11,312467.0,3660.0,61',0,0,-1,,,,2025-02-17 05:53:03
12837,716712,20707,away,0,4-2-3-1,1,0,30,351745,Katelin Talbert,Substitute,0,0,0,-1,,,,0,0,-1,,,,2025-02-17 05:53:03
12837,716713,19970,home,1,4-2-3-1,1,1,24,312460,Hannah Hampton,Goalkeeper,1,0,0,-1,,,,0,0,-1,,,,2025-02-17 05:53:03
12837,716713,19970,home,1,4-2-3-1,1,1,12,119954,Ashley Lawrence,Right Back,2,0,0,-1,,,,1,188448,22,188448.0,3060.0,51',2025-02-17 05:53:03
12837,716713,19970,home,1,4-2-3-1,1,1,17,295673,Sandy Baltimore,Left Back,3,0,0,-1,,,,0,0,-1,,,,2025-02-17 05:53:03
12837,716713,19970,home,1,4-2-3-1,1,1,6,314382,Sjoeke Nüsken,Left Midfielder,4,0,0,-1,,,,1,315453,18,315453.0,3300.0,55',2025-02-17 05:53:03
12837,716713,19970,home,1,4-2-3-1,1,1,25,347124,Maelys Mpomé,Center Right Defender,5,0,0,-1,,,,1,312480,21,312480.0,4320.0,72',2025-02-17 05:53:03
12837,716713,19970,home,1,4-2-3-1,1,1,4,248770,Millie Bright,Center Left Defender,6,0,0,-1,,,,0,0,-1,,,,2025-02-17 05:53:03
12837,716713,19970,home,1,4-2-3-1,1,1,19,264735,Johanna Rytting Kaneryd,Attacking Midfielder Right,7,0,0,-1,,,,1,313088,33,313088.0,4320.0,72',2025-02-17 05:53:03
12837,716713,19970,home,1,4-2-3-1,1,1,30,268099,Keira Walsh,Right Midfielder,8,0,0,-1,,,,0,0,-1,,,,2025-02-17 05:53:03
12837,716713,19970,home,1,4-2-3-1,1,1,7,288680,Mayra Ramírez,Forward,9,0,0,-1,,,,0,0,-1,,,,2025-02-17 05:53:03
12837,716713,19970,home,1,4-2-3-1,1,1,9,261568,Catarina Macario,Attacking Midfielder,10,0,0,-1,,,,1,351356,23,351356.0,3060.0,51',2025-02-17 05:53:03
12837,716713,19970,home,1,4-2-3-1,1,1,10,294253,Lauren James,Attacking Midfielder Left,11,0,0,-1,,,,0,0,-1,,,,2025-02-17 05:53:03
12837,716713,19970,home,1,4-2-3-1,1,0,11,257483,Guro Reiten,Substitute,0,0,0,-1,,,,0,0,-1,,,,2025-02-17 05:53:03
12837,716713,19970,home,1,4-2-3-1,1,0,14,255181,Nathalie Björn,Substitute,0,0,0,-1,,,,0,0,-1,,,,2025-02-17 05:53:03
12837,716713,19970,home,1,4-2-3-1,1,0,21,312480,Niamh Charles,Substitute,0,1,347124,25,347124.0,4320.0,72',0,0,-1,,,,2025-02-17 05:53:03
12837,716713,19970,home,1,4-2-3-1,1,0,33,313088,Aggie Beever-Jones,Substitute,0,1,264735,19,264735.0,4320.0,72',0,0,-1,,,,2025-02-17 05:53:03
12837,716713,19970,home,1,4-2-3-1,1,0,18,315453,Wieke Kaptein,Substitute,0,1,314382,6,314382.0,3300.0,55',0,0,-1,,,,2025-02-17 05:53:03
12837,716713,19970,home,1,4-2-3-1,1,0,27,317637,Oriane Jean-François,Substitute,0,0,0,-1,,,,0,0,-1,,,,2025-02-17 05:53:03
12837,716713,19970,home,1,4-2-3-1,1,0,28,318530,Femke Liefting,Substitute,0,0,0,-1,,,,0,0,-1,,,,2025-02-17 05:53:03
12837,716713,19970,home,1,4-2-3-1,1,0,22,188448,Lucy Bronze,Substitute,0,1,119954,12,119954.0,3060.0,51',0,0,-1,,,,2025-02-17 05:53:03
12837,716713,19970,home,1,4-2-3-1,1,0,23,351356,Maika Hamano,Substitute,0,1,261568,9,261568.0,3060.0,51',0,0,-1,,,,2025-02-17 05:53:03
12837,716713,19972,away,0,4-4-1-1,1,1,1,209174,Courtney Brosnan,Goalkeeper,1,0,0,-1,,,,0,0,-1,,,,2025-02-17 05:53:03
12837,716713,19972,away,0,4-4-1-1,1,1,3,134349,Maren Mjelde,Right Back,2,0,0,-1,,,,0,0,-1,,,,2025-02-17 05:53:03
12837,716713,19972,away,0,4-4-1-1,1,1,23,287392,Sara Holmgaard,Left Back,3,0,0,-1,,,,0,0,-1,,,,2025-02-17 05:53:03
12837,716713,19972,away,0,4-4-1-1,1,1,16,259315,Hayley Ladd,Center Right Midfielder,4,0,0,-1,,,,1,293328,8,293328.0,2700.0,45',2025-02-17 05:53:03
12837,716713,19972,away,0,4-4-1-1,1,1,5,334991,Martina Fernández,Center Right Defender,5,0,0,-1,,,,0,0,-1,,,,2025-02-17 05:53:03
12837,716713,19972,away,0,4-4-1-1,1,1,27,349927,Elise Stenevik,Center Left Defender,6,0,0,-1,,,,1,284939,17,284939.0,4380.0,73',2025-02-17 05:53:03
12837,716713,19972,away,0,4-4-1-1,1,1,19,291349,Heather Payne,Right Midfielder,7,0,0,-1,,,,1,255452,14,255452.0,4380.0,73',2025-02-17 05:53:03
12837,716713,19972,away,0,4-4-1-1,1,1,29,392349,Kelly Gago,Center Left Midfielder,8,0,0,-1,,,,1,361722,18,361722.0,5400.0,90'+2',2025-02-17 05:53:03
12837,716713,19972,away,0,4-4-1-1,1,1,9,211151,Toni Payne,Forward,9,0,0,-1,,,,0,0,-1,,,,2025-02-17 05:53:03
12837,716713,19972,away,0,4-4-1-1,1,1,25,270037,Katja Snoeijs,Rear Center Forward,10,0,0,-1,,,,1,285191,28,285191.0,4380.0,73',2025-02-17 05:53:03
12837,716713,19972,away,0,4-4-1-1,1,1,6,303336,Honoka Hayashi,Left Midfielder,11,0,0,-1,,,,0,0,-1,,,,2025-02-17 05:53:03
12837,716713,19972,away,0,4-4-1-1,1,0,21,312559,Veatriki Sarri,Substitute,0,0,0,-1,,,,0,0,-1,,,,2025-02-17 05:53:03
12837,716713,19972,away,0,4-4-1-1,1,0,47,364520,Karoline Olesen,Substitute,0,0,0,-1,,,,0,0,-1,,,,2025-02-17 05:53:03
12837,716713,19972,away,0,4-4-1-1,1,0,18,361722,Emma Watson,Substitute,0,1,392349,29,392349.0,5400.0,90'+2',0,0,-1,,,,2025-02-17 05:53:03
12837,716713,19972,away,0,4-4-1-1,1,0,14,255452,Melissa Lawley,Substitute,0,1,291349,19,291349.0,4380.0,73',0,0,-1,,,,2025-02-17 05:53:03
12837,716713,19972,away,0,4-4-1-1,1,0,12,294254,Emily Ramsey,Substitute,0,0,0,-1,,,,0,0,-1,,,,2025-02-17 05:53:03
12837,716713,19972,away,0,4-4-1-1,1,0,8,293328,Justine Vanhaevermaet,Substitute,0,1,259315,16,259315.0,2700.0,45',0,0,-1,,,,2025-02-17 05:53:03
12837,716713,19972,away,0,4-4-1-1,1,0,28,285191,Karen Holmgaard,Substitute,0,1,270037,25,270037.0,4380.0,73',0,0,-1,,,,2025-02-17 05:53:03
12837,716713,19972,away,0,4-4-1-1,1,0,17,284939,Lucy Hope,Substitute,0,1,349927,27,349927.0,4380.0,73',0,0,-1,,,,2025-02-17 05:53:03
12837,716714,19973,home,1,4-2-3-1,1,1,14,309903,Daphne van Domselaar,Goalkeeper,1,0,0,-1,,,,0,0,-1,,,,2025-02-17 05:53:03
12837,716714,19973,home,1,4-2-3-1,1,1,2,263684,Emily Fox,Right Back,2,0,0,-1,,,,0,0,-1,,,,2025-02-17 05:53:03
12837,716714,19973,home,1,4-2-3-1,1,1,11,219079,Katie McCabe,Left Back,3,0,0,-1,,,,0,0,-1,,,,2025-02-17 05:53:03
12837,716714,19973,home,1,4-2-3-1,1,1,13,220015,Lia Wälti,Left Midfielder,4,0,0,-1,,,,0,0,-1,,,,2025-02-17 05:53:03
12837,716714,19973,home,1,4-2-3-1,1,1,6,268100,Leah Williamson,Center Right Defender,5,0,0,-1,,,,0,0,-1,,,,2025-02-17 05:53:03
12837,716714,19973,home,1,4-2-3-1,1,1,7,219822,Steph Catley,Center Left Defender,6,0,0,-1,,,,1,295638,5,295638.0,4560.0,76',2025-02-17 05:53:03
12837,716714,19973,home,1,4-2-3-1,1,1,19,158678,Caitlin Foord,Attacking Midfielder Right,7,0,0,-1,,,,1,282993,18,282993.0,3660.0,61',2025-02-17 05:53:03
12837,716714,19973,home,1,4-2-3-1,1,1,32,288907,Kyra Cooney-Cross,Right Midfielder,8,0,0,-1,,,,1,176041,10,176041.0,4560.0,76',2025-02-17 05:53:03
12837,716714,19973,home,1,4-2-3-1,1,1,23,263683,Alessia Russo,Forward,9,0,0,-1,,,,0,0,-1,,,,2025-02-17 05:53:03
12837,716714,19973,home,1,4-2-3-1,1,1,12,259331,Frida Maanum,Attacking Midfielder,10,0,0,-1,,,,1,240274,25,240274.0,3600.0,60',2025-02-17 05:53:03
12837,716714,19973,home,1,4-2-3-1,1,1,8,257473,Mariona Caldentey,Attacking Midfielder Left,11,0,0,-1,,,,1,292633,22,292633.0,5220.0,87',2025-02-17 05:53:03
12837,716714,19973,home,1,4-2-3-1,1,0,5,295638,Laia Codina,Substitute,0,1,219822,7,219822.0,4560.0,76',0,0,-1,,,,2025-02-17 05:53:03
12837,716714,19973,home,1,4-2-3-1,1,0,62,350679,Katie Reid,Substitute,0,0,0,-1,,,,0,0,-1,,,,2025-02-17 05:53:03
12837,716714,19973,home,1,4-2-3-1,1,0,10,176041,Kim Little,Substitute,0,1,288907,32,288907.0,4560.0,76',0,0,-1,,,,2025-02-17 05:53:03
12837,716714,19973,home,1,4-2-3-1,1,0,22,292633,Jenna Nighswonger,Substitute,0,1,257473,8,257473.0,5220.0,87',0,0,-1,,,,2025-02-17 05:53:03
12837,716714,19973,home,1,4-2-3-1,1,0,18,282993,Chloe Kelly,Substitute,0,1,158678,19,158678.0,3660.0,61',0,0,-1,,,,2025-02-17 05:53:03
12837,716714,19973,home,1,4-2-3-1,1,0,9,280982,Beth Mead,Substitute,0,0,0,-1,,,,0,0,-1,,,,2025-02-17 05:53:03
12837,716714,19973,home,1,4-2-3-1,1,0,28,188004,Amanda Ilestedt,Substitute,0,0,0,-1,,,,0,0,-1,,,,2025-02-17 05:53:03
12837,716714,19973,home,1,4-2-3-1,1,0,1,252339,Manuela Zinsberger,Substitute,0,0,0,-1,,,,0,0,-1,,,,2025-02-17 05:53:03
12837,716714,19973,home,1,4-2-3-1,1,0,25,240274,Stina Blackstenius,Substitute,0,1,259331,12,259331.0,3600.0,60',0,0,-1,,,,2025-02-17 05:53:03
12837,716714,20062,away,0,4-4-2,1,1,1,264730,Lize Kop,Goalkeeper,1,0,0,-1,,,,0,0,-1,,,,2025-02-17 05:53:03
12837,716714,20062,away,0,4-4-2,1,1,29,294265,Ashleigh Neville,Right Back,2,0,0,-1,,,,1,323599,3,323599.0,4380.0,73',2025-02-17 05:53:03
12837,716714,20062,away,0,4-4-2,1,1,6,314494,Amanda Nildén,Left Back,3,0,0,-1,,,,0,0,-1,,,,2025-02-17 05:53:03
12837,716714,20062,away,0,4-4-2,1,1,10,320356,Maite Oroz,Center Right Midfielder,4,0,0,-1,,,,0,0,-1,,,,2025-02-17 05:53:03
12837,716714,20062,away,0,4-4-2,1,1,15,312233,Clare Hunt,Center Right Defender,5,0,0,-1,,,,0,0,-1,,,,2025-02-17 05:53:03
12837,716714,20062,away,0,4-4-2,1,1,5,312487,Molly Bartrip,Center Left Defender,6,0,0,-1,,,,0,0,-1,,,,2025-02-17 05:53:03
12837,716714,20062,away,0,4-4-2,1,1,13,349567,Matilda Vinberg,Right Midfielder,7,0,0,-1,,,,1,314963,11,314963.0,4920.0,82',2025-02-17 05:53:03
12837,716714,20062,away,0,4-4-2,1,1,14,311201,Anna Csiki,Center Left Midfielder,8,0,0,-1,,,,1,286882,24,286882.0,3540.0,59',2025-02-17 05:53:03
12837,716714,20062,away,0,4-4-2,1,1,9,293410,Bethany England,Center Left Forward,9,0,0,-1,,,,0,0,-1,,,,2025-02-17 05:53:03
12837,716714,20062,away,0,4-4-2,1,1,7,294268,Jessica Naz,Center Right Forward,10,0,0,-1,,,,1,300442,2,300442.0,4920.0,82',2025-02-17 05:53:03
12837,716714,20062,away,0,4-4-2,1,1,8,219818,Hayley Raso,Left Midfielder,11,0,0,-1,,,,1,226804,17,226804.0,3600.0,60',2025-02-17 05:53:03
12837,716714,20062,away,0,4-4-2,1,0,2,300442,Charlotte Grant,Substitute,0,1,294268,7,294268.0,4920.0,82',0,0,-1,,,,2025-02-17 05:53:03
12837,716714,20062,away,0,4-4-2,1,0,21,309086,Luana Bühler,Substitute,0,0,0,-1,,,,0,0,-1,,,,2025-02-17 05:53:03
12837,716714,20062,away,0,4-4-2,1,0,22,286883,Rebecca Spencer,Substitute,0,0,0,-1,,,,0,0,-1,,,,2025-02-17 05:53:03
12837,716714,20062,away,0,4-4-2,1,0,12,314195,Josefine Rybrink,Substitute,0,0,0,-1,,,,0,0,-1,,,,2025-02-17 05:53:03
12837,716714,20062,away,0,4-4-2,1,0,24,286882,Drew Spence,Substitute,0,1,311201,14,311201.0,3540.0,59',0,0,-1,,,,2025-02-17 05:53:03
12837,716714,20062,away,0,4-4-2,1,0,11,314963,Olivia Holdt,Substitute,0,1,349567,13,349567.0,4920.0,82',0,0,-1,,,,2025-02-17 05:53:03
12837,716714,20062,away,0,4-4-2,1,0,20,267679,Olga Ahtinen,Substitute,0,0,0,-1,,,,0,0,-1,,,,2025-02-17 05:53:03
12837,716714,20062,away,0,4-4-2,1,0,3,323599,Ella Morris,Substitute,0,1,294265,29,294265.0,4380.0,73',0,0,-1,,,,2025-02-17 05:53:03
12837,716714,20062,away,0,4-4-2,1,0,17,226804,Martha Thomas,Substitute,0,1,219818,8,219818.0,3600.0,60',0,0,-1,,,,2025-02-17 05:53:03
12837,716715,19975,home,1,4-4-2,1,1,1,296372,Kinga Szemik,Goalkeeper,1,0,0,-1,,,,0,0,-1,,,,2025-02-17 05:53:03
12837,716715,19975,home,1,4-4-2,1,1,2,257540,Kirsty Smith,Right Back,2,0,0,-1,,,,0,0,-1,,,,2025-02-17 05:53:03
12837,716715,19975,home,1,4-4-2,1,1,29,252347,Verena Hanshaw,Left Back,3,0,0,-1,,,,0,0,-1,,,,2025-02-17 05:53:03
12837,716715,19975,home,1,4-4-2,1,1,4,349057,Oona Siren,Center Right Midfielder,4,0,0,-1,,,,0,0,-1,,,,2025-02-17 05:53:03
12837,716715,19975,home,1,4-4-2,1,1,13,317807,Eva Nystrom,Center Right Defender,5,0,0,-1,,,,0,0,-1,,,,2025-02-17 05:53:03
12837,716715,19975,home,1,4-4-2,1,1,14,235712,Shelina Zadorsky,Center Left Defender,6,0,0,-1,,,,0,0,-1,,,,2025-02-17 05:53:03
12837,716715,19975,home,1,4-4-2,1,1,19,374905,Shekiera Martinez,Right Midfielder,7,0,0,-1,,,,1,330350,77,330350.0,3540.0,59',2025-02-17 05:53:03
12837,716715,19975,home,1,4-4-2,1,1,22,219825,Katrina Gorry,Center Left Midfielder,8,0,0,-1,,,,0,0,-1,,,,2025-02-17 05:53:03
12837,716715,19975,home,1,4-4-2,1,1,11,298775,Manuela Paví,Center Left Forward,9,0,0,-1,,,,1,312486,12,312486.0,4200.0,70',2025-02-17 05:53:03
12837,716715,19975,home,1,4-4-2,1,1,9,287317,Riko Ueki,Center Right Forward,10,0,0,-1,,,,1,259752,10,259752.0,5280.0,88',2025-02-17 05:53:03
12837,716715,19975,home,1,4-4-2,1,1,20,188069,Viviane Asseyi,Left Midfielder,11,0,0,-1,,,,0,0,-1,,,,2025-02-17 05:53:03
12837,716715,19975,home,1,4-4-2,1,0,77,330350,Seraina Piubel,Substitute,0,1,374905,19,374905.0,3540.0,59',0,0,-1,,,,2025-02-17 05:53:03
12837,716715,19975,home,1,4-4-2,1,0,7,350638,Marika Bergman-Lundin,Substitute,0,0,0,-1,,,,0,0,-1,,,,2025-02-17 05:53:03
12837,716715,19975,home,1,4-4-2,1,0,35,362493,Princess Ademiluyi,Substitute,0,0,0,-1,,,,0,0,-1,,,,2025-02-17 05:53:03
12837,716715,19975,home,1,4-4-2,1,0,17,264860,Camila Sáez,Substitute,0,0,0,-1,,,,0,0,-1,,,,2025-02-17 05:53:03
12837,716715,19975,home,1,4-4-2,1,0,12,312486,Emma Harries,Substitute,0,1,298775,11,298775.0,4200.0,70',0,0,-1,,,,2025-02-17 05:53:03
12837,716715,19975,home,1,4-4-2,1,0,25,312461,Megan Walsh,Substitute,0,0,0,-1,,,,0,0,-1,,,,2025-02-17 05:53:03
12837,716715,19975,home,1,4-4-2,1,0,18,310225,Anouk Denton,Substitute,0,0,0,-1,,,,0,0,-1,,,,2025-02-17 05:53:03
12837,716715,19975,home,1,4-4-2,1,0,10,259752,Dagný Brynjarsdóttir,Substitute,0,1,287317,9,287317.0,5280.0,88',0,0,-1,,,,2025-02-17 05:53:03
12837,716715,19975,home,1,4-4-2,1,0,33,327979,Halle Houssein,Substitute,0,0,0,-1,,,,0,0,-1,,,,2025-02-17 05:53:03
12837,716715,19976,away,0,3-4-2-1,1,1,28,367224,Melina Loeck,Goalkeeper,1,0,0,-1,,,,0,0,-1,,,,2025-02-17 05:53:03
12837,716715,19976,away,0,3-4-2-1,1,1,27,257536,Rachel McLauchlan,Right Midfielder,2,0,0,-1,,,,0,0,-1,,,,2025-02-17 05:53:03
12837,716715,19976,away,0,3-4-2-1,1,1,15,309978,Nadine Noordam,Left Midfielder,3,0,0,-1,,,,0,0,-1,,,,2025-02-17 05:53:03
12837,716715,19976,away,0,3-4-2-1,1,1,3,294247,Poppy Pattinson,Center Left Defender,4,0,0,-1,,,,0,0,-1,,,,2025-02-17 05:53:03
12837,716715,19976,away,0,3-4-2-1,1,1,5,213937,Guro Bergsvand,Center Defender,5,0,0,-1,,,,1,325886,16,325886.0,4320.0,72',2025-02-17 05:53:03
12837,716715,19976,away,0,3-4-2-1,1,1,12,367065,Caitlin Hayes,Center Right Defender,6,0,0,-1,,,,0,0,-1,,,,2025-02-17 05:53:03
12837,716715,19976,away,0,3-4-2-1,1,1,6,219990,Vicky Losada,Center Right Midfielder,7,0,0,-1,,,,1,339641,22,339641.0,4320.0,72',2025-02-17 05:53:03
12837,716715,19976,away,0,3-4-2-1,1,1,10,314994,Jelena Cankovic,Center Left Midfielder,8,0,0,-1,,,,1,219773,14,219773.0,4380.0,73',2025-02-17 05:53:03
12837,716715,19976,away,0,3-4-2-1,1,1,9,246314,Nikita Parris,Forward,9,0,0,-1,,,,0,0,-1,,,,2025-02-17 05:53:03
12837,716715,19976,away,0,3-4-2-1,1,1,11,296778,Kiko Seike,Center Right Forward,10,0,0,-1,,,,1,219939,8,219939.0,4380.0,73',2025-02-17 05:53:03
12837,716715,19976,away,0,3-4-2-1,1,1,21,261578,Madison Haley,Center Left Forward,11,0,0,-1,,,,1,325852,17,325852.0,4980.0,83',2025-02-17 05:53:03
12837,716715,19976,away,0,3-4-2-1,1,0,59,350678,Michelle Agyemang,Substitute,0,0,0,-1,,,,0,0,-1,,,,2025-02-17 05:53:03
12837,716715,19976,away,0,3-4-2-1,1,0,19,309906,Marisa Olislagers,Substitute,0,0,0,-1,,,,0,0,-1,,,,2025-02-17 05:53:03
12837,716715,19976,away,0,3-4-2-1,1,0,22,339641,Dejana Stefanovic,Substitute,0,1,219990,6,219990.0,4320.0,72',0,0,-1,,,,2025-02-17 05:53:03
12837,716715,19976,away,0,3-4-2-1,1,0,16,325886,Jorelyn Carabalí,Substitute,0,1,213937,5,213937.0,4320.0,72',0,0,-1,,,,2025-02-17 05:53:03
12837,716715,19976,away,0,3-4-2-1,1,0,17,325852,Bex Rayner,Substitute,0,1,261578,21,261578.0,4980.0,83',0,0,-1,,,,2025-02-17 05:53:03
12837,716715,19976,away,0,3-4-2-1,1,0,32,249106,Sophie Baggaley,Substitute,0,0,0,-1,,,,0,0,-1,,,,2025-02-17 05:53:03
12837,716715,19976,away,0,3-4-2-1,1,0,8,219939,Pauline Bremer,Substitute,0,1,296778,11,296778.0,4380.0,73',0,0,-1,,,,2025-02-17 05:53:03
12837,716715,19976,away,0,3-4-2-1,1,0,14,219773,Fran Kirby,Substitute,0,1,314994,10,314994.0,4380.0,73',0,0,-1,,,,2025-02-17 05:53:03
12837,716716,20062,home,0,4-2-3-1,1,1,1,264730,Lize Kop,Goalkeeper,1,0,0,-1,,,,0,0,-1,,,,2025-03-02 19:59:20
12837,716716,20062,home,0,4-2-3-1,1,1,3,323599,Ella Morris,Right Back,2,0,0,-1,,,,0,0,-1,,,,2025-03-02 19:59:20
12837,716716,20062,home,0,4-2-3-1,1,1,29,294265,Ashleigh Neville,Left Back,3,0,0,-1,,,,0,0,-1,,,,2025-03-02 19:59:20
12837,716716,20062,home,0,4-2-3-1,1,1,24,286882,Drew Spence,Left Midfielder,4,0,0,-1,,,,1,320356,10,320356.0,5100.0,85',2025-03-02 19:59:20
12837,716716,20062,home,0,4-2-3-1,1,1,21,309086,Luana Bühler,Center Right Defender,5,0,0,-1,,,,0,0,-1,,,,2025-03-02 19:59:20
12837,716716,20062,home,0,4-2-3-1,1,1,5,312487,Molly Bartrip,Center Left Defender,6,0,0,-1,,,,0,0,-1,,,,2025-03-02 19:59:20
12837,716716,20062,home,0,4-2-3-1,1,1,13,349567,Matilda Vinberg,Attacking Midfielder Right,7,0,0,-1,,,,1,312494,23,312494.0,5100.0,85',2025-03-02 19:59:20
12837,716716,20062,home,0,4-2-3-1,1,1,25,267666,Eveliina Summanen,Right Midfielder,8,0,0,-1,,,,1,314195,12,314195.0,3960.0,66',2025-03-02 19:59:20
12837,716716,20062,home,0,4-2-3-1,1,1,9,293410,Bethany England,Forward,9,0,0,-1,,,,0,0,-1,,,,2025-03-02 19:59:20
12837,716716,20062,home,0,4-2-3-1,1,1,17,226804,Martha Thomas,Attacking Midfielder,10,0,0,-1,,,,1,314963,11,314963.0,1800.0,30',2025-03-02 19:59:20
12837,716716,20062,home,0,4-2-3-1,1,1,2,300442,Charlotte Grant,Attacking Midfielder Left,11,0,0,-1,,,,1,294268,7,294268.0,5100.0,85',2025-03-02 19:59:20
12837,716716,20062,home,0,4-2-3-1,1,0,27,301685,Eleanor Heeps,Substitute,0,0,0,-1,,,,0,0,-1,,,,2025-03-02 19:59:20
12837,716716,20062,home,0,4-2-3-1,1,0,7,294268,Jessica Naz,Substitute,0,1,300442,2,300442.0,5100.0,85',0,0,-1,,,,2025-03-02 19:59:20
12837,716716,20062,home,0,4-2-3-1,1,0,31,355373,Lenna Gunning-Williams,Substitute,0,0,0,-1,,,,0,0,-1,,,,2025-03-02 19:59:20
12837,716716,20062,home,0,4-2-3-1,1,0,23,312494,Rosella Ayane,Substitute,0,1,349567,13,349567.0,5100.0,85',0,0,-1,,,,2025-03-02 19:59:20
12837,716716,20062,home,0,4-2-3-1,1,0,12,314195,Josefine Rybrink,Substitute,0,1,267666,25,267666.0,3960.0,66',0,0,-1,,,,2025-03-02 19:59:20
12837,716716,20062,home,0,4-2-3-1,1,0,6,314494,Amanda Nildén,Substitute,0,0,0,-1,,,,0,0,-1,,,,2025-03-02 19:59:20
12837,716716,20062,home,0,4-2-3-1,1,0,11,314963,Olivia Holdt,Substitute,0,1,226804,17,226804.0,1800.0,30',0,0,-1,,,,2025-03-02 19:59:20
12837,716716,20062,home,0,4-2-3-1,1,0,10,320356,Maite Oroz,Substitute,0,1,286882,24,286882.0,5100.0,85',0,0,-1,,,,2025-03-02 19:59:20
12837,716716,20062,home,0,4-2-3-1,1,0,14,311201,Anna Csiki,Substitute,0,0,0,-1,,,,0,0,-1,,,,2025-03-02 19:59:20
12837,716716,19257,away,1,4-1-4-1,1,1,31,223470,Ayaka Yamashita,Goalkeeper,1,0,0,-1,,,,0,0,-1,,,,2025-03-02 19:59:20
12837,716716,19257,away,1,4-1-4-1,1,1,18,309904,Kerstin Casparij,Right Back,2,0,0,-1,,,,0,0,-1,,,,2025-03-02 19:59:20
12837,716716,19257,away,1,4-1-4-1,1,1,15,249105,Leila Ouahabi,Left Back,3,0,0,-1,,,,0,0,-1,,,,2025-03-02 19:59:20
12837,716716,19257,away,1,4-1-4-1,1,1,25,256228,Yui Hasegawa,Defensive Midfielder,4,0,0,-1,,,,0,0,-1,,,,2025-03-02 19:59:20
12837,716716,19257,away,1,4-1-4-1,1,1,3,306881,Naomi Layzell,Center Right Defender,5,0,0,-1,,,,0,0,-1,,,,2025-03-02 19:59:20
12837,716716,19257,away,1,4-1-4-1,1,1,4,286338,Laia Aleixandri,Center Left Defender,6,0,0,-1,,,,0,0,-1,,,,2025-03-02 19:59:20
12837,716716,19257,away,1,4-1-4-1,1,1,20,351355,Aoba Fujino,Right Midfielder,7,0,0,-1,,,,0,0,-1,,,,2025-03-02 19:59:20
12837,716716,19257,away,1,4-1-4-1,1,1,19,298641,Laura Blindkilde Brown,Center Right Midfielder,8,0,0,-1,,,,1,219951,10,219951.0,4140.0,69',2025-03-02 19:59:20
12837,716716,19257,away,1,4-1-4-1,1,1,21,261947,Khadija Shaw,Forward,9,0,0,-1,,,,1,276165,8,276165.0,4140.0,69',2025-03-02 19:59:20
12837,716716,19257,away,1,4-1-4-1,1,1,6,219945,Vivianne Miedema,Center Left Midfielder,10,0,0,-1,,,,0,0,-1,,,,2025-03-02 19:59:20
12837,716716,19257,away,1,4-1-4-1,1,1,14,281475,Kerolin,Left Midfielder,11,0,0,-1,,,,1,296503,16,,,,2025-04-01 04:55:30
12837,716716,19257,away,1,4-1-4-1,1,0,53,380968,Mayzee Davies,Substitute,0,0,0,-1,,,,0,0,-1,,,,2025-03-02 19:59:20
12837,716716,19257,away,1,4-1-4-1,1,0,46,390468,Lily Murphy,Substitute,0,0,0,-1,,,,0,0,-1,,,,2025-03-02 19:59:20
12837,716716,19257,away,1,4-1-4-1,1,0,28,353342,Gracie Prior,Substitute,0,0,0,-1,,,,0,0,-1,,,,2025-03-02 19:59:20
12837,716716,19257,away,1,4-1-4-1,1,0,35,314954,Khiara Keating,Substitute,0,0,0,-1,,,,0,0,-1,,,,2025-03-02 19:59:20
12837,716716,19257,away,1,4-1-4-1,1,0,16,296503,Jess Park,Substitute,0,1,281475,14,281475.0,4140.0,69',0,0,-1,,,,2025-03-02 19:59:20
12837,716716,19257,away,1,4-1-4-1,1,0,8,276165,Mary Fowler,Substitute,0,1,261947,21,261947.0,4140.0,69',0,0,-1,,,,2025-03-02 19:59:20
12837,716716,19257,away,1,4-1-4-1,1,0,13,268324,Laura Wienroither,Substitute,0,0,0,-1,,,,0,0,-1,,,,2025-03-02 19:59:20
12837,716716,19257,away,1,4-1-4-1,1,0,10,219951,Jill Roord,Substitute,0,1,298641,19,298641.0,4140.0,69',0,0,-1,,,,2025-03-02 19:59:20
12837,716716,19257,away,1,4-1-4-1,1,0,30,399001,Aemu Oyama,Substitute,0,0,0,-1,,,,0,0,-1,,,,2025-03-02 19:59:20
12837,716717,19973,home,1,4-2-3-1,1,1,14,309903,Daphne van Domselaar,Goalkeeper,1,0,0,-1,,,,0,0,-1,,,,2025-03-04 05:51:04
12837,716717,19973,home,1,4-2-3-1,1,1,2,263684,Emily Fox,Right Back,2,0,0,-1,,,,1,188004,28,188004.0,5100.0,85',2025-03-04 05:51:04
12837,716717,19973,home,1,4-2-3-1,1,1,11,219079,Katie McCabe,Left Back,3,0,0,-1,,,,0,0,-1,,,,2025-03-04 05:51:04
12837,716717,19973,home,1,4-2-3-1,1,1,13,220015,Lia Wälti,Left Midfielder,4,0,0,-1,,,,1,158678,19,158678.0,3300.0,55',2025-03-04 05:51:04
12837,716717,19973,home,1,4-2-3-1,1,1,6,268100,Leah Williamson,Center Right Defender,5,0,0,-1,,,,0,0,-1,,,,2025-03-04 05:51:04
12837,716717,19973,home,1,4-2-3-1,1,1,7,219822,Steph Catley,Center Left Defender,6,0,0,-1,,,,0,0,-1,,,,2025-03-04 05:51:04
12837,716717,19973,home,1,4-2-3-1,1,1,18,282993,Chloe Kelly,Attacking Midfielder Right,7,0,0,-1,,,,1,280982,9,280982.0,5100.0,85',2025-03-04 05:51:04
12837,716717,19973,home,1,4-2-3-1,1,1,10,176041,Kim Little,Right Midfielder,8,0,0,-1,,,,1,288907,32,288907.0,3300.0,55',2025-03-04 05:51:04
12837,716717,19973,home,1,4-2-3-1,1,1,23,263683,Alessia Russo,Forward,9,0,0,-1,,,,0,0,-1,,,,2025-03-04 05:51:04
12837,716717,19973,home,1,4-2-3-1,1,1,12,259331,Frida Maanum,Attacking Midfielder,10,0,0,-1,,,,1,240274,25,240274.0,2700.0,45',2025-03-04 05:51:04
12837,716717,19973,home,1,4-2-3-1,1,1,8,257473,Mariona Caldentey,Attacking Midfielder Left,11,0,0,-1,,,,0,0,-1,,,,2025-03-04 05:51:04
12837,716717,19973,home,1,4-2-3-1,1,0,19,158678,Caitlin Foord,Substitute,0,1,220015,13,220015.0,3300.0,55',0,0,-1,,,,2025-03-04 05:51:04
12837,716717,19973,home,1,4-2-3-1,1,0,22,292633,Jenna Nighswonger,Substitute,0,0,0,-1,,,,0,0,-1,,,,2025-03-04 05:51:04
12837,716717,19973,home,1,4-2-3-1,1,0,32,288907,Kyra Cooney-Cross,Substitute,0,1,176041,10,176041.0,3300.0,55',0,0,-1,,,,2025-03-04 05:51:04
12837,716717,19973,home,1,4-2-3-1,1,0,9,280982,Beth Mead,Substitute,0,1,282993,18,282993.0,5100.0,85',0,0,-1,,,,2025-03-04 05:51:04
12837,716717,19973,home,1,4-2-3-1,1,0,21,270056,Victoria Pelova,Substitute,0,0,0,-1,,,,0,0,-1,,,,2025-03-04 05:51:04
12837,716717,19973,home,1,4-2-3-1,1,0,1,252339,Manuela Zinsberger,Substitute,0,0,0,-1,,,,0,0,-1,,,,2025-03-04 05:51:04
12837,716717,19973,home,1,4-2-3-1,1,0,25,240274,Stina Blackstenius,Substitute,0,1,259331,12,259331.0,2700.0,45',0,0,-1,,,,2025-03-04 05:51:04
12837,716717,19973,home,1,4-2-3-1,1,0,28,188004,Amanda Ilestedt,Substitute,0,1,263684,2,263684.0,5100.0,85',0,0,-1,,,,2025-03-04 05:51:04
12837,716717,19973,home,1,4-2-3-1,1,0,62,350679,Katie Reid,Substitute,0,0,0,-1,,,,0,0,-1,,,,2025-03-04 05:51:04
12837,716717,19975,away,0,5-3-2,1,1,1,296372,Kinga Szemik,Goalkeeper,1,0,0,-1,,,,0,0,-1,,,,2025-03-02 19:59:20
12837,716717,19975,away,0,5-3-2,1,1,2,257540,Kirsty Smith,Right Back,2,0,0,-1,,,,0,0,-1,,,,2025-03-02 19:59:20
12837,716717,19975,away,0,5-3-2,1,1,29,252347,Verena Hanshaw,Left Back,3,0,0,-1,,,,1,235712,14,235712.0,3840.0,64',2025-03-02 19:59:20
12837,716717,19975,away,0,5-3-2,1,1,17,264860,Camila Sáez,Center Left Defender,4,0,0,-1,,,,1,310225,18,310225.0,3840.0,64',2025-03-02 19:59:20
12837,716717,19975,away,0,5-3-2,1,1,5,312251,Amber Tysiak,Center Defender,5,0,0,-1,,,,0,0,-1,,,,2025-03-02 19:59:20
12837,716717,19975,away,0,5-3-2,1,1,13,317807,Eva Nystrom,Center Right Defender,6,0,0,-1,,,,0,0,-1,,,,2025-03-02 19:59:20
12837,716717,19975,away,0,5-3-2,1,1,4,349057,Oona Siren,Center Right Midfielder,7,0,0,-1,,,,0,0,-1,,,,2025-03-02 19:59:20
12837,716717,19975,away,0,5-3-2,1,1,10,259752,Dagný Brynjarsdóttir,Center Midfielder,8,0,0,-1,,,,1,219825,22,219825.0,3840.0,64',2025-03-02 19:59:20
12837,716717,19975,away,0,5-3-2,1,1,19,374905,Shekiera Martinez,Center Left Forward,9,0,0,-1,,,,1,287317,9,287317.0,4440.0,74',2025-03-02 19:59:20
12837,716717,19975,away,0,5-3-2,1,1,77,330350,Seraina Piubel,Center Right Forward,10,0,0,-1,,,,1,298775,11,298775.0,5220.0,87',2025-03-02 19:59:20
12837,716717,19975,away,0,5-3-2,1,1,20,188069,Viviane Asseyi,Center Left Midfielder,11,0,0,-1,,,,0,0,-1,,,,2025-03-02 19:59:20
12837,716717,19975,away,0,5-3-2,1,0,11,298775,Manuela Paví,Substitute,0,1,330350,77,330350.0,5220.0,87',0,0,-1,,,,2025-03-02 19:59:20
12837,716717,19975,away,0,5-3-2,1,0,25,312461,Megan Walsh,Substitute,0,0,0,-1,,,,0,0,-1,,,,2025-03-02 19:59:20
12837,716717,19975,away,0,5-3-2,1,0,12,312486,Emma Harries,Substitute,0,0,0,-1,,,,0,0,-1,,,,2025-03-02 19:59:20
12837,716717,19975,away,0,5-3-2,1,0,9,287317,Riko Ueki,Substitute,0,1,374905,19,374905.0,4440.0,74',0,0,-1,,,,2025-03-02 19:59:20
12837,716717,19975,away,0,5-3-2,1,0,26,281682,Li Mengwen,Substitute,0,0,0,-1,,,,0,0,-1,,,,2025-03-02 19:59:20
12837,716717,19975,away,0,5-3-2,1,0,14,235712,Shelina Zadorsky,Substitute,0,1,252347,29,252347.0,3840.0,64',0,0,-1,,,,2025-03-02 19:59:20
12837,716717,19975,away,0,5-3-2,1,0,7,350638,Marika Bergman-Lundin,Substitute,0,0,0,-1,,,,0,0,-1,,,,2025-03-02 19:59:20
12837,716717,19975,away,0,5-3-2,1,0,22,219825,Katrina Gorry,Substitute,0,1,259752,10,259752.0,3840.0,64',0,0,-1,,,,2025-03-02 19:59:20
12837,716717,19975,away,0,5-3-2,1,0,18,310225,Anouk Denton,Substitute,0,1,264860,17,264860.0,3840.0,64',0,0,-1,,,,2025-03-02 19:59:20
12837,716718,21037,home,0,4-4-2,1,1,30,224886,Shae Yanez,Goalkeeper,1,0,0,-1,,,,0,0,-1,,,,2025-03-02 19:59:20
12837,716718,21037,home,0,4-4-2,1,1,20,300434,Indiah-Paige Riley,Right Back,2,0,0,-1,,,,0,0,-1,,,,2025-03-02 19:59:20
12837,716718,21037,home,0,4-4-2,1,1,23,288977,Lily Woodham,Left Back,3,0,0,-1,,,,0,0,-1,,,,2025-03-02 19:59:20
12837,716718,21037,home,0,4-4-2,1,1,5,392348,My Cato,Center Right Midfielder,4,0,0,-1,,,,0,0,-1,,,,2025-03-02 19:59:20
12837,716718,21037,home,0,4-4-2,1,1,29,262811,Allyson Swaby,Center Right Defender,5,0,0,-1,,,,0,0,-1,,,,2025-03-02 19:59:20
12837,716718,21037,home,0,4-4-2,1,1,14,259626,Josie Green,Center Left Defender,6,0,0,-1,,,,0,0,-1,,,,2025-03-02 19:59:20
12837,716718,21037,home,0,4-4-2,1,1,27,336368,Abbie Larkin,Right Midfielder,7,0,0,-1,,,,1,267672,16,267672.0,4440.0,74',2025-03-02 19:59:20
12837,716718,21037,home,0,4-4-2,1,1,17,377622,Lexi Potter,Center Left Midfielder,8,0,0,-1,,,,0,0,-1,,,,2025-03-02 19:59:20
12837,716718,21037,home,0,4-4-2,1,1,11,314575,Ashleigh Weerden,Center Left Forward,9,0,0,-1,,,,0,0,-1,,,,2025-03-02 19:59:20
12837,716718,21037,home,0,4-4-2,1,1,21,349219,Clarissa Laris­ey,Center Right Forward,10,0,0,-1,,,,0,0,-1,,,,2025-03-02 19:59:20
12837,716718,21037,home,0,4-4-2,1,1,10,323499,Annabel Blanchard,Left Midfielder,11,0,0,-1,,,,1,265532,9,265532.0,5100.0,85',2025-03-02 19:59:20
12837,716718,21037,home,0,4-4-2,1,0,9,265532,Elise Hughes,Substitute,0,1,323499,10,323499.0,5100.0,85',0,0,-1,,,,2025-03-02 19:59:20
12837,716718,21037,home,0,4-4-2,1,0,4,257534,Chloe Arthur,Substitute,0,0,0,-1,,,,0,0,-1,,,,2025-03-02 19:59:20
12837,716718,21037,home,0,4-4-2,1,0,16,267672,Ria Oling,Substitute,0,1,336368,27,336368.0,4440.0,74',0,0,-1,,,,2025-03-02 19:59:20
12837,716718,21037,home,0,4-4-2,1,0,25,284183,Aniek Nouwen,Substitute,0,0,0,-1,,,,0,0,-1,,,,2025-03-02 19:59:20
12837,716718,21037,home,0,4-4-2,1,0,3,312463,Felicity Gibbons,Substitute,0,0,0,-1,,,,0,0,-1,,,,2025-03-02 19:59:20
12837,716718,21037,home,0,4-4-2,1,0,8,324879,Molly-Mae Sharpe,Substitute,0,0,0,-1,,,,0,0,-1,,,,2025-03-02 19:59:20
12837,716718,21037,home,0,4-4-2,1,0,77,328245,Isibeal Atkinson,Substitute,0,0,0,-1,,,,0,0,-1,,,,2025-03-02 19:59:20
12837,716718,21037,home,0,4-4-2,1,0,19,335986,Milla-Maj Majasaari,Substitute,0,0,0,-1,,,,0,0,-1,,,,2025-03-02 19:59:20
12837,716718,19971,away,1,4-2-3-1,1,1,1,230835,Rachael Laws,Goalkeeper,1,0,0,-1,,,,0,0,-1,,,,2025-03-02 19:59:20
12837,716718,19971,away,1,4-2-3-1,1,1,4,261669,Grace Fisk,Right Back,2,0,0,-1,,,,0,0,-1,,,,2025-03-02 19:59:20
12837,716718,19971,away,1,4-2-3-1,1,1,12,323520,Taylor Hinds,Left Back,3,0,0,-1,,,,0,0,-1,,,,2025-03-02 19:59:20
12837,716718,19971,away,1,4-2-3-1,1,1,24,311039,Samantha Kerr,Left Midfielder,4,0,0,-1,,,,1,282995,8,282995.0,4980.0,83',2025-03-02 19:59:20
12837,716718,19971,away,1,4-2-3-1,1,1,23,188447,Gemma Bonner,Center Right Defender,5,0,0,-1,,,,0,0,-1,,,,2025-03-02 19:59:20
12837,716718,19971,away,1,4-2-3-1,1,1,6,312477,Jasmine Matthews,Center Left Defender,6,0,0,-1,,,,1,259312,3,259312.0,2700.0,45',2025-03-02 19:59:20
12837,716718,19971,away,1,4-2-3-1,1,1,11,279337,Olivia Smith,Attacking Midfielder Right,7,0,0,-1,,,,0,0,-1,,,,2025-03-02 19:59:20
12837,716718,19971,away,1,4-2-3-1,1,1,14,314199,Marie Hobinger,Right Midfielder,8,0,0,-1,,,,1,338551,19,338551.0,3720.0,62',2025-03-02 19:59:20
12837,716718,19971,away,1,4-2-3-1,1,1,18,264581,Ceri Holland,Forward,9,0,0,-1,,,,0,0,-1,,,,2025-03-02 19:59:20
12837,716718,19971,away,1,4-2-3-1,1,1,10,280992,Sophie Román Haug,Attacking Midfielder,10,0,0,-1,,,,1,325841,13,325841.0,3720.0,62',2025-03-02 19:59:20
12837,716718,19971,away,1,4-2-3-1,1,1,7,389652,Cornelia Kapocs,Attacking Midfielder Left,11,0,0,-1,,,,1,257593,20,257593.0,4740.0,79',2025-03-02 19:59:20
12837,716718,19971,away,1,4-2-3-1,1,0,36,384503,Zara Shaw,Substitute,0,0,0,-1,,,,0,0,-1,,,,2025-03-02 19:59:20
12837,716718,19971,away,1,4-2-3-1,1,0,16,243031,Teagan Micah,Substitute,0,0,0,-1,,,,0,0,-1,,,,2025-03-02 19:59:20
12837,716718,19971,away,1,4-2-3-1,1,0,20,257593,Yana Daniels,Substitute,0,1,389652,7,389652.0,4740.0,79',0,0,-1,,,,2025-03-02 19:59:20
12837,716718,19971,away,1,4-2-3-1,1,0,3,259312,Gemma Evans,Substitute,0,1,312477,6,312477.0,2700.0,45',0,0,-1,,,,2025-03-02 19:59:20
12837,716718,19971,away,1,4-2-3-1,1,0,8,282995,Fuka Nagano,Substitute,0,1,311039,24,311039.0,4980.0,83',0,0,-1,,,,2025-03-02 19:59:20
12837,716718,19971,away,1,4-2-3-1,1,0,17,305989,Jenna Clark,Substitute,0,0,0,-1,,,,0,0,-1,,,,2025-03-02 19:59:20
12837,716718,19971,away,1,4-2-3-1,1,0,2,323518,Lucy Parry,Substitute,0,0,0,-1,,,,0,0,-1,,,,2025-03-02 19:59:20
12837,716718,19971,away,1,4-2-3-1,1,0,13,325841,Mia Enderby,Substitute,0,1,280992,10,280992.0,3720.0,62',0,0,-1,,,,2025-03-02 19:59:20
12837,716718,19971,away,1,4-2-3-1,1,0,19,338551,Julia Bartel,Substitute,0,1,314199,14,314199.0,3720.0,62',0,0,-1,,,,2025-03-02 19:59:20
12837,716719,19976,home,0,3-4-3,1,1,28,367224,Melina Loeck,Goalkeeper,1,0,0,-1,,,,0,0,-1,,,,2025-03-02 19:59:20
12837,716719,19976,home,0,3-4-3,1,1,27,257536,Rachel McLauchlan,Right Midfielder,2,0,0,-1,,,,1,219939,8,219939.0,4560.0,76',2025-03-02 19:59:20
12837,716719,19976,home,0,3-4-3,1,1,19,309906,Marisa Olislagers,Left Midfielder,3,0,0,-1,,,,1,367065,12,367065.0,5400.0,90'+5',2025-03-02 19:59:20
12837,716719,19976,home,0,3-4-3,1,1,3,294247,Poppy Pattinson,Center Left Defender,4,0,0,-1,,,,0,0,-1,,,,2025-03-02 19:59:20
12837,716719,19976,home,0,3-4-3,1,1,5,213937,Guro Bergsvand,Center Defender,5,0,0,-1,,,,0,0,-1,,,,2025-03-02 19:59:20
12837,716719,19976,home,0,3-4-3,1,1,2,219987,Maria Thorisdottir,Center Right Defender,6,0,0,-1,,,,0,0,-1,,,,2025-03-02 19:59:20
12837,716719,19976,home,0,3-4-3,1,1,6,219990,Vicky Losada,Center Right Midfielder,7,0,0,-1,,,,1,339641,22,339641.0,4080.0,68',2025-03-02 19:59:20
12837,716719,19976,home,0,3-4-3,1,1,15,309978,Nadine Noordam,Center Left Midfielder,8,0,0,-1,,,,0,0,-1,,,,2025-03-02 19:59:20
12837,716719,19976,home,0,3-4-3,1,1,14,219773,Fran Kirby,Forward,9,0,0,-1,,,,1,296778,11,296778.0,4560.0,76',2025-03-02 19:59:20
12837,716719,19976,home,0,3-4-3,1,1,21,261578,Madison Haley,Center Right Forward,10,0,0,-1,,,,0,0,-1,,,,2025-03-02 19:59:20
12837,716719,19976,home,0,3-4-3,1,1,9,246314,Nikita Parris,Center Left Forward,11,0,0,-1,,,,0,0,-1,,,,2025-03-02 19:59:20
12837,716719,19976,home,0,3-4-3,1,0,32,249106,Sophie Baggaley,Substitute,0,0,0,-1,,,,0,0,-1,,,,2025-03-02 19:59:20
12837,716719,19976,home,0,3-4-3,1,0,8,219939,Pauline Bremer,Substitute,0,1,257536,27,257536.0,4560.0,76',0,0,-1,,,,2025-03-02 19:59:20
12837,716719,19976,home,0,3-4-3,1,0,11,296778,Kiko Seike,Substitute,0,1,219773,14,219773.0,4560.0,76',0,0,-1,,,,2025-03-02 19:59:20
12837,716719,19976,home,0,3-4-3,1,0,22,339641,Dejana Stefanovic,Substitute,0,1,219990,6,219990.0,4080.0,68',0,0,-1,,,,2025-03-02 19:59:20
12837,716719,19976,home,0,3-4-3,1,0,59,350678,Michelle Agyemang,Substitute,0,0,0,-1,,,,0,0,-1,,,,2025-03-02 19:59:20
12837,716719,19976,home,0,3-4-3,1,0,12,367065,Caitlin Hayes,Substitute,0,1,309906,19,309906.0,5400.0,90'+5',0,0,-1,,,,2025-03-02 19:59:20
12837,716719,19976,home,0,3-4-3,1,0,60,377187,Jessica Pegram,Substitute,0,0,0,-1,,,,0,0,-1,,,,2025-03-02 19:59:20
12837,716719,19970,away,0,4-2-3-1,1,1,24,312460,Hannah Hampton,Goalkeeper,1,0,0,-1,,,,0,0,-1,,,,2025-03-02 19:59:20
12837,716719,19970,away,0,4-2-3-1,1,1,22,188448,Lucy Bronze,Right Back,2,0,0,-1,,,,0,0,-1,,,,2025-03-02 19:59:20
12837,716719,19970,away,0,4-2-3-1,1,1,17,295673,Sandy Baltimore,Left Back,3,0,0,-1,,,,0,0,-1,,,,2025-03-02 19:59:20
12837,716719,19970,away,0,4-2-3-1,1,1,6,314382,Sjoeke Nüsken,Left Midfielder,4,0,0,-1,,,,1,288680,7,288680.0,3540.0,59',2025-03-02 19:59:20
12837,716719,19970,away,0,4-2-3-1,1,1,4,248770,Millie Bright,Center Right Defender,5,0,0,-1,,,,0,0,-1,,,,2025-03-02 19:59:20
12837,716719,19970,away,0,4-2-3-1,1,1,16,283720,Naomi Girma,Center Left Defender,6,0,0,-1,,,,1,255181,14,255181.0,3540.0,59',2025-03-02 19:59:20
12837,716719,19970,away,0,4-2-3-1,1,1,19,264735,Johanna Rytting Kaneryd,Attacking Midfielder Right,7,0,0,-1,,,,1,119954,12,119954.0,4860.0,81',2025-03-02 19:59:20
12837,716719,19970,away,0,4-2-3-1,1,1,30,268099,Keira Walsh,Right Midfielder,8,0,0,-1,,,,1,317637,27,317637.0,2700.0,45',2025-03-02 19:59:20
12837,716719,19970,away,0,4-2-3-1,1,1,33,313088,Aggie Beever-Jones,Forward,9,0,0,-1,,,,0,0,-1,,,,2025-03-02 19:59:20
12837,716719,19970,away,0,4-2-3-1,1,1,18,315453,Wieke Kaptein,Attacking Midfielder,10,0,0,-1,,,,1,261568,9,261568.0,4860.0,81',2025-03-02 19:59:20
12837,716719,19970,away,0,4-2-3-1,1,1,10,294253,Lauren James,Attacking Midfielder Left,11,0,0,-1,,,,0,0,-1,,,,2025-03-02 19:59:20
12837,716719,19970,away,0,4-2-3-1,1,0,9,261568,Catarina Macario,Substitute,0,1,315453,18,315453.0,4860.0,81',0,0,-1,,,,2025-03-02 19:59:20
12837,716719,19970,away,0,4-2-3-1,1,0,53,386624,Lola Brown,Substitute,0,0,0,-1,,,,0,0,-1,,,,2025-03-02 19:59:20
12837,716719,19970,away,0,4-2-3-1,1,0,27,317637,Oriane Jean-François,Substitute,0,1,268099,30,268099.0,2700.0,45',0,0,-1,,,,2025-03-02 19:59:20
12837,716719,19970,away,0,4-2-3-1,1,0,21,312480,Niamh Charles,Substitute,0,0,0,-1,,,,0,0,-1,,,,2025-03-02 19:59:20
12837,716719,19970,away,0,4-2-3-1,1,0,7,288680,Mayra Ramírez,Substitute,0,1,314382,6,314382.0,3540.0,59',0,0,-1,,,,2025-03-02 19:59:20
12837,716719,19970,away,0,4-2-3-1,1,0,38,286883,Rebecca Spencer,Substitute,0,0,0,-1,,,,0,0,-1,,,,2025-03-02 19:59:20
12837,716719,19970,away,0,4-2-3-1,1,0,63,386644,Vera Jones,Substitute,0,0,0,-1,,,,0,0,-1,,,,2025-03-02 19:59:20
12837,716719,19970,away,0,4-2-3-1,1,0,14,255181,Nathalie Björn,Substitute,0,1,283720,16,283720.0,3540.0,59',0,0,-1,,,,2025-03-02 19:59:20
12837,716719,19970,away,0,4-2-3-1,1,0,12,119954,Ashley Lawrence,Substitute,0,1,264735,19,264735.0,4860.0,81',0,0,-1,,,,2025-03-02 19:59:20
12837,716720,20707,home,0,4-2-3-1,1,1,1,209364,Sabrina D'Angelo,Goalkeeper,1,0,0,-1,,,,1,351745,30,351745.0,3240.0,54',2025-03-02 19:59:20
12837,716720,20707,home,0,4-2-3-1,1,1,2,312456,Sarah Mayling,Right Back,2,0,0,-1,,,,0,0,-1,,,,2025-03-02 19:59:20
12837,716720,20707,home,0,4-2-3-1,1,1,16,220024,Noelle Maritz,Left Back,3,0,0,-1,,,,0,0,-1,,,,2025-03-02 19:59:20
12837,716720,20707,home,0,4-2-3-1,1,1,22,317630,Jill Baijings,Left Midfielder,4,0,0,-1,,,,0,0,-1,,,,2025-03-02 19:59:20
12837,716720,20707,home,0,4-2-3-1,1,1,4,262611,Anna Patten,Center Right Defender,5,0,0,-1,,,,0,0,-1,,,,2025-03-02 19:59:20
12837,716720,20707,home,0,4-2-3-1,1,1,14,312484,Danielle Turner,Center Left Defender,6,0,0,-1,,,,0,0,-1,,,,2025-03-02 19:59:20
12837,716720,20707,home,0,4-2-3-1,1,1,23,309858,Chasity Grant,Attacking Midfielder Right,7,0,0,-1,,,,1,294252,20,294252.0,4740.0,79',2025-03-02 19:59:20
12837,716720,20707,home,0,4-2-3-1,1,1,25,338756,Miri Taylor,Right Midfielder,8,0,0,-1,,,,1,257469,28,257469.0,4800.0,80',2025-03-02 19:59:20
12837,716720,20707,home,0,4-2-3-1,1,1,9,248769,Rachel Daly,Forward,9,0,0,-1,,,,0,0,-1,,,,2025-03-02 19:59:20
12837,716720,20707,home,0,4-2-3-1,1,1,8,178854,Jordan Nobbs,Attacking Midfielder,10,0,0,-1,,,,1,323523,7,323523.0,3960.0,66',2025-03-02 19:59:20
12837,716720,20707,home,0,4-2-3-1,1,1,11,312467,Katie Robinson,Attacking Midfielder Left,11,0,0,-1,,,,1,294246,17,294246.0,3960.0,66',2025-03-02 19:59:20
12837,716720,20707,home,0,4-2-3-1,1,0,3,335782,Paula Tomás,Substitute,0,0,0,-1,,,,0,0,-1,,,,2025-03-02 19:59:20
12837,716720,20707,home,0,4-2-3-1,1,0,7,323523,Missy Bo Kearns,Substitute,0,1,178854,8,178854.0,3960.0,66',0,0,-1,,,,2025-03-02 19:59:20
12837,716720,20707,home,0,4-2-3-1,1,0,28,257469,Gabi Nunes,Substitute,0,1,338756,25,338756.0,4800.0,80',0,0,-1,,,,2025-03-02 19:59:20
12837,716720,20707,home,0,4-2-3-1,1,0,15,261804,Lucy Parker,Substitute,0,0,0,-1,,,,0,0,-1,,,,2025-03-02 19:59:20
12837,716720,20707,home,0,4-2-3-1,1,0,30,351745,Katelin Talbert,Substitute,0,1,209364,1,209364.0,3240.0,54',0,0,-1,,,,2025-03-02 19:59:20
12837,716720,20707,home,0,4-2-3-1,1,0,17,294246,Ebony Salmon,Substitute,0,1,312467,11,312467.0,3960.0,66',0,0,-1,,,,2025-03-02 19:59:20
12837,716720,20707,home,0,4-2-3-1,1,0,20,294252,Kirsty Hanson,Substitute,0,1,309858,23,309858.0,4740.0,79',0,0,-1,,,,2025-03-02 19:59:20
12837,716720,19972,away,1,4-4-2,1,1,1,209174,Courtney Brosnan,Goalkeeper,1,0,0,-1,,,,0,0,-1,,,,2025-03-02 19:59:20
12837,716720,19972,away,1,4-4-2,1,1,3,134349,Maren Mjelde,Right Back,2,0,0,-1,,,,0,0,-1,,,,2025-03-02 19:59:20
12837,716720,19972,away,1,4-4-2,1,1,23,287392,Sara Holmgaard,Left Back,3,0,0,-1,,,,0,0,-1,,,,2025-03-02 19:59:20
12837,716720,19972,away,1,4-4-2,1,1,25,270037,Katja Snoeijs,Center Right Midfielder,4,0,0,-1,,,,1,285191,28,285191.0,3900.0,65',2025-03-02 19:59:20
12837,716720,19972,away,1,4-4-2,1,1,5,334991,Martina Fernández,Center Right Defender,5,0,0,-1,,,,0,0,-1,,,,2025-03-02 19:59:20
12837,716720,19972,away,1,4-4-2,1,1,27,349927,Elise Stenevik,Center Left Defender,6,0,0,-1,,,,0,0,-1,,,,2025-03-02 19:59:20
12837,716720,19972,away,1,4-4-2,1,1,19,291349,Heather Payne,Right Midfielder,7,0,0,-1,,,,1,364520,47,364520.0,4800.0,80',2025-03-02 19:59:20
12837,716720,19972,away,1,4-4-2,1,1,16,259315,Hayley Ladd,Center Left Midfielder,8,0,0,-1,,,,1,293328,8,293328.0,3900.0,65',2025-03-02 19:59:20
12837,716720,19972,away,1,4-4-2,1,1,29,392349,Kelly Gago,Center Left Forward,9,0,0,-1,,,,1,312559,21,312559.0,5400.0,90',2025-03-02 19:59:20
12837,716720,19972,away,1,4-4-2,1,1,9,211151,Toni Payne,Center Right Forward,10,0,0,-1,,,,1,255452,14,255452.0,4860.0,81',2025-03-02 19:59:20
12837,716720,19972,away,1,4-4-2,1,1,6,303336,Honoka Hayashi,Left Midfielder,11,0,0,-1,,,,0,0,-1,,,,2025-03-02 19:59:20
12837,716720,19972,away,1,4-4-2,1,0,17,284939,Lucy Hope,Substitute,0,0,0,-1,,,,0,0,-1,,,,2025-03-02 19:59:20
12837,716720,19972,away,1,4-4-2,1,0,18,361722,Emma Watson,Substitute,0,0,0,-1,,,,0,0,-1,,,,2025-03-02 19:59:20
12837,716720,19972,away,1,4-4-2,1,0,21,312559,Veatriki Sarri,Substitute,0,1,392349,29,392349.0,5400.0,90',0,0,-1,,,,2025-03-02 19:59:20
12837,716720,19972,away,1,4-4-2,1,0,12,294254,Emily Ramsey,Substitute,0,0,0,-1,,,,0,0,-1,,,,2025-03-02 19:59:20
12837,716720,19972,away,1,4-4-2,1,0,8,293328,Justine Vanhaevermaet,Substitute,0,1,259315,16,259315.0,3900.0,65',0,0,-1,,,,2025-03-02 19:59:20
12837,716720,19972,away,1,4-4-2,1,0,28,285191,Karen Holmgaard,Substitute,0,1,270037,25,270037.0,3900.0,65',0,0,-1,,,,2025-03-02 19:59:20
12837,716720,19972,away,1,4-4-2,1,0,14,255452,Melissa Lawley,Substitute,0,1,211151,9,211151.0,4860.0,81',0,0,-1,,,,2025-03-02 19:59:20
12837,716720,19972,away,1,4-4-2,1,0,47,364520,Karoline Olesen,Substitute,0,1,291349,19,291349.0,4800.0,80',0,0,-1,,,,2025-03-02 19:59:20
12837,716721,20061,home,1,4-2-3-1,1,1,91,208938,Phallon Tullis-Joyce,Goalkeeper,1,0,0,-1,,,,0,0,-1,,,,2025-03-02 19:59:20
12837,716721,20061,home,1,4-2-3-1,1,1,5,293411,Aoife Mannion,Right Back,2,0,0,-1,,,,0,0,-1,,,,2025-03-02 19:59:20
12837,716721,20061,home,1,4-2-3-1,1,1,3,268536,Gabby George,Left Back,3,0,0,-1,,,,0,0,-1,,,,2025-03-02 19:59:20
12837,716721,20061,home,1,4-2-3-1,1,1,17,219947,Dominique Janssen,Left Midfielder,4,0,0,-1,,,,1,283107,20,283107.0,4380.0,73',2025-03-02 19:59:20
12837,716721,20061,home,1,4-2-3-1,1,1,4,312462,Maya Le Tissier,Center Right Defender,5,0,0,-1,,,,0,0,-1,,,,2025-03-02 19:59:20
12837,716721,20061,home,1,4-2-3-1,1,1,21,294257,Millie Turner,Center Left Defender,6,0,0,-1,,,,0,0,-1,,,,2025-03-02 19:59:20
12837,716721,20061,home,1,4-2-3-1,1,1,15,328108,Celin Bizet,Attacking Midfielder Right,7,0,0,-1,,,,1,268325,23,268325.0,5040.0,84',2025-03-02 19:59:20
12837,716721,20061,home,1,4-2-3-1,1,1,8,306883,Grace Clinton,Right Midfielder,8,0,0,-1,,,,0,0,-1,,,,2025-03-02 19:59:20
12837,716721,20061,home,1,4-2-3-1,1,1,9,295670,Melvine Malard,Forward,9,0,0,-1,,,,1,134423,28,134423.0,5100.0,85',2025-03-02 19:59:20
12837,716721,20061,home,1,4-2-3-1,1,1,7,294255,Ella Toone,Attacking Midfielder,10,0,0,-1,,,,0,0,-1,,,,2025-03-02 19:59:20
12837,716721,20061,home,1,4-2-3-1,1,1,11,294256,Leah Galton,Attacking Midfielder Left,11,0,0,-1,,,,0,0,-1,,,,2025-03-02 19:59:20
12837,716721,20061,home,1,4-2-3-1,1,0,20,283107,Hinata Miyazawa,Substitute,0,1,219947,17,219947.0,4380.0,73',0,0,-1,,,,2025-03-02 19:59:20
12837,716721,20061,home,1,4-2-3-1,1,0,1,323611,Kayla Rendell,Substitute,0,0,0,-1,,,,0,0,-1,,,,2025-03-02 19:59:20
12837,716721,20061,home,1,4-2-3-1,1,0,23,268325,Geyse,Substitute,0,1,328108,15,,,,0,0,-1,,,,2025-03-02 19:59:20
12837,716721,20061,home,1,4-2-3-1,1,0,39,332051,Safia Middleton-Patel,Substitute,0,0,0,-1,,,,0,0,-1,,,,2025-03-02 19:59:20
12837,716721,20061,home,1,4-2-3-1,1,0,48,397508,Mared Griffiths,Substitute,0,0,0,-1,,,,0,0,-1,,,,2025-03-02 19:59:20
12837,716721,20061,home,1,4-2-3-1,1,0,62,400033,Scarlett Hill,Substitute,0,0,0,-1,,,,0,0,-1,,,,2025-03-02 19:59:20
12837,716721,20061,home,1,4-2-3-1,1,0,59,401076,Tamira Livingston,Substitute,0,0,0,-1,,,,0,0,-1,,,,2025-03-02 19:59:20
12837,716721,20061,home,1,4-2-3-1,1,0,28,134423,Rachel Williams,Substitute,0,1,295670,9,295670.0,5100.0,85',0,0,-1,,,,2025-03-02 19:59:20
12837,716721,21036,away,0,4-2-3-1,1,1,1,328082,Janina Leitzig,Goalkeeper,1,0,0,-1,,,,0,0,-1,,,,2025-03-02 19:59:20
12837,716721,21036,away,0,4-2-3-1,1,1,4,219962,C.J. Bott,Right Back,2,0,0,-1,,,,0,0,-1,,,,2025-03-02 19:59:20
12837,716721,21036,away,0,4-2-3-1,1,1,12,304854,Asmita Ale,Left Back,3,0,0,-1,,,,0,0,-1,,,,2025-03-02 19:59:20
12837,716721,21036,away,0,4-2-3-1,1,1,30,302566,Ruby Mace,Left Midfielder,4,0,0,-1,,,,0,0,-1,,,,2025-03-02 19:59:20
12837,716721,21036,away,0,4-2-3-1,1,1,5,210382,Sophie Howard,Center Right Defender,5,0,0,-1,,,,0,0,-1,,,,2025-03-02 19:59:20
12837,716721,21036,away,0,4-2-3-1,1,1,17,317638,Julie Thibaud,Center Left Defender,6,0,0,-1,,,,0,0,-1,,,,2025-03-02 19:59:20
12837,716721,21036,away,0,4-2-3-1,1,1,28,344373,Shana Chossenotte,Attacking Midfielder Right,7,0,0,-1,,,,1,323505,27,323505.0,3720.0,62',2025-03-02 19:59:20
12837,716721,21036,away,0,4-2-3-1,1,1,3,323495,Sam Tierney,Right Midfielder,8,0,0,-1,,,,1,288888,6,288888.0,4560.0,76',2025-03-02 19:59:20
12837,716721,21036,away,0,4-2-3-1,1,1,14,270127,Hlin Eiriksdottir,Forward,9,0,0,-1,,,,1,256223,29,256223.0,2700.0,45',2025-03-02 19:59:20
12837,716721,21036,away,0,4-2-3-1,1,1,11,257569,Janice Cayman,Attacking Midfielder,10,0,0,-1,,,,1,323496,21,323496.0,3720.0,62',2025-03-02 19:59:20
12837,716721,21036,away,0,4-2-3-1,1,1,20,294600,Missy Goodwin,Attacking Midfielder Left,11,0,0,-1,,,,1,386685,53,386685.0,4560.0,76',2025-03-02 19:59:20
12837,716721,21036,away,0,4-2-3-1,1,0,2,300518,Courtney Nevin,Substitute,0,0,0,-1,,,,0,0,-1,,,,2025-03-02 19:59:20
12837,716721,21036,away,0,4-2-3-1,1,0,6,288888,Saori Takarada,Substitute,0,1,323495,3,323495.0,4560.0,76',0,0,-1,,,,2025-03-02 19:59:20
12837,716721,21036,away,0,4-2-3-1,1,0,29,256223,Yuka Momiki,Substitute,0,1,270127,14,270127.0,2700.0,45',0,0,-1,,,,2025-03-02 19:59:20
12837,716721,21036,away,0,4-2-3-1,1,0,21,323496,Hannah Cain,Substitute,0,1,257569,11,257569.0,3720.0,62',0,0,-1,,,,2025-03-02 19:59:20
12837,716721,21036,away,0,4-2-3-1,1,0,27,323505,Shannon O'Brien,Substitute,0,1,344373,28,344373.0,3720.0,62',0,0,-1,,,,2025-03-02 19:59:20
12837,716721,21036,away,0,4-2-3-1,1,0,31,248450,Chantelle Swaby,Substitute,0,0,0,-1,,,,0,0,-1,,,,2025-03-02 19:59:20
12837,716721,21036,away,0,4-2-3-1,1,0,7,235714,Deanne Rose,Substitute,0,0,0,-1,,,,0,0,-1,,,,2025-03-02 19:59:20
12837,716721,21036,away,0,4-2-3-1,1,0,53,386685,Nelly Las,Substitute,0,1,294600,20,294600.0,4560.0,76',0,0,-1,,,,2025-03-02 19:59:20
12837,716721,21036,away,0,4-2-3-1,1,0,13,288976,Olivia Clarke,Substitute,0,0,0,-1,,,,0,0,-1,,,,2025-03-02 19:59:20
12837,716722,19970,home,1,4-1-4-1,1,1,24,312460,Hannah Hampton,Goalkeeper,1,0,0,-1,,,,0,0,-1,,,,2025-03-06 12:55:37
12837,716722,19970,home,1,4-1-4-1,1,1,22,188448,Lucy Bronze,Right Back,2,0,0,-1,,,,0,0,-1,,,,2025-03-06 12:55:37
12837,716722,19970,home,1,4-1-4-1,1,1,21,312480,Niamh Charles,Left Back,3,0,0,-1,,,,0,0,-1,,,,2025-03-06 12:55:37
12837,716722,19970,home,1,4-1-4-1,1,1,27,317637,Oriane Jean-François,Defensive Midfielder,4,0,0,-1,,,,1,257545,8,257545.0,4200.0,70',2025-03-06 12:55:37
12837,716722,19970,home,1,4-1-4-1,1,1,4,248770,Millie Bright,Center Right Defender,5,0,0,-1,,,,0,0,-1,,,,2025-03-06 12:55:37
12837,716722,19970,home,1,4-1-4-1,1,1,14,255181,Nathalie Björn,Center Left Defender,6,0,0,-1,,,,1,119954,12,119954.0,3420.0,57',2025-03-06 12:55:37
12837,716722,19970,home,1,4-1-4-1,1,1,19,264735,Johanna Rytting Kaneryd,Right Midfielder,7,0,0,-1,,,,1,314382,6,314382.0,5100.0,85',2025-03-06 12:55:37
12837,716722,19970,home,1,4-1-4-1,1,1,23,351356,Maika Hamano,Center Right Midfielder,8,0,0,-1,,,,0,0,-1,,,,2025-03-06 12:55:37
12837,716722,19970,home,1,4-1-4-1,1,1,7,288680,Mayra Ramírez,Forward,9,0,0,-1,,,,0,0,-1,,,,2025-03-06 12:55:37
12837,716722,19970,home,1,4-1-4-1,1,1,9,261568,Catarina Macario,Center Left Midfielder,10,0,0,-1,,,,1,315453,18,315453.0,3420.0,57',2025-03-06 12:55:37
12837,716722,19970,home,1,4-1-4-1,1,1,33,313088,Aggie Beever-Jones,Left Midfielder,11,0,0,-1,,,,0,0,-1,,,,2025-03-06 12:55:37
12837,716722,19970,home,1,4-1-4-1,1,0,18,315453,Wieke Kaptein,Substitute,0,1,261568,9,261568.0,3420.0,57',0,0,-1,,,,2025-03-06 12:55:37
12837,716722,19970,home,1,4-1-4-1,1,0,6,314382,Sjoeke Nüsken,Substitute,0,1,264735,19,264735.0,5100.0,85',0,0,-1,,,,2025-03-06 12:55:37
12837,716722,19970,home,1,4-1-4-1,1,0,17,295673,Sandy Baltimore,Substitute,0,0,0,-1,,,,0,0,-1,,,,2025-03-06 12:55:37
12837,716722,19970,home,1,4-1-4-1,1,0,53,386624,Lola Brown,Substitute,0,0,0,-1,,,,0,0,-1,,,,2025-03-06 12:55:37
12837,716722,19970,home,1,4-1-4-1,1,0,2,293176,Mia Fishel,Substitute,0,0,0,-1,,,,0,0,-1,,,,2025-03-06 12:55:37
12837,716722,19970,home,1,4-1-4-1,1,0,38,286883,Rebecca Spencer,Substitute,0,0,0,-1,,,,0,0,-1,,,,2025-03-06 12:55:37
12837,716722,19970,home,1,4-1-4-1,1,0,8,257545,Erin Cuthbert,Substitute,0,1,317637,27,317637.0,4200.0,70',0,0,-1,,,,2025-03-06 12:55:37
12837,716722,19970,home,1,4-1-4-1,1,0,12,119954,Ashley Lawrence,Substitute,0,1,255181,14,255181.0,3420.0,57',0,0,-1,,,,2025-03-06 12:55:37
12837,716722,19970,home,1,4-1-4-1,1,0,10,294253,Lauren James,Substitute,0,0,0,-1,,,,0,0,-1,,,,2025-03-06 12:55:37
12837,716722,21036,away,0,4-2-3-1,1,1,1,328082,Janina Leitzig,Goalkeeper,1,0,0,-1,,,,0,0,-1,,,,2025-03-06 12:55:37
12837,716722,21036,away,0,4-2-3-1,1,1,12,304854,Asmita Ale,Right Back,2,0,0,-1,,,,0,0,-1,,,,2025-03-06 12:55:37
12837,716722,21036,away,0,4-2-3-1,1,1,2,300518,Courtney Nevin,Left Back,3,0,0,-1,,,,0,0,-1,,,,2025-03-06 12:55:37
12837,716722,21036,away,0,4-2-3-1,1,1,30,302566,Ruby Mace,Left Midfielder,4,0,0,-1,,,,1,288888,6,288888.0,2460.0,41',2025-03-06 12:55:37
12837,716722,21036,away,0,4-2-3-1,1,1,5,210382,Sophie Howard,Center Right Defender,5,0,0,-1,,,,0,0,-1,,,,2025-03-06 12:55:37
12837,716722,21036,away,0,4-2-3-1,1,1,17,317638,Julie Thibaud,Center Left Defender,6,0,0,-1,,,,0,0,-1,,,,2025-03-06 12:55:37
12837,716722,21036,away,0,4-2-3-1,1,1,21,323496,Hannah Cain,Attacking Midfielder Right,7,0,0,-1,,,,1,344373,28,344373.0,4860.0,81',2025-03-06 12:55:37
12837,716722,21036,away,0,4-2-3-1,1,1,11,257569,Janice Cayman,Right Midfielder,8,0,0,-1,,,,1,323495,3,323495.0,4860.0,81',2025-03-06 12:55:37
12837,716722,21036,away,0,4-2-3-1,1,1,27,323505,Shannon O'Brien,Forward,9,0,0,-1,,,,1,235714,7,235714.0,3960.0,66',2025-03-06 12:55:37
12837,716722,21036,away,0,4-2-3-1,1,1,29,256223,Yuka Momiki,Attacking Midfielder,10,0,0,-1,,,,0,0,-1,,,,2025-03-06 12:55:37
12837,716722,21036,away,0,4-2-3-1,1,1,20,294600,Missy Goodwin,Attacking Midfielder Left,11,0,0,-1,,,,1,386685,53,386685.0,3960.0,66',2025-03-06 12:55:37
12837,716722,21036,away,0,4-2-3-1,1,0,28,344373,Shana Chossenotte,Substitute,0,1,323496,21,323496.0,4860.0,81',0,0,-1,,,,2025-03-06 12:55:37
12837,716722,21036,away,0,4-2-3-1,1,0,53,386685,Nelly Las,Substitute,0,1,294600,20,294600.0,3960.0,66',0,0,-1,,,,2025-03-06 12:55:37
12837,716722,21036,away,0,4-2-3-1,1,0,25,395075,Karla Torres,Substitute,0,0,0,-1,,,,0,0,-1,,,,2025-03-06 12:55:37
12837,716722,21036,away,0,4-2-3-1,1,0,47,376668,Simone Sherwood,Substitute,0,0,0,-1,,,,0,0,-1,,,,2025-03-06 12:55:37
12837,716722,21036,away,0,4-2-3-1,1,0,13,288976,Olivia Clarke,Substitute,0,0,0,-1,,,,0,0,-1,,,,2025-03-06 12:55:37
12837,716722,21036,away,0,4-2-3-1,1,0,7,235714,Deanne Rose,Substitute,0,1,323505,27,323505.0,3960.0,66',0,0,-1,,,,2025-03-06 12:55:37
12837,716722,21036,away,0,4-2-3-1,1,0,6,288888,Saori Takarada,Substitute,0,1,302566,30,302566.0,2460.0,41',0,0,-1,,,,2025-03-06 12:55:37
12837,716722,21036,away,0,4-2-3-1,1,0,31,248450,Chantelle Swaby,Substitute,0,0,0,-1,,,,0,0,-1,,,,2025-03-06 12:55:37
12837,716722,21036,away,0,4-2-3-1,1,0,3,323495,Sam Tierney,Substitute,0,1,257569,11,257569.0,4860.0,81',0,0,-1,,,,2025-03-06 12:55:37
12837,716723,21037,home,1,4-3-1-2,1,1,30,224886,Shae Yanez,Goalkeeper,1,0,0,-1,,,,0,0,-1,,,,2025-03-17 04:47:52
12837,716723,21037,home,1,4-3-1-2,1,1,4,257534,Chloe Arthur,Right Back,2,0,0,-1,,,,0,0,-1,,,,2025-03-17 04:47:52
12837,716723,21037,home,1,4-3-1-2,1,1,23,288977,Lily Woodham,Left Back,3,0,0,-1,,,,0,0,-1,,,,2025-03-17 04:47:52
12837,716723,21037,home,1,4-3-1-2,1,1,8,324879,Molly-Mae Sharpe,Center Midfielder,4,0,0,-1,,,,0,0,-1,,,,2025-03-17 04:47:52
12837,716723,21037,home,1,4-3-1-2,1,1,29,262811,Allyson Swaby,Center Right Defender,5,0,0,-1,,,,0,0,-1,,,,2025-03-17 04:47:52
12837,716723,21037,home,1,4-3-1-2,1,1,25,284183,Aniek Nouwen,Center Left Defender,6,0,0,-1,,,,0,0,-1,,,,2025-03-17 04:47:52
12837,716723,21037,home,1,4-3-1-2,1,1,5,392348,My Cato,Right Midfielder,7,0,0,-1,,,,0,0,-1,,,,2025-03-17 04:47:52
12837,716723,21037,home,1,4-3-1-2,1,1,28,290269,Katie Stengel,Attacking Midfielder,8,0,0,-1,,,,0,0,-1,,,,2025-03-17 04:47:52
12837,716723,21037,home,1,4-3-1-2,1,1,11,314575,Ashleigh Weerden,Center Right Forward,9,0,0,-1,,,,1,328245,77,328245.0,5280.0,88',2025-03-17 04:47:52
12837,716723,21037,home,1,4-3-1-2,1,1,21,349219,Clarissa Laris­ey,Midfielder,10,0,0,-1,,,,1,265532,9,265532.0,5400.0,90'+2',2025-03-17 04:47:52
12837,716723,21037,home,1,4-3-1-2,1,1,27,336368,Abbie Larkin,Left Midfielder,11,0,0,-1,,,,0,0,-1,,,,2025-03-17 04:47:52
12837,716723,21037,home,1,4-3-1-2,1,0,19,335986,Milla-Maj Majasaari,,0,0,0,-1,,,,0,0,-1,,,,2025-03-17 04:47:52
12837,716723,21037,home,1,4-3-1-2,1,0,77,328245,Isibeal Atkinson,,0,1,314575,11,314575.0,5280.0,88',0,0,-1,,,,2025-03-17 04:47:52
12837,716723,21037,home,1,4-3-1-2,1,0,10,323499,Annabel Blanchard,,0,0,0,-1,,,,0,0,-1,,,,2025-03-17 04:47:52
12837,716723,21037,home,1,4-3-1-2,1,0,9,265532,Elise Hughes,,0,1,349219,21,349219.0,5400.0,90'+2',0,0,-1,,,,2025-03-17 04:47:52
12837,716723,21037,home,1,4-3-1-2,1,0,53,401717,Hope Thompson,,0,0,0,-1,,,,0,0,-1,,,,2025-03-17 04:47:52
12837,716723,21037,home,1,4-3-1-2,1,0,52,401715,Tecla Ezeh,,0,0,0,-1,,,,0,0,-1,,,,2025-03-17 04:47:52
12837,716723,21037,home,1,4-3-1-2,1,0,54,401716,Rosie Rowe,,0,0,0,-1,,,,0,0,-1,,,,2025-03-17 04:47:52
12837,716723,20707,away,0,4-2-3-1,1,1,1,209364,Sabrina D'Angelo,Goalkeeper,1,0,0,-1,,,,0,0,-1,,,,2025-03-17 04:47:52
12837,716723,20707,away,0,4-2-3-1,1,1,16,220024,Noelle Maritz,Right Back,2,0,0,-1,,,,1,312484,14,312484.0,3840.0,64',2025-03-17 04:47:52
12837,716723,20707,away,0,4-2-3-1,1,1,3,335782,Paula Tomás,Left Back,3,0,0,-1,,,,1,312497,33,312497.0,4740.0,79',2025-03-17 04:47:52
12837,716723,20707,away,0,4-2-3-1,1,1,22,317630,Jill Baijings,Left Midfielder,4,0,0,-1,,,,0,0,-1,,,,2025-03-17 04:47:52
12837,716723,20707,away,0,4-2-3-1,1,1,4,262611,Anna Patten,Center Right Defender,5,0,0,-1,,,,0,0,-1,,,,2025-03-17 04:47:52
12837,716723,20707,away,0,4-2-3-1,1,1,15,261804,Lucy Parker,Center Left Defender,6,0,0,-1,,,,0,0,-1,,,,2025-03-17 04:47:52
12837,716723,20707,away,0,4-2-3-1,1,1,23,309858,Chasity Grant,Attacking Midfielder Right,7,0,0,-1,,,,0,0,-1,,,,2025-03-17 04:47:52
12837,716723,20707,away,0,4-2-3-1,1,1,25,338756,Miri Taylor,Right Midfielder,8,0,0,-1,,,,1,323523,7,323523.0,3780.0,63',2025-03-17 04:47:52
12837,716723,20707,away,0,4-2-3-1,1,1,9,248769,Rachel Daly,Forward,9,0,0,-1,,,,1,257469,28,257469.0,3840.0,64',2025-03-17 04:47:52
12837,716723,20707,away,0,4-2-3-1,1,1,17,294246,Ebony Salmon,Attacking Midfielder,10,0,0,-1,,,,0,0,-1,,,,2025-03-17 04:47:52
12837,716723,20707,away,0,4-2-3-1,1,1,20,294252,Kirsty Hanson,Attacking Midfielder Left,11,0,0,-1,,,,1,178854,8,178854.0,3840.0,64',2025-03-17 04:47:52
12837,716723,20707,away,0,4-2-3-1,1,0,38,386828,Rachel Maltby,Substitute,0,0,0,-1,,,,0,0,-1,,,,2025-03-17 04:47:52
12837,716723,20707,away,0,4-2-3-1,1,0,30,351745,Katelin Talbert,Substitute,0,0,0,-1,,,,0,0,-1,,,,2025-03-17 04:47:52
12837,716723,20707,away,0,4-2-3-1,1,0,7,323523,Missy Bo Kearns,Substitute,0,1,338756,25,338756.0,3780.0,63',0,0,-1,,,,2025-03-17 04:47:52
12837,716723,20707,away,0,4-2-3-1,1,0,33,312497,Mayumi Pacheco,Substitute,0,1,335782,3,335782.0,4740.0,79',0,0,-1,,,,2025-03-17 04:47:52
12837,716723,20707,away,0,4-2-3-1,1,0,14,312484,Danielle Turner,Substitute,0,1,220024,16,220024.0,3840.0,64',0,0,-1,,,,2025-03-17 04:47:52
12837,716723,20707,away,0,4-2-3-1,1,0,11,312467,Katie Robinson,Substitute,0,0,0,-1,,,,0,0,-1,,,,2025-03-17 04:47:52
12837,716723,20707,away,0,4-2-3-1,1,0,28,257469,Gabi Nunes,Substitute,0,1,248769,9,248769.0,3840.0,64',0,0,-1,,,,2025-03-17 04:47:52
12837,716723,20707,away,0,4-2-3-1,1,0,8,178854,Jordan Nobbs,Substitute,0,1,294252,20,294252.0,3840.0,64',0,0,-1,,,,2025-03-17 04:47:52
12837,716724,19972,home,0,4-4-1-1,1,1,1,209174,Courtney Brosnan,Goalkeeper,1,0,0,-1,,,,0,0,-1,,,,2025-03-15 04:50:00
12837,716724,19972,home,0,4-4-1-1,1,1,3,134349,Maren Mjelde,Right Back,2,0,0,-1,,,,0,0,-1,,,,2025-03-15 04:50:00
12837,716724,19972,home,0,4-4-1-1,1,1,23,287392,Sara Holmgaard,Left Back,3,0,0,-1,,,,0,0,-1,,,,2025-03-15 04:50:00
12837,716724,19972,home,0,4-4-1-1,1,1,16,259315,Hayley Ladd,Center Right Midfielder,4,0,0,-1,,,,1,364520,47,364520.0,4500.0,75',2025-03-15 04:50:00
12837,716724,19972,home,0,4-4-1-1,1,1,5,334991,Martina Fernández,Center Right Defender,5,0,0,-1,,,,0,0,-1,,,,2025-03-15 04:50:00
12837,716724,19972,home,0,4-4-1-1,1,1,27,349927,Elise Stenevik,Center Left Defender,6,0,0,-1,,,,0,0,-1,,,,2025-03-15 04:50:00
12837,716724,19972,home,0,4-4-1-1,1,1,25,270037,Katja Snoeijs,Right Midfielder,7,0,0,-1,,,,1,300568,7,300568.0,3720.0,62',2025-03-15 04:50:00
12837,716724,19972,home,0,4-4-1-1,1,1,8,293328,Justine Vanhaevermaet,Center Left Midfielder,8,0,0,-1,,,,1,285191,28,285191.0,3780.0,63',2025-03-15 04:50:00
12837,716724,19972,home,0,4-4-1-1,1,1,29,392349,Kelly Gago,Forward,9,0,0,-1,,,,0,0,-1,,,,2025-03-15 04:50:00
12837,716724,19972,home,0,4-4-1-1,1,1,9,211151,Toni Payne,Rear Center Forward,10,0,0,-1,,,,1,255452,14,255452.0,4500.0,75',2025-03-15 04:50:00
12837,716724,19972,home,0,4-4-1-1,1,1,6,303336,Honoka Hayashi,Left Midfielder,11,0,0,-1,,,,1,361722,18,361722.0,5280.0,88',2025-03-15 04:50:00
12837,716724,19972,home,0,4-4-1-1,1,0,17,284939,Lucy Hope,Substitute,0,0,0,-1,,,,0,0,-1,,,,2025-03-15 04:50:00
12837,716724,19972,home,0,4-4-1-1,1,0,47,364520,Karoline Olesen,Substitute,0,1,259315,16,259315.0,4500.0,75',0,0,-1,,,,2025-03-15 04:50:00
12837,716724,19972,home,0,4-4-1-1,1,0,18,361722,Emma Watson,Substitute,0,1,303336,6,303336.0,5280.0,88',0,0,-1,,,,2025-03-15 04:50:00
12837,716724,19972,home,0,4-4-1-1,1,0,7,300568,Clare Wheeler,Substitute,0,1,270037,25,270037.0,3720.0,62',0,0,-1,,,,2025-03-15 04:50:00
12837,716724,19972,home,0,4-4-1-1,1,0,12,294254,Emily Ramsey,Substitute,0,0,0,-1,,,,0,0,-1,,,,2025-03-15 04:50:00
12837,716724,19972,home,0,4-4-1-1,1,0,19,291349,Heather Payne,Substitute,0,0,0,-1,,,,0,0,-1,,,,2025-03-15 04:50:00
12837,716724,19972,home,0,4-4-1-1,1,0,14,255452,Melissa Lawley,Substitute,0,1,211151,9,211151.0,4500.0,75',0,0,-1,,,,2025-03-15 04:50:00
12837,716724,19972,home,0,4-4-1-1,1,0,28,285191,Karen Holmgaard,Substitute,0,1,293328,8,293328.0,3780.0,63',0,0,-1,,,,2025-03-15 04:50:00
12837,716724,19972,home,0,4-4-1-1,1,0,21,312559,Veatriki Sarri,Substitute,0,0,0,-1,,,,0,0,-1,,,,2025-03-15 04:50:00
12837,716724,19973,away,1,4-2-3-1,1,1,1,252339,Manuela Zinsberger,Goalkeeper,1,0,0,-1,,,,0,0,-1,,,,2025-03-15 04:50:00
12837,716724,19973,away,1,4-2-3-1,1,1,2,263684,Emily Fox,Right Back,2,0,0,-1,,,,1,255416,17,255416.0,5160.0,86',2025-03-15 04:50:00
12837,716724,19973,away,1,4-2-3-1,1,1,11,219079,Katie McCabe,Left Back,3,0,0,-1,,,,0,0,-1,,,,2025-03-15 04:50:00
12837,716724,19973,away,1,4-2-3-1,1,1,13,220015,Lia Wälti,Left Midfielder,4,0,0,-1,,,,1,288907,32,288907.0,3720.0,62',2025-03-15 04:50:00
12837,716724,19973,away,1,4-2-3-1,1,1,6,268100,Leah Williamson,Center Right Defender,5,0,0,-1,,,,0,0,-1,,,,2025-03-15 04:50:00
12837,716724,19973,away,1,4-2-3-1,1,1,7,219822,Steph Catley,Center Left Defender,6,0,0,-1,,,,0,0,-1,,,,2025-03-15 04:50:00
12837,716724,19973,away,1,4-2-3-1,1,1,18,282993,Chloe Kelly,Attacking Midfielder Right,7,0,0,-1,,,,1,280982,9,280982.0,3660.0,61',2025-03-15 04:50:00
12837,716724,19973,away,1,4-2-3-1,1,1,10,176041,Kim Little,Right Midfielder,8,0,0,-1,,,,1,240274,25,240274.0,3660.0,61',2025-03-15 04:50:00
12837,716724,19973,away,1,4-2-3-1,1,1,23,263683,Alessia Russo,Forward,9,0,0,-1,,,,0,0,-1,,,,2025-03-15 04:50:00
12837,716724,19973,away,1,4-2-3-1,1,1,12,259331,Frida Maanum,Attacking Midfielder,10,0,0,-1,,,,1,158678,19,158678.0,3660.0,61',2025-03-15 04:50:00
12837,716724,19973,away,1,4-2-3-1,1,1,8,257473,Mariona Caldentey,Attacking Midfielder Left,11,0,0,-1,,,,0,0,-1,,,,2025-03-15 04:50:00
12837,716724,19973,away,1,4-2-3-1,1,0,32,288907,Kyra Cooney-Cross,Substitute,0,1,220015,13,220015.0,3720.0,62',0,0,-1,,,,2025-03-15 04:50:00
12837,716724,19973,away,1,4-2-3-1,1,0,22,292633,Jenna Nighswonger,Substitute,0,0,0,-1,,,,0,0,-1,,,,2025-03-15 04:50:00
12837,716724,19973,away,1,4-2-3-1,1,0,40,351240,Naomi Williams,Substitute,0,0,0,-1,,,,0,0,-1,,,,2025-03-15 04:50:00
12837,716724,19973,away,1,4-2-3-1,1,0,9,280982,Beth Mead,Substitute,0,1,282993,18,282993.0,3660.0,61',0,0,-1,,,,2025-03-15 04:50:00
12837,716724,19973,away,1,4-2-3-1,1,0,17,255416,Lina Hurtig,Substitute,0,1,263684,2,263684.0,5160.0,86',0,0,-1,,,,2025-03-15 04:50:00
12837,716724,19973,away,1,4-2-3-1,1,0,25,240274,Stina Blackstenius,Substitute,0,1,176041,10,176041.0,3660.0,61',0,0,-1,,,,2025-03-15 04:50:00
12837,716724,19973,away,1,4-2-3-1,1,0,28,188004,Amanda Ilestedt,Substitute,0,0,0,-1,,,,0,0,-1,,,,2025-03-15 04:50:00
12837,716724,19973,away,1,4-2-3-1,1,0,19,158678,Caitlin Foord,Substitute,0,1,259331,12,259331.0,3660.0,61',0,0,-1,,,,2025-03-15 04:50:00
12837,716724,19973,away,1,4-2-3-1,1,0,21,270056,Victoria Pelova,Substitute,0,0,0,-1,,,,0,0,-1,,,,2025-03-15 04:50:00
12837,716725,19971,home,1,4-2-3-1,1,1,1,230835,Rachael Laws,Goalkeeper,1,0,0,-1,,,,0,0,-1,,,,2025-03-15 04:50:00
12837,716725,19971,home,1,4-2-3-1,1,1,12,323520,Taylor Hinds,Right Back,2,0,0,-1,,,,0,0,-1,,,,2025-03-15 04:50:00
12837,716725,19971,home,1,4-2-3-1,1,1,29,311207,Alejandra Bernabe,Left Back,3,0,0,-1,,,,0,0,-1,,,,2025-03-15 04:50:00
12837,716725,19971,home,1,4-2-3-1,1,1,8,282995,Fuka Nagano,Left Midfielder,4,0,0,-1,,,,0,0,-1,,,,2025-03-15 04:50:00
12837,716725,19971,home,1,4-2-3-1,1,1,17,305989,Jenna Clark,Center Right Defender,5,0,0,-1,,,,0,0,-1,,,,2025-03-15 04:50:00
12837,716725,19971,home,1,4-2-3-1,1,1,6,312477,Jasmine Matthews,Center Left Defender,6,0,0,-1,,,,1,259312,3,259312.0,4560.0,76',2025-03-15 04:50:00
12837,716725,19971,home,1,4-2-3-1,1,1,11,279337,Olivia Smith,Attacking Midfielder Right,7,0,0,-1,,,,1,325841,13,325841.0,4920.0,82',2025-03-15 04:50:00
12837,716725,19971,home,1,4-2-3-1,1,1,24,311039,Samantha Kerr,Right Midfielder,8,0,0,-1,,,,0,0,-1,,,,2025-03-15 04:50:00
12837,716725,19971,home,1,4-2-3-1,1,1,10,280992,Sophie Román Haug,Forward,9,0,0,-1,,,,0,0,-1,,,,2025-03-15 04:50:00
12837,716725,19971,home,1,4-2-3-1,1,1,14,314199,Marie Hobinger,Attacking Midfielder,10,0,0,-1,,,,0,0,-1,,,,2025-03-15 04:50:00
12837,716725,19971,home,1,4-2-3-1,1,1,7,389652,Cornelia Kapocs,Attacking Midfielder Left,11,0,0,-1,,,,1,257593,20,257593.0,5400.0,90'+3',2025-03-15 04:50:00
12837,716725,19971,home,1,4-2-3-1,1,0,20,257593,Yana Daniels,Substitute,0,1,389652,7,389652.0,5400.0,90'+3',0,0,-1,,,,2025-03-15 04:50:00
12837,716725,19971,home,1,4-2-3-1,1,0,36,384503,Zara Shaw,Substitute,0,0,0,-1,,,,0,0,-1,,,,2025-03-15 04:50:00
12837,716725,19971,home,1,4-2-3-1,1,0,19,338551,Julia Bartel,Substitute,0,0,0,-1,,,,0,0,-1,,,,2025-03-15 04:50:00
12837,716725,19971,home,1,4-2-3-1,1,0,13,325841,Mia Enderby,Substitute,0,1,279337,11,279337.0,4920.0,82',0,0,-1,,,,2025-03-15 04:50:00
12837,716725,19971,home,1,4-2-3-1,1,0,2,323518,Lucy Parry,Substitute,0,0,0,-1,,,,0,0,-1,,,,2025-03-15 04:50:00
12837,716725,19971,home,1,4-2-3-1,1,0,3,259312,Gemma Evans,Substitute,0,1,312477,6,312477.0,4560.0,76',0,0,-1,,,,2025-03-15 04:50:00
12837,716725,19971,home,1,4-2-3-1,1,0,16,243031,Teagan Micah,Substitute,0,0,0,-1,,,,0,0,-1,,,,2025-03-15 04:50:00
12837,716725,19971,home,1,4-2-3-1,1,0,5,219050,Niamh Fahey,Substitute,0,0,0,-1,,,,0,0,-1,,,,2025-03-15 04:50:00
12837,716725,20061,away,0,4-2-3-1,1,1,91,208938,Phallon Tullis-Joyce,Goalkeeper,1,0,0,-1,,,,0,0,-1,,,,2025-03-15 04:50:00
12837,716725,20061,away,0,4-2-3-1,1,1,14,267765,Jayde Riviere,Right Back,2,0,0,-1,,,,1,293411,5,293411.0,4140.0,69',2025-03-15 04:50:00
12837,716725,20061,away,0,4-2-3-1,1,1,3,268536,Gabby George,Left Back,3,0,0,-1,,,,1,359233,2,359233.0,3180.0,53',2025-03-15 04:50:00
12837,716725,20061,away,0,4-2-3-1,1,1,17,219947,Dominique Janssen,Left Midfielder,4,0,0,-1,,,,1,283107,20,283107.0,4140.0,69',2025-03-15 04:50:00
12837,716725,20061,away,0,4-2-3-1,1,1,4,312462,Maya Le Tissier,Center Right Defender,5,0,0,-1,,,,0,0,-1,,,,2025-03-15 04:50:00
12837,716725,20061,away,0,4-2-3-1,1,1,21,294257,Millie Turner,Center Left Defender,6,0,0,-1,,,,0,0,-1,,,,2025-03-15 04:50:00
12837,716725,20061,away,0,4-2-3-1,1,1,15,328108,Celin Bizet,Attacking Midfielder Right,7,0,0,-1,,,,0,0,-1,,,,2025-03-15 04:50:00
12837,716725,20061,away,0,4-2-3-1,1,1,8,306883,Grace Clinton,Right Midfielder,8,0,0,-1,,,,0,0,-1,,,,2025-03-15 04:50:00
12837,716725,20061,away,0,4-2-3-1,1,1,19,298669,Elisabeth Terland,Forward,9,0,0,-1,,,,0,0,-1,,,,2025-03-15 04:50:00
12837,716725,20061,away,0,4-2-3-1,1,1,7,294255,Ella Toone,Attacking Midfielder,10,0,0,-1,,,,1,134423,28,134423.0,4140.0,69',2025-03-15 04:50:00
12837,716725,20061,away,0,4-2-3-1,1,1,11,294256,Leah Galton,Attacking Midfielder Left,11,0,0,-1,,,,1,295670,9,295670.0,4620.0,77',2025-03-15 04:50:00
12837,716725,20061,away,0,4-2-3-1,1,0,39,332051,Safia Middleton-Patel,Substitute,0,0,0,-1,,,,0,0,-1,,,,2025-03-15 04:50:00
12837,716725,20061,away,0,4-2-3-1,1,0,2,359233,Anna Sandberg,Substitute,0,1,268536,3,268536.0,3180.0,53',0,0,-1,,,,2025-03-15 04:50:00
12837,716725,20061,away,0,4-2-3-1,1,0,20,283107,Hinata Miyazawa,Substitute,0,1,219947,17,219947.0,4140.0,69',0,0,-1,,,,2025-03-15 04:50:00
12837,716725,20061,away,0,4-2-3-1,1,0,5,293411,Aoife Mannion,Substitute,0,1,267765,14,267765.0,4140.0,69',0,0,-1,,,,2025-03-15 04:50:00
12837,716725,20061,away,0,4-2-3-1,1,0,16,268103,Lisa Naalsund,Substitute,0,0,0,-1,,,,0,0,-1,,,,2025-03-15 04:50:00
12837,716725,20061,away,0,4-2-3-1,1,0,28,134423,Rachel Williams,Substitute,0,1,294255,7,294255.0,4140.0,69',0,0,-1,,,,2025-03-15 04:50:00
12837,716725,20061,away,0,4-2-3-1,1,0,9,295670,Melvine Malard,Substitute,0,1,294256,11,294256.0,4620.0,77',0,0,-1,,,,2025-03-15 04:50:00
12837,716726,19975,home,0,3-4-2-1,1,1,1,296372,Kinga Szemik,Goalkeeper,1,0,0,-1,,,,0,0,-1,,,,2025-03-06 12:55:37
12837,716726,19975,home,0,3-4-2-1,1,1,18,310225,Anouk Denton,Right Midfielder,2,0,0,-1,,,,0,0,-1,,,,2025-03-06 12:55:37
12837,716726,19975,home,0,3-4-2-1,1,1,29,252347,Verena Hanshaw,Left Midfielder,3,0,0,-1,,,,0,0,-1,,,,2025-03-06 12:55:37
12837,716726,19975,home,0,3-4-2-1,1,1,14,235712,Shelina Zadorsky,Center Left Defender,4,0,0,-1,,,,1,362493,35,362493.0,3360.0,56',2025-03-06 12:55:37
12837,716726,19975,home,0,3-4-2-1,1,1,5,312251,Amber Tysiak,Center Defender,5,0,0,-1,,,,0,0,-1,,,,2025-03-06 12:55:37
12837,716726,19975,home,0,3-4-2-1,1,1,13,317807,Eva Nystrom,Center Right Defender,6,0,0,-1,,,,1,264860,17,264860.0,4380.0,73',2025-03-06 12:55:37
12837,716726,19975,home,0,3-4-2-1,1,1,4,349057,Oona Siren,Center Right Midfielder,7,0,0,-1,,,,0,0,-1,,,,2025-03-06 12:55:37
12837,716726,19975,home,0,3-4-2-1,1,1,22,219825,Katrina Gorry,Center Left Midfielder,8,0,0,-1,,,,1,259752,10,259752.0,4740.0,79',2025-03-06 12:55:37
12837,716726,19975,home,0,3-4-2-1,1,1,19,374905,Shekiera Martinez,Forward,9,0,0,-1,,,,1,298775,11,298775.0,2700.0,45',2025-03-06 12:55:37
12837,716726,19975,home,0,3-4-2-1,1,1,77,330350,Seraina Piubel,Center Right Forward,10,0,0,-1,,,,0,0,-1,,,,2025-03-06 12:55:37
12837,716726,19975,home,0,3-4-2-1,1,1,9,287317,Riko Ueki,Center Left Forward,11,0,0,-1,,,,0,0,-1,,,,2025-03-06 12:55:37
12837,716726,19975,home,0,3-4-2-1,1,0,35,362493,Princess Ademiluyi,Substitute,0,1,235712,14,235712.0,3360.0,56',0,0,-1,,,,2025-03-06 12:55:37
12837,716726,19975,home,0,3-4-2-1,1,0,7,350638,Marika Bergman-Lundin,Substitute,0,0,0,-1,,,,0,0,-1,,,,2025-03-06 12:55:37
12837,716726,19975,home,0,3-4-2-1,1,0,12,312486,Emma Harries,Substitute,0,0,0,-1,,,,0,0,-1,,,,2025-03-06 12:55:37
12837,716726,19975,home,0,3-4-2-1,1,0,25,312461,Megan Walsh,Substitute,0,0,0,-1,,,,0,0,-1,,,,2025-03-06 12:55:37
12837,716726,19975,home,0,3-4-2-1,1,0,11,298775,Manuela Paví,Substitute,0,1,374905,19,374905.0,2700.0,45',0,0,-1,,,,2025-03-06 12:55:37
12837,716726,19975,home,0,3-4-2-1,1,0,26,281682,Li Mengwen,Substitute,0,0,0,-1,,,,0,0,-1,,,,2025-03-06 12:55:37
12837,716726,19975,home,0,3-4-2-1,1,0,17,264860,Camila Sáez,Substitute,0,1,317807,13,317807.0,4380.0,73',0,0,-1,,,,2025-03-06 12:55:37
12837,716726,19975,home,0,3-4-2-1,1,0,10,259752,Dagný Brynjarsdóttir,Substitute,0,1,219825,22,219825.0,4740.0,79',0,0,-1,,,,2025-03-06 12:55:37
12837,716726,19975,home,0,3-4-2-1,1,0,2,257540,Kirsty Smith,Substitute,0,0,0,-1,,,,0,0,-1,,,,2025-03-06 12:55:37
12837,716726,19257,away,0,4-1-4-1,1,1,31,223470,Ayaka Yamashita,Goalkeeper,1,0,0,-1,,,,0,0,-1,,,,2025-03-06 12:55:37
12837,716726,19257,away,0,4-1-4-1,1,1,13,268324,Laura Wienroither,Right Back,2,0,0,-1,,,,0,0,-1,,,,2025-03-06 12:55:37
12837,716726,19257,away,0,4-1-4-1,1,1,18,309904,Kerstin Casparij,Left Back,3,0,0,-1,,,,1,249105,15,249105.0,2700.0,45',2025-03-06 12:55:37
12837,716726,19257,away,0,4-1-4-1,1,1,25,256228,Yui Hasegawa,Defensive Midfielder,4,0,0,-1,,,,0,0,-1,,,,2025-03-06 12:55:37
12837,716726,19257,away,0,4-1-4-1,1,1,28,353342,Gracie Prior,Center Right Defender,5,0,0,-1,,,,0,0,-1,,,,2025-03-06 12:55:37
12837,716726,19257,away,0,4-1-4-1,1,1,4,286338,Laia Aleixandri,Center Left Defender,6,0,0,-1,,,,0,0,-1,,,,2025-03-06 12:55:37
12837,716726,19257,away,0,4-1-4-1,1,1,14,281475,Kerolin,Right Midfielder,7,0,0,-1,,,,1,229456,7,229456.0,4320.0,72',2025-04-01 04:55:30
12837,716726,19257,away,0,4-1-4-1,1,1,16,296503,Jess Park,Center Right Midfielder,8,0,0,-1,,,,0,0,-1,,,,2025-03-06 12:55:37
12837,716726,19257,away,0,4-1-4-1,1,1,8,276165,Mary Fowler,Forward,9,0,0,-1,,,,0,0,-1,,,,2025-03-06 12:55:37
12837,716726,19257,away,0,4-1-4-1,1,1,10,219951,Jill Roord,Center Left Midfielder,10,0,0,-1,,,,1,219945,6,219945.0,4620.0,77',2025-03-06 12:55:37
12837,716726,19257,away,0,4-1-4-1,1,1,46,390468,Lily Murphy,Left Midfielder,11,0,0,-1,,,,1,261947,21,261947.0,3960.0,66',2025-03-06 12:55:37
12837,716726,19257,away,0,4-1-4-1,1,0,6,219945,Vivianne Miedema,Substitute,0,1,219951,10,219951.0,4620.0,77',0,0,-1,,,,2025-03-06 12:55:37
12837,716726,19257,away,0,4-1-4-1,1,0,21,261947,Khadija Shaw,Substitute,0,1,390468,46,390468.0,3960.0,66',0,0,-1,,,,2025-03-06 12:55:37
12837,716726,19257,away,0,4-1-4-1,1,0,15,249105,Leila Ouahabi,Substitute,0,1,309904,18,309904.0,2700.0,45',0,0,-1,,,,2025-03-06 12:55:37
12837,716726,19257,away,0,4-1-4-1,1,0,3,306881,Naomi Layzell,Substitute,0,0,0,-1,,,,0,0,-1,,,,2025-03-06 12:55:37
12837,716726,19257,away,0,4-1-4-1,1,0,35,314954,Khiara Keating,Substitute,0,0,0,-1,,,,0,0,-1,,,,2025-03-06 12:55:37
12837,716726,19257,away,0,4-1-4-1,1,0,12,352864,Eve Annets,Substitute,0,0,0,-1,,,,0,0,-1,,,,2025-03-06 12:55:37
12837,716726,19257,away,0,4-1-4-1,1,0,7,229456,Laura Coombs,Substitute,0,1,281475,14,281475.0,4320.0,72',0,0,-1,,,,2025-03-06 12:55:37
12837,716726,19257,away,0,4-1-4-1,1,0,53,380968,Mayzee Davies,Substitute,0,0,0,-1,,,,0,0,-1,,,,2025-03-06 12:55:37
12837,716726,19257,away,0,4-1-4-1,1,0,30,399001,Aemu Oyama,Substitute,0,0,0,-1,,,,0,0,-1,,,,2025-03-06 12:55:37
12837,716727,20062,home,0,4-2-3-1,1,1,1,264730,Lize Kop,Goalkeeper,1,0,0,-1,,,,0,0,-1,,,,2025-03-17 04:47:52
12837,716727,20062,home,0,4-2-3-1,1,1,3,323599,Ella Morris,Right Back,2,0,0,-1,,,,0,0,-1,,,,2025-03-17 04:47:52
12837,716727,20062,home,0,4-2-3-1,1,1,29,294265,Ashleigh Neville,Left Back,3,0,0,-1,,,,0,0,-1,,,,2025-03-17 04:47:52
12837,716727,20062,home,0,4-2-3-1,1,1,24,286882,Drew Spence,Left Midfielder,4,0,0,-1,,,,0,0,-1,,,,2025-03-17 04:47:52
12837,716727,20062,home,0,4-2-3-1,1,1,21,309086,Luana Bühler,Center Right Defender,5,0,0,-1,,,,0,0,-1,,,,2025-03-17 04:47:52
12837,716727,20062,home,0,4-2-3-1,1,1,5,312487,Molly Bartrip,Center Left Defender,6,0,0,-1,,,,0,0,-1,,,,2025-03-17 04:47:52
12837,716727,20062,home,0,4-2-3-1,1,1,13,349567,Matilda Vinberg,Attacking Midfielder Right,7,0,0,-1,,,,1,219818,8,219818.0,4260.0,71',2025-03-17 04:47:52
12837,716727,20062,home,0,4-2-3-1,1,1,25,267666,Eveliina Summanen,Right Midfielder,8,0,0,-1,,,,0,0,-1,,,,2025-03-17 04:47:52
12837,716727,20062,home,0,4-2-3-1,1,1,17,226804,Martha Thomas,Forward,9,0,0,-1,,,,1,320356,10,320356.0,4260.0,71',2025-03-17 04:47:52
12837,716727,20062,home,0,4-2-3-1,1,1,11,314963,Olivia Holdt,Attacking Midfielder,10,0,0,-1,,,,1,355373,31,355373.0,3420.0,57',2025-03-17 04:47:52
12837,716727,20062,home,0,4-2-3-1,1,1,6,314494,Amanda Nildén,Attacking Midfielder Left,11,0,0,-1,,,,1,294268,7,294268.0,3420.0,57',2025-03-17 04:47:52
12837,716727,20062,home,0,4-2-3-1,1,0,23,312494,Rosella Ayane,Substitute,0,0,0,-1,,,,0,0,-1,,,,2025-03-17 04:47:52
12837,716727,20062,home,0,4-2-3-1,1,0,14,311201,Anna Csiki,Substitute,0,0,0,-1,,,,0,0,-1,,,,2025-03-17 04:47:52
12837,716727,20062,home,0,4-2-3-1,1,0,27,301685,Eleanor Heeps,Substitute,0,0,0,-1,,,,0,0,-1,,,,2025-03-17 04:47:52
12837,716727,20062,home,0,4-2-3-1,1,0,7,294268,Jessica Naz,Substitute,0,1,314494,6,314494.0,3420.0,57',0,0,-1,,,,2025-03-17 04:47:52
12837,716727,20062,home,0,4-2-3-1,1,0,31,355373,Lenna Gunning-Williams,Substitute,0,1,314963,11,314963.0,3420.0,57',0,0,-1,,,,2025-03-17 04:47:52
12837,716727,20062,home,0,4-2-3-1,1,0,8,219818,Hayley Raso,Substitute,0,1,349567,13,349567.0,4260.0,71',0,0,-1,,,,2025-03-17 04:47:52
12837,716727,20062,home,0,4-2-3-1,1,0,12,314195,Josefine Rybrink,Substitute,0,0,0,-1,,,,0,0,-1,,,,2025-03-17 04:47:52
12837,716727,20062,home,0,4-2-3-1,1,0,10,320356,Maite Oroz,Substitute,0,1,226804,17,226804.0,4260.0,71',0,0,-1,,,,2025-03-17 04:47:52
12837,716727,20062,home,0,4-2-3-1,1,0,15,312233,Clare Hunt,Substitute,0,0,0,-1,,,,0,0,-1,,,,2025-03-17 04:47:52
12837,716727,19976,away,1,5-3-2,1,1,28,367224,Melina Loeck,Goalkeeper,1,0,0,-1,,,,0,0,-1,,,,2025-03-17 04:47:52
12837,716727,19976,away,1,5-3-2,1,1,27,257536,Rachel McLauchlan,Right Back,2,0,0,-1,,,,1,219939,8,219939.0,4500.0,75',2025-03-17 04:47:52
12837,716727,19976,away,1,5-3-2,1,1,19,309906,Marisa Olislagers,Left Back,3,0,0,-1,,,,0,0,-1,,,,2025-03-17 04:47:52
12837,716727,19976,away,1,5-3-2,1,1,3,294247,Poppy Pattinson,Center Left Defender,4,0,0,-1,,,,0,0,-1,,,,2025-03-17 04:47:52
12837,716727,19976,away,1,5-3-2,1,1,5,213937,Guro Bergsvand,Center Defender,5,0,0,-1,,,,0,0,-1,,,,2025-03-17 04:47:52
12837,716727,19976,away,1,5-3-2,1,1,2,219987,Maria Thorisdottir,Center Right Defender,6,0,0,-1,,,,0,0,-1,,,,2025-03-17 04:47:52
12837,716727,19976,away,1,5-3-2,1,1,14,219773,Fran Kirby,Center Right Midfielder,7,0,0,-1,,,,1,350678,59,350678.0,4500.0,75',2025-03-17 04:47:52
12837,716727,19976,away,1,5-3-2,1,1,18,313706,Maisie Symonds,Center Midfielder,8,0,0,-1,,,,0,0,-1,,,,2025-03-17 04:47:52
12837,716727,19976,away,1,5-3-2,1,1,9,246314,Nikita Parris,Center Left Forward,9,0,0,-1,,,,0,0,-1,,,,2025-03-17 04:47:52
12837,716727,19976,away,1,5-3-2,1,1,21,261578,Madison Haley,Center Right Forward,10,0,0,-1,,,,0,0,-1,,,,2025-03-17 04:47:52
12837,716727,19976,away,1,5-3-2,1,1,15,309978,Nadine Noordam,Center Left Midfielder,11,0,0,-1,,,,0,0,-1,,,,2025-03-17 04:47:52
12837,716727,19976,away,1,5-3-2,1,0,32,249106,Sophie Baggaley,Substitute,0,0,0,-1,,,,0,0,-1,,,,2025-03-17 04:47:52
12837,716727,19976,away,1,5-3-2,1,0,59,350678,Michelle Agyemang,Substitute,0,1,219773,14,219773.0,4500.0,75',0,0,-1,,,,2025-03-17 04:47:52
12837,716727,19976,away,1,5-3-2,1,0,7,350639,Aisha Masaka,Substitute,0,0,0,-1,,,,0,0,-1,,,,2025-03-17 04:47:52
12837,716727,19976,away,1,5-3-2,1,0,22,339641,Dejana Stefanovic,Substitute,0,0,0,-1,,,,0,0,-1,,,,2025-03-17 04:47:52
12837,716727,19976,away,1,5-3-2,1,0,23,324775,Marit Auée,Substitute,0,0,0,-1,,,,0,0,-1,,,,2025-03-17 04:47:52
12837,716727,19976,away,1,5-3-2,1,0,33,312215,Charlize Rule,Substitute,0,0,0,-1,,,,0,0,-1,,,,2025-03-17 04:47:52
12837,716727,19976,away,1,5-3-2,1,0,11,296778,Kiko Seike,Substitute,0,0,0,-1,,,,0,0,-1,,,,2025-03-17 04:47:52
12837,716727,19976,away,1,5-3-2,1,0,8,219939,Pauline Bremer,Substitute,0,1,257536,27,257536.0,4500.0,75',0,0,-1,,,,2025-03-17 04:47:52
12837,716727,19976,away,1,5-3-2,1,0,12,367065,Caitlin Hayes,Substitute,0,0,0,-1,,,,0,0,-1,,,,2025-03-17 04:47:52
12837,716728,19972,home,1,4-4-2,1,1,1,209174,Courtney Brosnan,Goalkeeper,1,0,0,-1,,,,0,0,-1,,,,2025-03-22 21:40:01
12837,716728,19972,home,1,4-4-2,1,1,19,291349,Heather Payne,Right Back,2,0,0,-1,,,,1,284939,17,284939.0,4200.0,70',2025-03-22 21:40:01
12837,716728,19972,home,1,4-4-2,1,1,23,287392,Sara Holmgaard,Left Back,3,0,0,-1,,,,0,0,-1,,,,2025-03-22 21:40:01
12837,716728,19972,home,1,4-4-2,1,1,16,259315,Hayley Ladd,Center Right Midfielder,4,0,0,-1,,,,1,285191,28,285191.0,5400.0,90'+1',2025-03-22 21:40:01
12837,716728,19972,home,1,4-4-2,1,1,3,134349,Maren Mjelde,Center Right Defender,5,0,0,-1,,,,0,0,-1,,,,2025-03-22 21:40:01
12837,716728,19972,home,1,4-4-2,1,1,5,334991,Martina Fernández,Center Left Defender,6,0,0,-1,,,,0,0,-1,,,,2025-03-22 21:40:01
12837,716728,19972,home,1,4-4-2,1,1,25,270037,Katja Snoeijs,Right Midfielder,7,0,0,-1,,,,1,312559,21,312559.0,4200.0,70',2025-03-22 21:40:01
12837,716728,19972,home,1,4-4-2,1,1,6,303336,Honoka Hayashi,Center Left Midfielder,8,0,0,-1,,,,1,285178,26,,,,2025-03-22 21:40:01
12837,716728,19972,home,1,4-4-2,1,1,29,392349,Kelly Gago,Center Left Forward,9,0,0,-1,,,,0,0,-1,,,,2025-03-22 21:40:01
12837,716728,19972,home,1,4-4-2,1,1,9,211151,Toni Payne,Center Right Forward,10,0,0,-1,,,,1,255452,14,255452.0,4980.0,83',2025-03-22 21:40:01
12837,716728,19972,home,1,4-4-2,1,1,8,293328,Justine Vanhaevermaet,Left Midfielder,11,0,0,-1,,,,0,0,-1,,,,2025-03-22 21:40:01
12837,716728,19972,home,1,4-4-2,1,0,47,364520,Karoline Olesen,Substitute,0,0,0,-1,,,,0,0,-1,,,,2025-03-22 21:40:01
12837,716728,19972,home,1,4-4-2,1,0,18,361722,Emma Watson,Substitute,0,0,0,-1,,,,0,0,-1,,,,2025-03-22 21:40:01
12837,716728,19972,home,1,4-4-2,1,0,14,255452,Melissa Lawley,Substitute,0,1,211151,9,211151.0,4980.0,83',0,0,-1,,,,2025-03-22 21:40:01
12837,716728,19972,home,1,4-4-2,1,0,27,349927,Elise Stenevik,Substitute,0,0,0,-1,,,,0,0,-1,,,,2025-03-22 21:40:01
12837,716728,19972,home,1,4-4-2,1,0,12,294254,Emily Ramsey,Substitute,0,0,0,-1,,,,0,0,-1,,,,2025-03-22 21:40:01
12837,716728,19972,home,1,4-4-2,1,0,21,312559,Veatriki Sarri,Substitute,0,1,270037,25,270037.0,4200.0,70',0,0,-1,,,,2025-03-22 21:40:01
12837,716728,19972,home,1,4-4-2,1,0,17,284939,Lucy Hope,Substitute,0,1,291349,19,291349.0,4200.0,70',0,0,-1,,,,2025-03-22 21:40:01
12837,716728,19972,home,1,4-4-2,1,0,28,285191,Karen Holmgaard,Substitute,0,1,259315,16,259315.0,5400.0,90'+1',0,0,-1,,,,2025-03-22 21:40:01
12837,716728,19972,home,1,4-4-2,1,0,26,285178,Rikke Madsen,Substitute,0,1,303336,6,303336.0,4980.0,83',0,0,-1,,,,2025-03-22 21:40:01
12837,716728,21037,away,0,4-4-2,1,1,30,224886,Shae Yanez,Goalkeeper,1,0,0,-1,,,,0,0,-1,,,,2025-03-22 21:40:01
12837,716728,21037,away,0,4-4-2,1,1,14,259626,Josie Green,Right Back,2,0,0,-1,,,,1,300434,20,300434.0,3600.0,60',2025-03-22 21:40:01
12837,716728,21037,away,0,4-4-2,1,1,23,288977,Lily Woodham,Left Back,3,0,0,-1,,,,1,323499,10,323499.0,4740.0,79',2025-03-22 21:40:01
12837,716728,21037,away,0,4-4-2,1,1,5,392348,My Cato,Center Right Midfielder,4,0,0,-1,,,,0,0,-1,,,,2025-03-22 21:40:01
12837,716728,21037,away,0,4-4-2,1,1,29,262811,Allyson Swaby,Center Right Defender,5,0,0,-1,,,,0,0,-1,,,,2025-03-22 21:40:01
12837,716728,21037,away,0,4-4-2,1,1,25,284183,Aniek Nouwen,Center Left Defender,6,0,0,-1,,,,0,0,-1,,,,2025-03-22 21:40:01
12837,716728,21037,away,0,4-4-2,1,1,11,314575,Ashleigh Weerden,Right Midfielder,7,0,0,-1,,,,1,328245,77,328245.0,5160.0,86',2025-03-22 21:40:01
12837,716728,21037,away,0,4-4-2,1,1,17,377622,Lexi Potter,Center Left Midfielder,8,0,0,-1,,,,0,0,-1,,,,2025-03-22 21:40:01
12837,716728,21037,away,0,4-4-2,1,1,28,290269,Katie Stengel,Center Left Forward,9,0,0,-1,,,,0,0,-1,,,,2025-03-22 21:40:01
12837,716728,21037,away,0,4-4-2,1,1,21,349219,Clarissa Laris­ey,Center Right Forward,10,0,0,-1,,,,1,265532,9,265532.0,5160.0,86',2025-03-22 21:40:01
12837,716728,21037,away,0,4-4-2,1,1,27,336368,Abbie Larkin,Left Midfielder,11,0,0,-1,,,,1,140056,2,140056.0,2700.0,45',2025-03-22 21:40:01
12837,716728,21037,away,0,4-4-2,1,0,15,296781,Hayley Nolan,Substitute,0,0,0,-1,,,,0,0,-1,,,,2025-03-22 21:40:01
12837,716728,21037,away,0,4-4-2,1,0,2,140056,Katrine Veje,Substitute,0,1,336368,27,336368.0,2700.0,45',0,0,-1,,,,2025-03-22 21:40:01
12837,716728,21037,away,0,4-4-2,1,0,4,257534,Chloe Arthur,Substitute,0,0,0,-1,,,,0,0,-1,,,,2025-03-22 21:40:01
12837,716728,21037,away,0,4-4-2,1,0,9,265532,Elise Hughes,Substitute,0,1,349219,21,349219.0,5160.0,86',0,0,-1,,,,2025-03-22 21:40:01
12837,716728,21037,away,0,4-4-2,1,0,20,300434,Indiah-Paige Riley,Substitute,0,1,259626,14,259626.0,3600.0,60',0,0,-1,,,,2025-03-22 21:40:01
12837,716728,21037,away,0,4-4-2,1,0,19,335986,Milla-Maj Majasaari,Substitute,0,0,0,-1,,,,0,0,-1,,,,2025-03-22 21:40:01
12837,716728,21037,away,0,4-4-2,1,0,77,328245,Isibeal Atkinson,Substitute,0,1,314575,11,314575.0,5160.0,86',0,0,-1,,,,2025-03-22 21:40:01
12837,716728,21037,away,0,4-4-2,1,0,8,324879,Molly-Mae Sharpe,Substitute,0,0,0,-1,,,,0,0,-1,,,,2025-03-22 21:40:01
12837,716728,21037,away,0,4-4-2,1,0,10,323499,Annabel Blanchard,Substitute,0,1,288977,23,288977.0,4740.0,79',0,0,-1,,,,2025-03-22 21:40:01
12837,716729,20707,home,0,5-3-2,1,1,1,209364,Sabrina D'Angelo,Goalkeeper,1,0,0,-1,,,,0,0,-1,,,,2025-03-24 04:55:09
12837,716729,20707,home,0,5-3-2,1,1,23,309858,Chasity Grant,Right Back,2,0,0,-1,,,,1,312467,11,312467.0,4920.0,82',2025-03-24 04:55:09
12837,716729,20707,home,0,5-3-2,1,1,3,335782,Paula Tomás,Left Back,3,0,0,-1,,,,1,377185,37,377185.0,4560.0,76',2025-03-24 04:55:09
12837,716729,20707,home,0,5-3-2,1,1,14,312484,Danielle Turner,Center Left Defender,4,0,0,-1,,,,1,312497,33,312497.0,3600.0,60',2025-03-24 04:55:09
12837,716729,20707,home,0,5-3-2,1,1,4,262611,Anna Patten,Center Defender,5,0,0,-1,,,,0,0,-1,,,,2025-03-24 04:55:09
12837,716729,20707,home,0,5-3-2,1,1,15,261804,Lucy Parker,Center Right Defender,6,0,0,-1,,,,0,0,-1,,,,2025-03-24 04:55:09
12837,716729,20707,home,0,5-3-2,1,1,7,323523,Missy Bo Kearns,Center Right Midfielder,7,0,0,-1,,,,0,0,-1,,,,2025-03-24 04:55:09
12837,716729,20707,home,0,5-3-2,1,1,8,178854,Jordan Nobbs,Center Midfielder,8,0,0,-1,,,,0,0,-1,,,,2025-03-24 04:55:09
12837,716729,20707,home,0,5-3-2,1,1,28,257469,Gabi Nunes,Center Left Forward,9,0,0,-1,,,,1,294246,17,294246.0,3600.0,60',2025-03-24 04:55:09
12837,716729,20707,home,0,5-3-2,1,1,9,248769,Rachel Daly,Center Right Forward,10,0,0,-1,,,,0,0,-1,,,,2025-03-24 04:55:09
12837,716729,20707,home,0,5-3-2,1,1,22,317630,Jill Baijings,Center Left Midfielder,11,0,0,-1,,,,1,280984,5,280984.0,3600.0,60',2025-03-24 04:55:09
12837,716729,20707,home,0,5-3-2,1,0,5,280984,Lucy Staniforth,Substitute,0,1,317630,22,317630.0,3600.0,60',0,0,-1,,,,2025-03-24 04:55:09
12837,716729,20707,home,0,5-3-2,1,0,17,294246,Ebony Salmon,Substitute,0,1,257469,28,257469.0,3600.0,60',0,0,-1,,,,2025-03-24 04:55:09
12837,716729,20707,home,0,5-3-2,1,0,33,312497,Mayumi Pacheco,Substitute,0,1,312484,14,312484.0,3600.0,60',0,0,-1,,,,2025-03-24 04:55:09
12837,716729,20707,home,0,5-3-2,1,0,20,294252,Kirsty Hanson,Substitute,0,0,0,-1,,,,0,0,-1,,,,2025-03-24 04:55:09
12837,716729,20707,home,0,5-3-2,1,0,11,312467,Katie Robinson,Substitute,0,1,309858,23,309858.0,4920.0,82',0,0,-1,,,,2025-03-24 04:55:09
12837,716729,20707,home,0,5-3-2,1,0,38,386828,Rachel Maltby,Substitute,0,0,0,-1,,,,0,0,-1,,,,2025-03-24 04:55:09
12837,716729,20707,home,0,5-3-2,1,0,37,377185,Lydia Sallaway,Substitute,0,1,335782,3,335782.0,4560.0,76',0,0,-1,,,,2025-03-24 04:55:09
12837,716729,20707,home,0,5-3-2,1,0,25,338756,Miri Taylor,Substitute,0,0,0,-1,,,,0,0,-1,,,,2025-03-24 04:55:09
12837,716729,20707,home,0,5-3-2,1,0,30,351745,Katelin Talbert,Substitute,0,0,0,-1,,,,0,0,-1,,,,2025-03-24 04:55:09
12837,716729,20061,away,1,4-2-3-1,1,1,91,208938,Phallon Tullis-Joyce,Goalkeeper,1,0,0,-1,,,,0,0,-1,,,,2025-03-24 04:55:09
12837,716729,20061,away,1,4-2-3-1,1,1,14,267765,Jayde Riviere,Right Back,2,0,0,-1,,,,1,293411,5,293411.0,5280.0,88',2025-03-24 04:55:09
12837,716729,20061,away,1,4-2-3-1,1,1,3,268536,Gabby George,Left Back,3,0,0,-1,,,,1,359233,2,359233.0,4140.0,69',2025-03-24 04:55:09
12837,716729,20061,away,1,4-2-3-1,1,1,3,268536,Gabby George,Left Back,3,0,0,-1,,,,1,359233,2,359233.0,2700.0,45',2025-03-24 04:55:09
12837,716729,20061,away,1,4-2-3-1,1,1,20,283107,Hinata Miyazawa,Left Midfielder,4,0,0,-1,,,,0,0,-1,,,,2025-03-24 04:55:09
12837,716729,20061,away,1,4-2-3-1,1,1,4,312462,Maya Le Tissier,Center Right Defender,5,0,0,-1,,,,0,0,-1,,,,2025-03-24 04:55:09
12837,716729,20061,away,1,4-2-3-1,1,1,21,294257,Millie Turner,Center Left Defender,6,0,0,-1,,,,0,0,-1,,,,2025-03-24 04:55:09
12837,716729,20061,away,1,4-2-3-1,1,1,15,328108,Celin Bizet,Attacking Midfielder Right,7,0,0,-1,,,,1,295670,9,295670.0,3360.0,56',2025-03-24 04:55:09
12837,716729,20061,away,1,4-2-3-1,1,1,8,306883,Grace Clinton,Right Midfielder,8,0,0,-1,,,,0,0,-1,,,,2025-03-24 04:55:09
12837,716729,20061,away,1,4-2-3-1,1,1,19,298669,Elisabeth Terland,Forward,9,0,0,-1,,,,0,0,-1,,,,2025-03-24 04:55:09
12837,716729,20061,away,1,4-2-3-1,1,1,7,294255,Ella Toone,Attacking Midfielder,10,0,0,-1,,,,0,0,-1,,,,2025-03-24 04:55:09
12837,716729,20061,away,1,4-2-3-1,1,1,11,294256,Leah Galton,Attacking Midfielder Left,11,0,0,-1,,,,0,0,-1,,,,2025-03-24 04:55:09
12837,716729,20061,away,1,4-2-3-1,1,0,39,332051,Safia Middleton-Patel,Substitute,0,0,0,-1,,,,0,0,-1,,,,2025-03-24 04:55:09
12837,716729,20061,away,1,4-2-3-1,1,0,13,349220,Simi Awujo,Substitute,0,0,0,-1,,,,0,0,-1,,,,2025-03-24 04:55:09
12837,716729,20061,away,1,4-2-3-1,1,0,2,359233,Anna Sandberg,Substitute,0,1,268536,3,268536.0,2700.0,45',1,134423,28,134423.0,4140.0,69',2025-03-24 04:55:09
12837,716729,20061,away,1,4-2-3-1,1,0,1,323611,Kayla Rendell,Substitute,0,0,0,-1,,,,0,0,-1,,,,2025-03-24 04:55:09
12837,716729,20061,away,1,4-2-3-1,1,0,9,295670,Melvine Malard,Substitute,0,1,328108,15,,,,0,0,-1,,,,2025-03-24 04:55:09
12837,716729,20061,away,1,4-2-3-1,1,0,5,293411,Aoife Mannion,Substitute,0,1,267765,14,267765.0,5280.0,88',0,0,-1,,,,2025-03-24 04:55:09
12837,716729,20061,away,1,4-2-3-1,1,0,16,268103,Lisa Naalsund,Substitute,0,0,0,-1,,,,0,0,-1,,,,2025-03-24 04:55:09
12837,716729,20061,away,1,4-2-3-1,1,0,17,219947,Dominique Janssen,Substitute,0,0,0,-1,,,,0,0,-1,,,,2025-03-24 04:55:09
12837,716729,20061,away,1,4-2-3-1,1,0,28,134423,Rachel Williams,Substitute,0,1,359233,2,359233.0,4140.0,69',0,0,-1,,,,2025-03-24 04:55:09
12837,716729,20061,away,1,4-2-3-1,1,0,28,134423,Rachel Williams,Substitute,0,1,359233,2,359233.0,2700.0,45',0,0,-1,,,,2025-03-24 04:55:09
12837,716730,21036,home,1,4-2-3-1,1,1,1,328082,Janina Leitzig,Goalkeeper,1,0,0,-1,,,,0,0,-1,,,,2025-03-24 04:55:09
12837,716730,21036,home,1,4-2-3-1,1,1,17,317638,Julie Thibaud,Right Back,2,0,0,-1,,,,0,0,-1,,,,2025-03-24 04:55:09
12837,716730,21036,home,1,4-2-3-1,1,1,12,304854,Asmita Ale,Left Back,3,0,0,-1,,,,0,0,-1,,,,2025-03-24 04:55:09
12837,716730,21036,home,1,4-2-3-1,1,1,11,257569,Janice Cayman,Left Midfielder,4,0,0,-1,,,,0,0,-1,,,,2025-03-24 04:55:09
12837,716730,21036,home,1,4-2-3-1,1,1,5,210382,Sophie Howard,Center Right Defender,5,0,0,-1,,,,0,0,-1,,,,2025-03-24 04:55:09
12837,716730,21036,home,1,4-2-3-1,1,1,31,248450,Chantelle Swaby,Center Left Defender,6,0,0,-1,,,,0,0,-1,,,,2025-03-24 04:55:09
12837,716730,21036,home,1,4-2-3-1,1,1,21,323496,Hannah Cain,Attacking Midfielder Right,7,0,0,-1,,,,1,219962,4,219962.0,5160.0,86',2025-03-24 04:55:09
12837,716730,21036,home,1,4-2-3-1,1,1,3,323495,Sam Tierney,Right Midfielder,8,0,0,-1,,,,1,386685,53,386685.0,5160.0,86',2025-03-24 04:55:09
12837,716730,21036,home,1,4-2-3-1,1,1,27,323505,Shannon O'Brien,Forward,9,0,0,-1,,,,1,395075,25,395075.0,4620.0,77',2025-03-24 04:55:09
12837,716730,21036,home,1,4-2-3-1,1,1,6,288888,Saori Takarada,Attacking Midfielder,10,0,0,-1,,,,1,256223,29,256223.0,3780.0,63',2025-03-24 04:55:09
12837,716730,21036,home,1,4-2-3-1,1,1,28,344373,Shana Chossenotte,Attacking Midfielder Left,11,0,0,-1,,,,1,235714,7,235714.0,3780.0,63',2025-03-24 04:55:09
12837,716730,21036,home,1,4-2-3-1,1,0,2,300518,Courtney Nevin,Substitute,0,0,0,-1,,,,0,0,-1,,,,2025-03-24 04:55:09
12837,716730,21036,home,1,4-2-3-1,1,0,53,386685,Nelly Las,Substitute,0,1,323495,3,323495.0,5160.0,86',0,0,-1,,,,2025-03-24 04:55:09
12837,716730,21036,home,1,4-2-3-1,1,0,14,270127,Hlin Eiriksdottir,Substitute,0,0,0,-1,,,,0,0,-1,,,,2025-03-24 04:55:09
12837,716730,21036,home,1,4-2-3-1,1,0,25,395075,Karla Torres,Substitute,0,1,323505,27,323505.0,4620.0,77',0,0,-1,,,,2025-03-24 04:55:09
12837,716730,21036,home,1,4-2-3-1,1,0,29,256223,Yuka Momiki,Substitute,0,1,288888,6,288888.0,3780.0,63',0,0,-1,,,,2025-03-24 04:55:09
12837,716730,21036,home,1,4-2-3-1,1,0,7,235714,Deanne Rose,Substitute,0,1,344373,28,344373.0,3780.0,63',0,0,-1,,,,2025-03-24 04:55:09
12837,716730,21036,home,1,4-2-3-1,1,0,4,219962,C.J. Bott,Substitute,0,1,323496,21,323496.0,5160.0,86',0,0,-1,,,,2025-03-24 04:55:09
12837,716730,21036,home,1,4-2-3-1,1,0,13,288976,Olivia Clarke,Substitute,0,0,0,-1,,,,0,0,-1,,,,2025-03-24 04:55:09
12837,716730,19976,away,0,5-3-2,1,1,28,367224,Melina Loeck,Goalkeeper,1,0,0,-1,,,,0,0,-1,,,,2025-03-24 04:55:09
12837,716730,19976,away,0,5-3-2,1,1,27,257536,Rachel McLauchlan,Right Back,2,0,0,-1,,,,1,324775,23,324775.0,2700.0,45',2025-03-24 04:55:09
12837,716730,19976,away,0,5-3-2,1,1,19,309906,Marisa Olislagers,Left Back,3,0,0,-1,,,,1,296778,11,296778.0,2700.0,45',2025-03-24 04:55:09
12837,716730,19976,away,0,5-3-2,1,1,3,294247,Poppy Pattinson,Center Left Defender,4,0,0,-1,,,,0,0,-1,,,,2025-03-24 04:55:09
12837,716730,19976,away,0,5-3-2,1,1,5,213937,Guro Bergsvand,Center Defender,5,0,0,-1,,,,0,0,-1,,,,2025-03-24 04:55:09
12837,716730,19976,away,0,5-3-2,1,1,2,219987,Maria Thorisdottir,Center Right Defender,6,0,0,-1,,,,1,219939,8,219939.0,5400.0,90',2025-03-24 04:55:09
12837,716730,19976,away,0,5-3-2,1,1,14,219773,Fran Kirby,Center Right Midfielder,7,0,0,-1,,,,0,0,-1,,,,2025-03-24 04:55:09
12837,716730,19976,away,0,5-3-2,1,1,18,313706,Maisie Symonds,Center Midfielder,8,0,0,-1,,,,1,339641,22,339641.0,4260.0,71',2025-03-24 04:55:09
12837,716730,19976,away,0,5-3-2,1,1,9,246314,Nikita Parris,Center Left Forward,9,0,0,-1,,,,0,0,-1,,,,2025-03-24 04:55:09
12837,716730,19976,away,0,5-3-2,1,1,21,261578,Madison Haley,Center Right Forward,10,0,0,-1,,,,0,0,-1,,,,2025-03-24 04:55:09
12837,716730,19976,away,0,5-3-2,1,1,15,309978,Nadine Noordam,Center Left Midfielder,11,0,0,-1,,,,1,350678,59,350678.0,4260.0,71',2025-03-24 04:55:09
12837,716730,19976,away,0,5-3-2,1,0,12,367065,Caitlin Hayes,Substitute,0,0,0,-1,,,,0,0,-1,,,,2025-03-24 04:55:09
12837,716730,19976,away,0,5-3-2,1,0,8,219939,Pauline Bremer,Substitute,0,1,219987,2,219987.0,5400.0,90',0,0,-1,,,,2025-03-24 04:55:09
12837,716730,19976,away,0,5-3-2,1,0,32,249106,Sophie Baggaley,Substitute,0,0,0,-1,,,,0,0,-1,,,,2025-03-24 04:55:09
12837,716730,19976,away,0,5-3-2,1,0,33,312215,Charlize Rule,Substitute,0,0,0,-1,,,,0,0,-1,,,,2025-03-24 04:55:09
12837,716730,19976,away,0,5-3-2,1,0,23,324775,Marit Auée,Substitute,0,1,257536,27,257536.0,2700.0,45',0,0,-1,,,,2025-03-24 04:55:09
12837,716730,19976,away,0,5-3-2,1,0,22,339641,Dejana Stefanovic,Substitute,0,1,313706,18,313706.0,4260.0,71',0,0,-1,,,,2025-03-24 04:55:09
12837,716730,19976,away,0,5-3-2,1,0,7,350639,Aisha Masaka,Substitute,0,0,0,-1,,,,0,0,-1,,,,2025-03-24 04:55:09
12837,716730,19976,away,0,5-3-2,1,0,59,350678,Michelle Agyemang,Substitute,0,1,309978,15,309978.0,4260.0,71',0,0,-1,,,,2025-03-24 04:55:09
12837,716730,19976,away,0,5-3-2,1,0,11,296778,Kiko Seike,Substitute,0,1,309906,19,309906.0,2700.0,45',0,0,-1,,,,2025-03-24 04:55:09
12837,716731,19975,home,1,4-4-2,1,1,1,296372,Kinga Szemik,Goalkeeper,1,0,0,-1,,,,0,0,-1,,,,2025-03-24 04:55:09
12837,716731,19975,home,1,4-4-2,1,1,18,310225,Anouk Denton,Right Back,2,0,0,-1,,,,1,257540,2,257540.0,3900.0,65',2025-03-24 04:55:09
12837,716731,19975,home,1,4-4-2,1,1,29,252347,Verena Hanshaw,Left Back,3,0,0,-1,,,,0,0,-1,,,,2025-03-24 04:55:09
12837,716731,19975,home,1,4-4-2,1,1,4,349057,Oona Siren,Center Right Midfielder,4,0,0,-1,,,,1,259752,10,259752.0,5400.0,90'+1',2025-03-24 04:55:09
12837,716731,19975,home,1,4-4-2,1,1,5,312251,Amber Tysiak,Center Right Defender,5,0,0,-1,,,,0,0,-1,,,,2025-03-24 04:55:09
12837,716731,19975,home,1,4-4-2,1,1,14,235712,Shelina Zadorsky,Center Left Defender,6,0,0,-1,,,,0,0,-1,,,,2025-03-24 04:55:09
12837,716731,19975,home,1,4-4-2,1,1,11,298775,Manuela Paví,Right Midfielder,7,0,0,-1,,,,1,330350,77,330350.0,3840.0,64',2025-03-24 04:55:09
12837,716731,19975,home,1,4-4-2,1,1,22,219825,Katrina Gorry,Center Left Midfielder,8,0,0,-1,,,,0,0,-1,,,,2025-03-24 04:55:09
12837,716731,19975,home,1,4-4-2,1,1,9,287317,Riko Ueki,Center Left Forward,9,0,0,-1,,,,0,0,-1,,,,2025-03-24 04:55:09
12837,716731,19975,home,1,4-4-2,1,1,19,374905,Shekiera Martinez,Center Right Forward,10,0,0,-1,,,,1,362493,35,362493.0,5040.0,84',2025-03-24 04:55:09
12837,716731,19975,home,1,4-4-2,1,1,20,188069,Viviane Asseyi,Left Midfielder,11,0,0,-1,,,,0,0,-1,,,,2025-03-24 04:55:09
12837,716731,19975,home,1,4-4-2,1,0,13,317807,Eva Nystrom,Substitute,0,0,0,-1,,,,0,0,-1,,,,2025-03-24 04:55:09
12837,716731,19975,home,1,4-4-2,1,0,77,330350,Seraina Piubel,Substitute,0,1,298775,11,298775.0,3840.0,64',0,0,-1,,,,2025-03-24 04:55:09
12837,716731,19975,home,1,4-4-2,1,0,35,362493,Princess Ademiluyi,Substitute,0,1,374905,19,374905.0,5040.0,84',0,0,-1,,,,2025-03-24 04:55:09
12837,716731,19975,home,1,4-4-2,1,0,26,281682,Li Mengwen,Substitute,0,0,0,-1,,,,0,0,-1,,,,2025-03-24 04:55:09
12837,716731,19975,home,1,4-4-2,1,0,25,312461,Megan Walsh,Substitute,0,0,0,-1,,,,0,0,-1,,,,2025-03-24 04:55:09
12837,716731,19975,home,1,4-4-2,1,0,12,312486,Emma Harries,Substitute,0,0,0,-1,,,,0,0,-1,,,,2025-03-24 04:55:09
12837,716731,19975,home,1,4-4-2,1,0,17,264860,Camila Sáez,Substitute,0,0,0,-1,,,,0,0,-1,,,,2025-03-24 04:55:09
12837,716731,19975,home,1,4-4-2,1,0,10,259752,Dagný Brynjarsdóttir,Substitute,0,1,349057,4,349057.0,5400.0,90'+1',0,0,-1,,,,2025-03-24 04:55:09
12837,716731,19975,home,1,4-4-2,1,0,2,257540,Kirsty Smith,Substitute,0,1,310225,18,310225.0,3900.0,65',0,0,-1,,,,2025-03-24 04:55:09
12837,716731,20062,away,0,4-2-3-1,1,1,1,264730,Lize Kop,Goalkeeper,1,0,0,-1,,,,0,0,-1,,,,2025-03-24 04:55:09
12837,716731,20062,away,0,4-2-3-1,1,1,3,323599,Ella Morris,Right Back,2,0,0,-1,,,,0,0,-1,,,,2025-03-24 04:55:09
12837,716731,20062,away,0,4-2-3-1,1,1,6,314494,Amanda Nildén,Left Back,3,0,0,-1,,,,0,0,-1,,,,2025-03-24 04:55:09
12837,716731,20062,away,0,4-2-3-1,1,1,25,267666,Eveliina Summanen,Left Midfielder,4,0,0,-1,,,,0,0,-1,,,,2025-03-24 04:55:09
12837,716731,20062,away,0,4-2-3-1,1,1,12,314195,Josefine Rybrink,Center Right Defender,5,0,0,-1,,,,0,0,-1,,,,2025-03-24 04:55:09
12837,716731,20062,away,0,4-2-3-1,1,1,5,312487,Molly Bartrip,Center Left Defender,6,0,0,-1,,,,0,0,-1,,,,2025-03-24 04:55:09
12837,716731,20062,away,0,4-2-3-1,1,1,11,314963,Olivia Holdt,Attacking Midfielder Right,7,0,0,-1,,,,1,349567,13,349567.0,3780.0,63',2025-03-24 04:55:09
12837,716731,20062,away,0,4-2-3-1,1,1,10,320356,Maite Oroz,Right Midfielder,8,0,0,-1,,,,1,311201,14,311201.0,2700.0,45',2025-03-24 04:55:09
12837,716731,20062,away,0,4-2-3-1,1,1,17,226804,Martha Thomas,Forward,9,0,0,-1,,,,1,219818,8,219818.0,5040.0,84',2025-03-24 04:55:09
12837,716731,20062,away,0,4-2-3-1,1,1,24,286882,Drew Spence,Attacking Midfielder,10,0,0,-1,,,,0,0,-1,,,,2025-03-24 04:55:09
12837,716731,20062,away,0,4-2-3-1,1,1,2,300442,Charlotte Grant,Attacking Midfielder Left,11,0,0,-1,,,,1,294268,7,294268.0,3780.0,63',2025-03-24 04:55:09
12837,716731,20062,away,0,4-2-3-1,1,0,13,349567,Matilda Vinberg,Substitute,0,1,314963,11,314963.0,3780.0,63',0,0,-1,,,,2025-03-24 04:55:09
12837,716731,20062,away,0,4-2-3-1,1,0,31,355373,Lenna Gunning-Williams,Substitute,0,0,0,-1,,,,0,0,-1,,,,2025-03-24 04:55:09
12837,716731,20062,away,0,4-2-3-1,1,0,14,311201,Anna Csiki,Substitute,0,1,320356,10,320356.0,2700.0,45',0,0,-1,,,,2025-03-24 04:55:09
12837,716731,20062,away,0,4-2-3-1,1,0,21,309086,Luana Bühler,Substitute,0,0,0,-1,,,,0,0,-1,,,,2025-03-24 04:55:09
12837,716731,20062,away,0,4-2-3-1,1,0,27,301685,Eleanor Heeps,Substitute,0,0,0,-1,,,,0,0,-1,,,,2025-03-24 04:55:09
12837,716731,20062,away,0,4-2-3-1,1,0,7,294268,Jessica Naz,Substitute,0,1,300442,2,300442.0,3780.0,63',0,0,-1,,,,2025-03-24 04:55:09
12837,716731,20062,away,0,4-2-3-1,1,0,29,294265,Ashleigh Neville,Substitute,0,0,0,-1,,,,0,0,-1,,,,2025-03-24 04:55:09
12837,716731,20062,away,0,4-2-3-1,1,0,8,219818,Hayley Raso,Substitute,0,1,226804,17,226804.0,5040.0,84',0,0,-1,,,,2025-03-24 04:55:09
12837,716731,20062,away,0,4-2-3-1,1,0,15,312233,Clare Hunt,Substitute,0,0,0,-1,,,,0,0,-1,,,,2025-03-24 04:55:09
12837,716732,19973,home,1,4-2-3-1,1,1,14,309903,Daphne van Domselaar,Goalkeeper,1,0,0,-1,,,,0,0,-1,,,,2025-03-22 21:40:01
12837,716732,19973,home,1,4-2-3-1,1,1,2,263684,Emily Fox,Right Back,2,0,0,-1,,,,1,280982,9,280982.0,3960.0,66',2025-03-22 21:40:01
12837,716732,19973,home,1,4-2-3-1,1,1,11,219079,Katie McCabe,Left Back,3,0,0,-1,,,,1,292633,22,292633.0,2700.0,45',2025-03-22 21:40:01
12837,716732,19973,home,1,4-2-3-1,1,1,8,257473,Mariona Caldentey,Left Midfielder,4,0,0,-1,,,,1,270056,21,270056.0,4440.0,74',2025-03-22 21:40:01
12837,716732,19973,home,1,4-2-3-1,1,1,6,268100,Leah Williamson,Center Right Defender,5,0,0,-1,,,,1,350679,62,350679.0,5280.0,88',2025-03-22 21:40:01
12837,716732,19973,home,1,4-2-3-1,1,1,7,219822,Steph Catley,Center Left Defender,6,0,0,-1,,,,0,0,-1,,,,2025-03-22 21:40:01
12837,716732,19973,home,1,4-2-3-1,1,1,18,282993,Chloe Kelly,Attacking Midfielder Right,7,0,0,-1,,,,0,0,-1,,,,2025-03-22 21:40:01
12837,716732,19973,home,1,4-2-3-1,1,1,10,176041,Kim Little,Right Midfielder,8,0,0,-1,,,,1,220015,13,220015.0,3960.0,66',2025-03-22 21:40:01
12837,716732,19973,home,1,4-2-3-1,1,1,23,263683,Alessia Russo,Forward,9,0,0,-1,,,,0,0,-1,,,,2025-03-22 21:40:01
12837,716732,19973,home,1,4-2-3-1,1,1,12,259331,Frida Maanum,Attacking Midfielder,10,0,0,-1,,,,0,0,-1,,,,2025-03-22 21:40:01
12837,716732,19973,home,1,4-2-3-1,1,1,19,158678,Caitlin Foord,Attacking Midfielder Left,11,0,0,-1,,,,0,0,-1,,,,2025-03-22 21:40:01
12837,716732,19973,home,1,4-2-3-1,1,0,22,292633,Jenna Nighswonger,Substitute,0,1,219079,11,219079.0,2700.0,45',0,0,-1,,,,2025-03-22 21:40:01
12837,716732,19973,home,1,4-2-3-1,1,0,17,255416,Lina Hurtig,Substitute,0,0,0,-1,,,,0,0,-1,,,,2025-03-22 21:40:01
12837,716732,19973,home,1,4-2-3-1,1,0,1,252339,Manuela Zinsberger,Substitute,0,0,0,-1,,,,0,0,-1,,,,2025-03-22 21:40:01
12837,716732,19973,home,1,4-2-3-1,1,0,25,240274,Stina Blackstenius,Substitute,0,0,0,-1,,,,0,0,-1,,,,2025-03-22 21:40:01
12837,716732,19973,home,1,4-2-3-1,1,0,13,220015,Lia Wälti,Substitute,0,1,176041,10,176041.0,3960.0,66',0,0,-1,,,,2025-03-22 21:40:01
12837,716732,19973,home,1,4-2-3-1,1,0,62,350679,Katie Reid,Substitute,0,1,268100,6,268100.0,5280.0,88',0,0,-1,,,,2025-03-22 21:40:01
12837,716732,19973,home,1,4-2-3-1,1,0,21,270056,Victoria Pelova,Substitute,0,1,257473,8,257473.0,4440.0,74',0,0,-1,,,,2025-03-22 21:40:01
12837,716732,19973,home,1,4-2-3-1,1,0,9,280982,Beth Mead,Substitute,0,1,263684,2,263684.0,3960.0,66',0,0,-1,,,,2025-03-22 21:40:01
12837,716732,19973,home,1,4-2-3-1,1,0,32,288907,Kyra Cooney-Cross,Substitute,0,0,0,-1,,,,0,0,-1,,,,2025-03-22 21:40:01
12837,716732,19971,away,0,4-2-3-1,1,1,1,230835,Rachael Laws,Goalkeeper,1,0,0,-1,,,,0,0,-1,,,,2025-03-22 21:40:01
12837,716732,19971,away,0,4-2-3-1,1,1,4,261669,Grace Fisk,Right Back,2,0,0,-1,,,,1,311207,29,311207.0,4980.0,83',2025-03-22 21:40:01
12837,716732,19971,away,0,4-2-3-1,1,1,12,323520,Taylor Hinds,Left Back,3,0,0,-1,,,,0,0,-1,,,,2025-03-22 21:40:01
12837,716732,19971,away,0,4-2-3-1,1,1,8,282995,Fuka Nagano,Left Midfielder,4,0,0,-1,,,,1,338551,19,338551.0,4440.0,74',2025-03-22 21:40:01
12837,716732,19971,away,0,4-2-3-1,1,1,17,305989,Jenna Clark,Center Right Defender,5,0,0,-1,,,,0,0,-1,,,,2025-03-22 21:40:01
12837,716732,19971,away,0,4-2-3-1,1,1,6,312477,Jasmine Matthews,Center Left Defender,6,0,0,-1,,,,0,0,-1,,,,2025-03-22 21:40:01
12837,716732,19971,away,0,4-2-3-1,1,1,11,279337,Olivia Smith,Attacking Midfielder Right,7,0,0,-1,,,,1,287518,9,287518.0,4440.0,74',2025-03-22 21:40:01
12837,716732,19971,away,0,4-2-3-1,1,1,24,311039,Samantha Kerr,Right Midfielder,8,0,0,-1,,,,0,0,-1,,,,2025-03-22 21:40:01
12837,716732,19971,away,0,4-2-3-1,1,1,10,280992,Sophie Román Haug,Forward,9,0,0,-1,,,,0,0,-1,,,,2025-03-22 21:40:01
12837,716732,19971,away,0,4-2-3-1,1,1,18,264581,Ceri Holland,Attacking Midfielder,10,0,0,-1,,,,1,314199,14,314199.0,3780.0,63',2025-03-22 21:40:01
12837,716732,19971,away,0,4-2-3-1,1,1,7,389652,Cornelia Kapocs,Attacking Midfielder Left,11,0,0,-1,,,,0,0,-1,,,,2025-03-22 21:40:01
12837,716732,19971,away,0,4-2-3-1,1,0,19,338551,Julia Bartel,Substitute,0,1,282995,8,282995.0,4440.0,74',0,0,-1,,,,2025-03-22 21:40:01
12837,716732,19971,away,0,4-2-3-1,1,0,36,384503,Zara Shaw,Substitute,0,0,0,-1,,,,0,0,-1,,,,2025-03-22 21:40:01
12837,716732,19971,away,0,4-2-3-1,1,0,13,325841,Mia Enderby,Substitute,0,0,0,-1,,,,0,0,-1,,,,2025-03-22 21:40:01
12837,716732,19971,away,0,4-2-3-1,1,0,14,314199,Marie Hobinger,Substitute,0,1,264581,18,264581.0,3780.0,63',0,0,-1,,,,2025-03-22 21:40:01
12837,716732,19971,away,0,4-2-3-1,1,0,29,311207,Alejandra Bernabe,Substitute,0,1,261669,4,261669.0,4980.0,83',0,0,-1,,,,2025-03-22 21:40:01
12837,716732,19971,away,0,4-2-3-1,1,0,9,287518,Leanne Kiernan,Substitute,0,1,279337,11,279337.0,4440.0,74',0,0,-1,,,,2025-03-22 21:40:01
12837,716732,19971,away,0,4-2-3-1,1,0,3,259312,Gemma Evans,Substitute,0,0,0,-1,,,,0,0,-1,,,,2025-03-22 21:40:01
12837,716732,19971,away,0,4-2-3-1,1,0,16,243031,Teagan Micah,Substitute,0,0,0,-1,,,,0,0,-1,,,,2025-03-22 21:40:01
12837,716732,19971,away,0,4-2-3-1,1,0,23,188447,Gemma Bonner,Substitute,0,0,0,-1,,,,0,0,-1,,,,2025-03-22 21:40:01
12837,716733,19257,home,0,4-3-3,1,1,35,314954,Khiara Keating,Goalkeeper,1,0,0,-1,,,,0,0,-1,,,,2025-03-24 04:55:09
12837,716733,19257,home,0,4-3-3,1,1,18,309904,Kerstin Casparij,Right Back,2,0,0,-1,,,,0,0,-1,,,,2025-03-24 04:55:09
12837,716733,19257,home,0,4-3-3,1,1,3,306881,Naomi Layzell,Left Back,3,0,0,-1,,,,0,0,-1,,,,2025-03-24 04:55:09
12837,716733,19257,home,0,4-3-3,1,1,25,256228,Yui Hasegawa,Center Midfielder,4,0,0,-1,,,,1,390468,46,390468.0,4800.0,80',2025-03-24 04:55:09
12837,716733,19257,home,0,4-3-3,1,1,28,353342,Gracie Prior,Center Right Defender,5,0,0,-1,,,,0,0,-1,,,,2025-03-24 04:55:09
12837,716733,19257,home,0,4-3-3,1,1,4,286338,Laia Aleixandri,Center Left Defender,6,0,0,-1,,,,1,268324,13,268324.0,4800.0,80',2025-03-24 04:55:09
12837,716733,19257,home,0,4-3-3,1,1,16,296503,Jess Park,Right Midfielder,7,0,0,-1,,,,1,249105,15,249105.0,5340.0,89',2025-03-24 04:55:09
12837,716733,19257,home,0,4-3-3,1,1,10,219951,Jill Roord,Left Midfielder,8,0,0,-1,,,,0,0,-1,,,,2025-03-24 04:55:09
12837,716733,19257,home,0,4-3-3,1,1,14,281475,Kerolin,Forward,9,0,0,-1,,,,0,0,-1,,,,2025-04-22 04:56:43
12837,716733,19257,home,0,4-3-3,1,1,6,219945,Vivianne Miedema,Right Forward,10,0,0,-1,,,,0,0,-1,,,,2025-03-24 04:55:09
12837,716733,19257,home,0,4-3-3,1,1,7,229456,Laura Coombs,Left Forward,11,0,0,-1,,,,1,276165,8,276165.0,3480.0,58',2025-03-24 04:55:09
12837,716733,19257,home,0,4-3-3,1,0,8,276165,Mary Fowler,Substitute,0,1,229456,7,229456.0,3480.0,58',0,0,-1,,,,2025-03-24 04:55:09
12837,716733,19257,home,0,4-3-3,1,0,13,268324,Laura Wienroither,Substitute,0,1,286338,4,286338.0,4800.0,80',0,0,-1,,,,2025-03-24 04:55:09
12837,716733,19257,home,0,4-3-3,1,0,12,352864,Eve Annets,Substitute,0,0,0,-1,,,,0,0,-1,,,,2025-03-24 04:55:09
12837,716733,19257,home,0,4-3-3,1,0,15,249105,Leila Ouahabi,Substitute,0,1,296503,16,,,,0,0,-1,,,,2025-03-24 04:55:09
12837,716733,19257,home,0,4-3-3,1,0,53,380968,Mayzee Davies,Substitute,0,0,0,-1,,,,0,0,-1,,,,2025-03-24 04:55:09
12837,716733,19257,home,0,4-3-3,1,0,46,390468,Lily Murphy,Substitute,0,1,256228,25,256228.0,4800.0,80',0,0,-1,,,,2025-03-24 04:55:09
12837,716733,19257,home,0,4-3-3,1,0,30,399001,Aemu Oyama,Substitute,0,0,0,-1,,,,0,0,-1,,,,2025-03-24 04:55:09
12837,716733,19257,home,0,4-3-3,1,0,40,304863,Katie Startup,Substitute,0,0,0,-1,,,,0,0,-1,,,,2025-03-24 04:55:09
12837,716733,19970,away,1,4-1-4-1,1,1,24,312460,Hannah Hampton,Goalkeeper,1,0,0,-1,,,,0,0,-1,,,,2025-03-24 04:55:09
12837,716733,19970,away,1,4-1-4-1,1,1,12,119954,Ashley Lawrence,Right Back,2,0,0,-1,,,,0,0,-1,,,,2025-03-24 04:55:09
12837,716733,19970,away,1,4-1-4-1,1,1,21,312480,Niamh Charles,Left Back,3,0,0,-1,,,,0,0,-1,,,,2025-03-24 04:55:09
12837,716733,19970,away,1,4-1-4-1,1,1,27,317637,Oriane Jean-François,Defensive Midfielder,4,0,0,-1,,,,1,268099,30,268099.0,3780.0,63',2025-03-24 04:55:09
12837,716733,19970,away,1,4-1-4-1,1,1,22,188448,Lucy Bronze,Center Right Defender,5,0,0,-1,,,,0,0,-1,,,,2025-03-24 04:55:09
12837,716733,19970,away,1,4-1-4-1,1,1,4,248770,Millie Bright,Center Left Defender,6,0,0,-1,,,,0,0,-1,,,,2025-03-24 04:55:09
12837,716733,19970,away,1,4-1-4-1,1,1,19,264735,Johanna Rytting Kaneryd,Right Midfielder,7,0,0,-1,,,,1,293176,2,293176.0,5220.0,87',2025-03-24 04:55:09
12837,716733,19970,away,1,4-1-4-1,1,1,23,351356,Maika Hamano,Center Right Midfielder,8,0,0,-1,,,,1,257545,8,257545.0,3300.0,55',2025-03-24 04:55:09
12837,716733,19970,away,1,4-1-4-1,1,1,33,313088,Aggie Beever-Jones,Forward,9,0,0,-1,,,,1,288680,7,288680.0,3780.0,63',2025-03-24 04:55:09
12837,716733,19970,away,1,4-1-4-1,1,1,18,315453,Wieke Kaptein,Center Left Midfielder,10,0,0,-1,,,,1,261568,9,261568.0,5220.0,87',2025-03-24 04:55:09
12837,716733,19970,away,1,4-1-4-1,1,1,10,294253,Lauren James,Left Midfielder,11,0,0,-1,,,,0,0,-1,,,,2025-03-24 04:55:09
12837,716733,19970,away,1,4-1-4-1,1,0,14,255181,Nathalie Björn,Substitute,0,0,0,-1,,,,0,0,-1,,,,2025-03-24 04:55:09
12837,716733,19970,away,1,4-1-4-1,1,0,8,257545,Erin Cuthbert,Substitute,0,1,351356,23,351356.0,3300.0,55',0,0,-1,,,,2025-03-24 04:55:09
12837,716733,19970,away,1,4-1-4-1,1,0,9,261568,Catarina Macario,Substitute,0,1,315453,18,315453.0,5220.0,87',0,0,-1,,,,2025-03-24 04:55:09
12837,716733,19970,away,1,4-1-4-1,1,0,2,293176,Mia Fishel,Substitute,0,1,264735,19,264735.0,5220.0,87',0,0,-1,,,,2025-03-24 04:55:09
12837,716733,19970,away,1,4-1-4-1,1,0,6,314382,Sjoeke Nüsken,Substitute,0,0,0,-1,,,,0,0,-1,,,,2025-03-24 04:55:09
12837,716733,19970,away,1,4-1-4-1,1,0,30,268099,Keira Walsh,Substitute,0,1,317637,27,317637.0,3780.0,63',0,0,-1,,,,2025-03-24 04:55:09
12837,716733,19970,away,1,4-1-4-1,1,0,38,286883,Rebecca Spencer,Substitute,0,0,0,-1,,,,0,0,-1,,,,2025-03-24 04:55:09
12837,716733,19970,away,1,4-1-4-1,1,0,7,288680,Mayra Ramírez,Substitute,0,1,313088,33,313088.0,3780.0,63',0,0,-1,,,,2025-03-24 04:55:09
12837,716733,19970,away,1,4-1-4-1,1,0,17,295673,Sandy Baltimore,Substitute,0,0,0,-1,,,,0,0,-1,,,,2025-03-24 04:55:09
12837,716734,19976,home,0,5-4-1,1,1,28,367224,Melina Loeck,Goalkeeper,1,0,0,-1,,,,0,0,-1,,,,2025-03-31 04:50:43
12837,716734,19976,home,0,5-4-1,1,1,11,296778,Kiko Seike,Right Back,2,0,0,-1,,,,0,0,-1,,,,2025-03-31 04:50:43
12837,716734,19976,home,0,5-4-1,1,1,3,294247,Poppy Pattinson,Left Back,3,0,0,-1,,,,1,219939,8,219939.0,3900.0,65',2025-03-31 04:50:43
12837,716734,19976,home,0,5-4-1,1,1,2,219987,Maria Thorisdottir,Center Left Defender,4,0,0,-1,,,,0,0,-1,,,,2025-03-31 04:50:43
12837,716734,19976,home,0,5-4-1,1,1,5,213937,Guro Bergsvand,Center Defender,5,0,0,-1,,,,1,367065,12,367065.0,2700.0,45',2025-03-31 04:50:43
12837,716734,19976,home,0,5-4-1,1,1,23,324775,Marit Auée,Center Right Defender,6,0,0,-1,,,,1,312215,33,312215.0,4860.0,81',2025-03-31 04:50:43
12837,716734,19976,home,0,5-4-1,1,1,14,219773,Fran Kirby,Right Midfielder,7,0,0,-1,,,,0,0,-1,,,,2025-03-31 04:50:43
12837,716734,19976,home,0,5-4-1,1,1,15,309978,Nadine Noordam,Center Right Midfielder,8,0,0,-1,,,,1,314994,10,314994.0,3900.0,65',2025-03-31 04:50:43
12837,716734,19976,home,0,5-4-1,1,1,9,246314,Nikita Parris,Forward,9,0,0,-1,,,,0,0,-1,,,,2025-03-31 04:50:43
12837,716734,19976,home,0,5-4-1,1,1,18,313706,Maisie Symonds,Center Left Midfielder,10,0,0,-1,,,,0,0,-1,,,,2025-03-31 04:50:43
12837,716734,19976,home,0,5-4-1,1,1,21,261578,Madison Haley,Left Midfielder,11,0,0,-1,,,,1,350678,59,350678.0,1200.0,20',2025-03-31 04:50:43
12837,716734,19976,home,0,5-4-1,1,0,32,249106,Sophie Baggaley,Substitute,0,0,0,-1,,,,0,0,-1,,,,2025-03-31 04:50:43
12837,716734,19976,home,0,5-4-1,1,0,8,219939,Pauline Bremer,Substitute,0,1,294247,3,294247.0,3900.0,65',0,0,-1,,,,2025-03-31 04:50:43
12837,716734,19976,home,0,5-4-1,1,0,27,257536,Rachel McLauchlan,Substitute,0,0,0,-1,,,,0,0,-1,,,,2025-03-31 04:50:43
12837,716734,19976,home,0,5-4-1,1,0,19,309906,Marisa Olislagers,Substitute,0,0,0,-1,,,,0,0,-1,,,,2025-03-31 04:50:43
12837,716734,19976,home,0,5-4-1,1,0,33,312215,Charlize Rule,Substitute,0,1,324775,23,324775.0,4860.0,81',0,0,-1,,,,2025-03-31 04:50:43
12837,716734,19976,home,0,5-4-1,1,0,10,314994,Jelena Cankovic,Substitute,0,1,309978,15,309978.0,3900.0,65',0,0,-1,,,,2025-03-31 04:50:43
12837,716734,19976,home,0,5-4-1,1,0,22,339641,Dejana Stefanovic,Substitute,0,0,0,-1,,,,0,0,-1,,,,2025-03-31 04:50:43
12837,716734,19976,home,0,5-4-1,1,0,59,350678,Michelle Agyemang,Substitute,0,1,261578,21,261578.0,1200.0,20',0,0,-1,,,,2025-03-31 04:50:43
12837,716734,19976,home,0,5-4-1,1,0,12,367065,Caitlin Hayes,Substitute,0,1,213937,5,213937.0,2700.0,45',0,0,-1,,,,2025-03-31 04:50:43
12837,716734,19257,away,1,4-1-4-1,1,1,35,314954,Khiara Keating,Goalkeeper,1,0,0,-1,,,,0,0,-1,,,,2025-03-31 04:50:43
12837,716734,19257,away,1,4-1-4-1,1,1,13,268324,Laura Wienroither,Right Back,2,0,0,-1,,,,0,0,-1,,,,2025-03-31 04:50:43
12837,716734,19257,away,1,4-1-4-1,1,1,15,249105,Leila Ouahabi,Left Back,3,0,0,-1,,,,0,0,-1,,,,2025-03-31 04:50:43
12837,716734,19257,away,1,4-1-4-1,1,1,25,256228,Yui Hasegawa,Defensive Midfielder,4,0,0,-1,,,,0,0,-1,,,,2025-03-31 04:50:43
12837,716734,19257,away,1,4-1-4-1,1,1,28,353342,Gracie Prior,Center Right Defender,5,0,0,-1,,,,0,0,-1,,,,2025-03-31 04:50:43
12837,716734,19257,away,1,4-1-4-1,1,1,3,306881,Naomi Layzell,Center Left Defender,6,0,0,-1,,,,0,0,-1,,,,2025-03-31 04:50:43
12837,716734,19257,away,1,4-1-4-1,1,1,18,309904,Kerstin Casparij,Right Midfielder,7,0,0,-1,,,,0,0,-1,,,,2025-03-31 04:50:43
12837,716734,19257,away,1,4-1-4-1,1,1,16,296503,Jess Park,Center Right Midfielder,8,0,0,-1,,,,1,219945,6,219945.0,3960.0,66',2025-03-31 04:50:43
12837,716734,19257,away,1,4-1-4-1,1,1,8,276165,Mary Fowler,Forward,9,0,0,-1,,,,1,219951,10,219951.0,3960.0,66',2025-03-31 04:50:43
12837,716734,19257,away,1,4-1-4-1,1,1,7,229456,Laura Coombs,Center Left Midfielder,10,0,0,-1,,,,0,0,-1,,,,2025-03-31 04:50:43
12837,716734,19257,away,1,4-1-4-1,1,1,46,390468,Lily Murphy,Left Midfielder,11,0,0,-1,,,,1,281475,14,281475.0,3540.0,59',2025-03-31 04:50:43
12837,716734,19257,away,1,4-1-4-1,1,0,10,219951,Jill Roord,Substitute,0,1,276165,8,276165.0,3960.0,66',0,0,-1,,,,2025-03-31 04:50:43
12837,716734,19257,away,1,4-1-4-1,1,0,30,399001,Aemu Oyama,Substitute,0,0,0,-1,,,,0,0,-1,,,,2025-03-31 04:50:43
12837,716734,19257,away,1,4-1-4-1,1,0,53,380968,Mayzee Davies,Substitute,0,0,0,-1,,,,0,0,-1,,,,2025-03-31 04:50:43
12837,716734,19257,away,1,4-1-4-1,1,0,12,352864,Eve Annets,Substitute,0,0,0,-1,,,,0,0,-1,,,,2025-03-31 04:50:43
12837,716734,19257,away,1,4-1-4-1,1,0,40,304863,Katie Startup,Substitute,0,0,0,-1,,,,0,0,-1,,,,2025-03-31 04:50:43
12837,716734,19257,away,1,4-1-4-1,1,0,4,286338,Laia Aleixandri,Substitute,0,0,0,-1,,,,0,0,-1,,,,2025-03-31 04:50:43
12837,716734,19257,away,1,4-1-4-1,1,0,14,281475,Kerolin,Substitute,0,1,390468,46,390468.0,3540.0,59',0,0,-1,,,,2025-04-22 04:56:43
12837,716734,19257,away,1,4-1-4-1,1,0,6,219945,Vivianne Miedema,Substitute,0,1,296503,16,,,,0,0,-1,,,,2025-03-31 04:50:43
12837,716735,21037,home,0,4-4-2,1,1,30,224886,Shae Yanez,Goalkeeper,1,0,0,-1,,,,0,0,-1,,,,2025-03-31 04:50:43
12837,716735,21037,home,0,4-4-2,1,1,15,296781,Hayley Nolan,Right Back,2,0,0,-1,,,,1,300434,20,300434.0,3960.0,66',2025-03-31 04:50:43
12837,716735,21037,home,0,4-4-2,1,1,23,288977,Lily Woodham,Left Back,3,0,0,-1,,,,0,0,-1,,,,2025-03-31 04:50:43
12837,716735,21037,home,0,4-4-2,1,1,5,392348,My Cato,Center Right Midfielder,4,0,0,-1,,,,0,0,-1,,,,2025-03-31 04:50:43
12837,716735,21037,home,0,4-4-2,1,1,29,262811,Allyson Swaby,Center Right Defender,5,0,0,-1,,,,0,0,-1,,,,2025-03-31 04:50:43
12837,716735,21037,home,0,4-4-2,1,1,25,284183,Aniek Nouwen,Center Left Defender,6,0,0,-1,,,,0,0,-1,,,,2025-03-31 04:50:43
12837,716735,21037,home,0,4-4-2,1,1,11,314575,Ashleigh Weerden,Right Midfielder,7,0,0,-1,,,,1,323499,10,323499.0,4980.0,83',2025-03-31 04:50:43
12837,716735,21037,home,0,4-4-2,1,1,4,257534,Chloe Arthur,Center Left Midfielder,8,0,0,-1,,,,1,377622,17,377622.0,3960.0,66',2025-03-31 04:50:43
12837,716735,21037,home,0,4-4-2,1,1,8,324879,Molly-Mae Sharpe,Center Left Forward,9,0,0,-1,,,,1,140056,2,140056.0,3960.0,66',2025-03-31 04:50:43
12837,716735,21037,home,0,4-4-2,1,1,28,290269,Katie Stengel,Center Right Forward,10,0,0,-1,,,,0,0,-1,,,,2025-03-31 04:50:43
12837,716735,21037,home,0,4-4-2,1,1,27,336368,Abbie Larkin,Left Midfielder,11,0,0,-1,,,,1,265532,9,265532.0,4620.0,77',2025-03-31 04:50:43
12837,716735,21037,home,0,4-4-2,1,0,14,259626,Josie Green,Substitute,0,0,0,-1,,,,0,0,-1,,,,2025-03-31 04:50:43
12837,716735,21037,home,0,4-4-2,1,0,2,140056,Katrine Veje,Substitute,0,1,324879,8,324879.0,3960.0,66',0,0,-1,,,,2025-03-31 04:50:43
12837,716735,21037,home,0,4-4-2,1,0,9,265532,Elise Hughes,Substitute,0,1,336368,27,336368.0,4620.0,77',0,0,-1,,,,2025-03-31 04:50:43
12837,716735,21037,home,0,4-4-2,1,0,20,300434,Indiah-Paige Riley,Substitute,0,1,296781,15,296781.0,3960.0,66',0,0,-1,,,,2025-03-31 04:50:43
12837,716735,21037,home,0,4-4-2,1,0,10,323499,Annabel Blanchard,Substitute,0,1,314575,11,314575.0,4980.0,83',0,0,-1,,,,2025-03-31 04:50:43
12837,716735,21037,home,0,4-4-2,1,0,19,335986,Milla-Maj Majasaari,Substitute,0,0,0,-1,,,,0,0,-1,,,,2025-03-31 04:50:43
12837,716735,21037,home,0,4-4-2,1,0,17,377622,Lexi Potter,Substitute,0,1,257534,4,257534.0,3960.0,66',0,0,-1,,,,2025-03-31 04:50:43
12837,716735,19973,away,1,4-2-3-1,1,1,14,309903,Daphne van Domselaar,Goalkeeper,1,0,0,-1,,,,0,0,-1,,,,2025-03-31 04:50:43
12837,716735,19973,away,1,4-2-3-1,1,1,2,263684,Emily Fox,Right Back,2,0,0,-1,,,,0,0,-1,,,,2025-03-31 04:50:43
12837,716735,19973,away,1,4-2-3-1,1,1,22,292633,Jenna Nighswonger,Left Back,3,0,0,-1,,,,0,0,-1,,,,2025-03-31 04:50:43
12837,716735,19973,away,1,4-2-3-1,1,1,8,257473,Mariona Caldentey,Left Midfielder,4,0,0,-1,,,,1,288907,32,288907.0,4860.0,81',2025-03-31 04:50:43
12837,716735,19973,away,1,4-2-3-1,1,1,6,268100,Leah Williamson,Center Right Defender,5,0,0,-1,,,,1,350679,62,350679.0,5040.0,84',2025-03-31 04:50:43
12837,716735,19973,away,1,4-2-3-1,1,1,7,219822,Steph Catley,Center Left Defender,6,0,0,-1,,,,0,0,-1,,,,2025-03-31 04:50:43
12837,716735,19973,away,1,4-2-3-1,1,1,9,280982,Beth Mead,Attacking Midfielder Right,7,0,0,-1,,,,0,0,-1,,,,2025-03-31 04:50:43
12837,716735,19973,away,1,4-2-3-1,1,1,13,220015,Lia Wälti,Right Midfielder,8,0,0,-1,,,,1,176041,10,176041.0,3780.0,63',2025-03-31 04:50:43
12837,716735,19973,away,1,4-2-3-1,1,1,23,263683,Alessia Russo,Forward,9,0,0,-1,,,,0,0,-1,,,,2025-03-31 04:50:43
12837,716735,19973,away,1,4-2-3-1,1,1,12,259331,Frida Maanum,Attacking Midfielder,10,0,0,-1,,,,1,270056,21,270056.0,3780.0,63',2025-03-31 04:50:43
12837,716735,19973,away,1,4-2-3-1,1,1,18,282993,Chloe Kelly,Attacking Midfielder Left,11,0,0,-1,,,,1,350636,16,350636.0,4860.0,81',2025-03-31 04:50:43
12837,716735,19973,away,1,4-2-3-1,1,0,62,350679,Katie Reid,Substitute,0,1,268100,6,268100.0,5040.0,84',0,0,-1,,,,2025-03-31 04:50:43
12837,716735,19973,away,1,4-2-3-1,1,0,28,188004,Amanda Ilestedt,Substitute,0,0,0,-1,,,,0,0,-1,,,,2025-03-31 04:50:43
12837,716735,19973,away,1,4-2-3-1,1,0,25,240274,Stina Blackstenius,Substitute,0,0,0,-1,,,,0,0,-1,,,,2025-03-31 04:50:43
12837,716735,19973,away,1,4-2-3-1,1,0,1,252339,Manuela Zinsberger,Substitute,0,0,0,-1,,,,0,0,-1,,,,2025-03-31 04:50:43
12837,716735,19973,away,1,4-2-3-1,1,0,21,270056,Victoria Pelova,Substitute,0,1,259331,12,259331.0,3780.0,63',0,0,-1,,,,2025-03-31 04:50:43
12837,716735,19973,away,1,4-2-3-1,1,0,19,158678,Caitlin Foord,Substitute,0,0,0,-1,,,,0,0,-1,,,,2025-03-31 04:50:43
12837,716735,19973,away,1,4-2-3-1,1,0,32,288907,Kyra Cooney-Cross,Substitute,0,1,257473,8,257473.0,4860.0,81',0,0,-1,,,,2025-03-31 04:50:43
12837,716735,19973,away,1,4-2-3-1,1,0,16,350636,Rosa Kafaji,Substitute,0,1,282993,18,282993.0,4860.0,81',0,0,-1,,,,2025-03-31 04:50:43
12837,716735,19973,away,1,4-2-3-1,1,0,10,176041,Kim Little,Substitute,0,1,220015,13,220015.0,3780.0,63',0,0,-1,,,,2025-03-31 04:50:43
12837,716736,20061,home,1,4-1-4-1,1,1,91,208938,Phallon Tullis-Joyce,Goalkeeper,1,0,0,-1,,,,0,0,-1,,,,2025-03-31 04:50:43
12837,716736,20061,home,1,4-1-4-1,1,1,14,267765,Jayde Riviere,Right Back,2,0,0,-1,,,,1,293411,5,293411.0,5280.0,88',2025-03-31 04:50:43
12837,716736,20061,home,1,4-1-4-1,1,1,2,359233,Anna Sandberg,Left Back,3,0,0,-1,,,,0,0,-1,,,,2025-03-31 04:50:43
12837,716736,20061,home,1,4-1-4-1,1,1,20,283107,Hinata Miyazawa,Defensive Midfielder,4,0,0,-1,,,,0,0,-1,,,,2025-03-31 04:50:43
12837,716736,20061,home,1,4-1-4-1,1,1,4,312462,Maya Le Tissier,Center Right Defender,5,0,0,-1,,,,0,0,-1,,,,2025-03-31 04:50:43
12837,716736,20061,home,1,4-1-4-1,1,1,17,219947,Dominique Janssen,Center Left Defender,6,0,0,-1,,,,0,0,-1,,,,2025-03-31 04:50:43
12837,716736,20061,home,1,4-1-4-1,1,1,15,328108,Celin Bizet,Right Midfielder,7,0,0,-1,,,,1,295670,9,295670.0,3300.0,55',2025-03-31 04:50:43
12837,716736,20061,home,1,4-1-4-1,1,1,8,306883,Grace Clinton,Center Right Midfielder,8,0,0,-1,,,,1,268103,16,268103.0,4440.0,74',2025-03-31 04:50:43
12837,716736,20061,home,1,4-1-4-1,1,1,19,298669,Elisabeth Terland,Forward,9,0,0,-1,,,,1,134423,28,134423.0,5280.0,88',2025-03-31 04:50:43
12837,716736,20061,home,1,4-1-4-1,1,1,7,294255,Ella Toone,Center Left Midfielder,10,0,0,-1,,,,0,0,-1,,,,2025-03-31 04:50:43
12837,716736,20061,home,1,4-1-4-1,1,1,11,294256,Leah Galton,Left Midfielder,11,0,0,-1,,,,1,349220,13,349220.0,4380.0,73',2025-03-31 04:50:43
12837,716736,20061,home,1,4-1-4-1,1,0,13,349220,Simi Awujo,Substitute,0,1,294256,11,294256.0,4380.0,73',0,0,-1,,,,2025-03-31 04:50:43
12837,716736,20061,home,1,4-1-4-1,1,0,39,332051,Safia Middleton-Patel,Substitute,0,0,0,-1,,,,0,0,-1,,,,2025-03-31 04:50:43
12837,716736,20061,home,1,4-1-4-1,1,0,1,323611,Kayla Rendell,Substitute,0,0,0,-1,,,,0,0,-1,,,,2025-03-31 04:50:43
12837,716736,20061,home,1,4-1-4-1,1,0,9,295670,Melvine Malard,Substitute,0,1,328108,15,,,,0,0,-1,,,,2025-03-31 04:50:43
12837,716736,20061,home,1,4-1-4-1,1,0,28,134423,Rachel Williams,Substitute,0,1,298669,19,298669.0,5280.0,88',0,0,-1,,,,2025-03-31 04:50:43
12837,716736,20061,home,1,4-1-4-1,1,0,5,293411,Aoife Mannion,Substitute,0,1,267765,14,267765.0,5280.0,88',0,0,-1,,,,2025-03-31 04:50:43
12837,716736,20061,home,1,4-1-4-1,1,0,16,268103,Lisa Naalsund,Substitute,0,1,306883,8,306883.0,4440.0,74',0,0,-1,,,,2025-03-31 04:50:43
12837,716736,19972,away,0,4-4-1-1,1,1,1,209174,Courtney Brosnan,Goalkeeper,1,0,0,-1,,,,0,0,-1,,,,2025-03-31 04:50:43
12837,716736,19972,away,0,4-4-1-1,1,1,19,291349,Heather Payne,Right Back,2,0,0,-1,,,,1,349927,27,349927.0,3240.0,54',2025-03-31 04:50:43
12837,716736,19972,away,0,4-4-1-1,1,1,23,287392,Sara Holmgaard,Left Back,3,0,0,-1,,,,0,0,-1,,,,2025-03-31 04:50:43
12837,716736,19972,away,0,4-4-1-1,1,1,8,293328,Justine Vanhaevermaet,Center Right Midfielder,4,0,0,-1,,,,0,0,-1,,,,2025-03-31 04:50:43
12837,716736,19972,away,0,4-4-1-1,1,1,3,134349,Maren Mjelde,Center Right Defender,5,0,0,-1,,,,0,0,-1,,,,2025-03-31 04:50:43
12837,716736,19972,away,0,4-4-1-1,1,1,5,334991,Martina Fernández,Center Left Defender,6,0,0,-1,,,,0,0,-1,,,,2025-03-31 04:50:43
12837,716736,19972,away,0,4-4-1-1,1,1,25,270037,Katja Snoeijs,Right Midfielder,7,0,0,-1,,,,1,312559,21,312559.0,4680.0,78',2025-03-31 04:50:43
12837,716736,19972,away,0,4-4-1-1,1,1,16,259315,Hayley Ladd,Center Left Midfielder,8,0,0,-1,,,,1,285191,28,285191.0,3240.0,54',2025-03-31 04:50:43
12837,716736,19972,away,0,4-4-1-1,1,1,29,392349,Kelly Gago,Forward,9,0,0,-1,,,,0,0,-1,,,,2025-03-31 04:50:43
12837,716736,19972,away,0,4-4-1-1,1,1,9,211151,Toni Payne,Rear Center Forward,10,0,0,-1,,,,1,255452,14,255452.0,3900.0,65',2025-03-31 04:50:43
12837,716736,19972,away,0,4-4-1-1,1,1,7,300568,Clare Wheeler,Left Midfielder,11,0,0,-1,,,,1,364520,47,364520.0,3900.0,65',2025-03-31 04:50:43
12837,716736,19972,away,0,4-4-1-1,1,0,17,284939,Lucy Hope,Substitute,0,0,0,-1,,,,0,0,-1,,,,2025-03-31 04:50:43
12837,716736,19972,away,0,4-4-1-1,1,0,26,285178,Rikke Madsen,Substitute,0,0,0,-1,,,,0,0,-1,,,,2025-03-31 04:50:43
12837,716736,19972,away,0,4-4-1-1,1,0,28,285191,Karen Holmgaard,Substitute,0,1,259315,16,259315.0,3240.0,54',0,0,-1,,,,2025-03-31 04:50:43
12837,716736,19972,away,0,4-4-1-1,1,0,14,255452,Melissa Lawley,Substitute,0,1,211151,9,211151.0,3900.0,65',0,0,-1,,,,2025-03-31 04:50:43
12837,716736,19972,away,0,4-4-1-1,1,0,47,364520,Karoline Olesen,Substitute,0,1,300568,7,300568.0,3900.0,65',0,0,-1,,,,2025-03-31 04:50:43
12837,716736,19972,away,0,4-4-1-1,1,0,27,349927,Elise Stenevik,Substitute,0,1,291349,19,291349.0,3240.0,54',0,0,-1,,,,2025-03-31 04:50:43
12837,716736,19972,away,0,4-4-1-1,1,0,21,312559,Veatriki Sarri,Substitute,0,1,270037,25,270037.0,4680.0,78',0,0,-1,,,,2025-03-31 04:50:43
12837,716736,19972,away,0,4-4-1-1,1,0,6,303336,Honoka Hayashi,Substitute,0,0,0,-1,,,,0,0,-1,,,,2025-03-31 04:50:43
12837,716736,19972,away,0,4-4-1-1,1,0,12,294254,Emily Ramsey,Substitute,0,0,0,-1,,,,0,0,-1,,,,2025-03-31 04:50:43
12837,716737,19971,home,0,4-2-3-1,1,1,1,230835,Rachael Laws,Goalkeeper,1,0,0,-1,,,,0,0,-1,,,,2025-03-31 04:50:43
12837,716737,19971,home,0,4-2-3-1,1,1,4,261669,Grace Fisk,Right Back,2,0,0,-1,,,,0,0,-1,,,,2025-03-31 04:50:43
12837,716737,19971,home,0,4-2-3-1,1,1,12,323520,Taylor Hinds,Left Back,3,0,0,-1,,,,0,0,-1,,,,2025-03-31 04:50:43
12837,716737,19971,home,0,4-2-3-1,1,1,14,314199,Marie Hobinger,Left Midfielder,4,0,0,-1,,,,0,0,-1,,,,2025-03-31 04:50:43
12837,716737,19971,home,0,4-2-3-1,1,1,23,188447,Gemma Bonner,Center Right Defender,5,0,0,-1,,,,0,0,-1,,,,2025-03-31 04:50:43
12837,716737,19971,home,0,4-2-3-1,1,1,6,312477,Jasmine Matthews,Center Left Defender,6,0,0,-1,,,,1,305989,17,305989.0,4980.0,83',2025-03-31 04:50:43
12837,716737,19971,home,0,4-2-3-1,1,1,9,287518,Leanne Kiernan,Attacking Midfielder Right,7,0,0,-1,,,,1,325841,13,325841.0,3900.0,65',2025-03-31 04:50:43
12837,716737,19971,home,0,4-2-3-1,1,1,8,282995,Fuka Nagano,Right Midfielder,8,0,0,-1,,,,0,0,-1,,,,2025-03-31 04:50:43
12837,716737,19971,home,0,4-2-3-1,1,1,10,280992,Sophie Román Haug,Forward,9,0,0,-1,,,,0,0,-1,,,,2025-03-31 04:50:43
12837,716737,19971,home,0,4-2-3-1,1,1,18,264581,Ceri Holland,Attacking Midfielder,10,0,0,-1,,,,0,0,-1,,,,2025-03-31 04:50:43
12837,716737,19971,home,0,4-2-3-1,1,1,7,389652,Cornelia Kapocs,Attacking Midfielder Left,11,0,0,-1,,,,0,0,-1,,,,2025-03-31 04:50:43
12837,716737,19971,home,0,4-2-3-1,1,0,3,259312,Gemma Evans,Substitute,0,0,0,-1,,,,0,0,-1,,,,2025-03-31 04:50:43
12837,716737,19971,home,0,4-2-3-1,1,0,20,257593,Yana Daniels,Substitute,0,0,0,-1,,,,0,0,-1,,,,2025-03-31 04:50:43
12837,716737,19971,home,0,4-2-3-1,1,0,36,384503,Zara Shaw,Substitute,0,0,0,-1,,,,0,0,-1,,,,2025-03-31 04:50:43
12837,716737,19971,home,0,4-2-3-1,1,0,19,338551,Julia Bartel,Substitute,0,0,0,-1,,,,0,0,-1,,,,2025-03-31 04:50:43
12837,716737,19971,home,0,4-2-3-1,1,0,13,325841,Mia Enderby,Substitute,0,1,287518,9,287518.0,3900.0,65',0,0,-1,,,,2025-03-31 04:50:43
12837,716737,19971,home,0,4-2-3-1,1,0,24,311039,Samantha Kerr,Substitute,0,0,0,-1,,,,0,0,-1,,,,2025-03-31 04:50:43
12837,716737,19971,home,0,4-2-3-1,1,0,17,305989,Jenna Clark,Substitute,0,1,312477,6,312477.0,4980.0,83',0,0,-1,,,,2025-03-31 04:50:43
12837,716737,19971,home,0,4-2-3-1,1,0,16,243031,Teagan Micah,Substitute,0,0,0,-1,,,,0,0,-1,,,,2025-03-31 04:50:43
12837,716737,19971,home,0,4-2-3-1,1,0,29,311207,Alejandra Bernabe,Substitute,0,0,0,-1,,,,0,0,-1,,,,2025-03-31 04:50:43
12837,716737,20707,away,1,3-4-1-2,1,1,1,209364,Sabrina D'Angelo,Goalkeeper,1,0,0,-1,,,,0,0,-1,,,,2025-03-31 04:50:43
12837,716737,20707,away,1,3-4-1-2,1,1,23,309858,Chasity Grant,Right Midfielder,2,0,0,-1,,,,0,0,-1,,,,2025-03-31 04:50:43
12837,716737,20707,away,1,3-4-1-2,1,1,33,312497,Mayumi Pacheco,Left Midfielder,3,0,0,-1,,,,1,335782,3,335782.0,4440.0,74',2025-03-31 04:50:43
12837,716737,20707,away,1,3-4-1-2,1,1,16,220024,Noelle Maritz,Center Left Defender,4,0,0,-1,,,,0,0,-1,,,,2025-03-31 04:50:43
12837,716737,20707,away,1,3-4-1-2,1,1,4,262611,Anna Patten,Center Defender,5,0,0,-1,,,,0,0,-1,,,,2025-03-31 04:50:43
12837,716737,20707,away,1,3-4-1-2,1,1,15,261804,Lucy Parker,Center Right Defender,6,0,0,-1,,,,0,0,-1,,,,2025-03-31 04:50:43
12837,716737,20707,away,1,3-4-1-2,1,1,5,280984,Lucy Staniforth,Center Right Midfielder,7,0,0,-1,,,,1,294252,20,294252.0,3900.0,65',2025-03-31 04:50:43
12837,716737,20707,away,1,3-4-1-2,1,1,25,338756,Miri Taylor,Center Left Midfielder,8,0,0,-1,,,,1,257469,28,257469.0,5400.0,90'+1',2025-03-31 04:50:43
12837,716737,20707,away,1,3-4-1-2,1,1,7,323523,Missy Bo Kearns,Attacking Midfielder,9,0,0,-1,,,,0,0,-1,,,,2025-03-31 04:50:43
12837,716737,20707,away,1,3-4-1-2,1,1,17,294246,Ebony Salmon,Center Right Forward,10,0,0,-1,,,,0,0,-1,,,,2025-03-31 04:50:43
12837,716737,20707,away,1,3-4-1-2,1,1,9,248769,Rachel Daly,Center Left Forward,11,0,0,-1,,,,1,317630,22,317630.0,4440.0,74',2025-03-31 04:50:43
12837,716737,20707,away,1,3-4-1-2,1,0,30,351745,Katelin Talbert,Substitute,0,0,0,-1,,,,0,0,-1,,,,2025-03-31 04:50:43
12837,716737,20707,away,1,3-4-1-2,1,0,11,312467,Katie Robinson,Substitute,0,0,0,-1,,,,0,0,-1,,,,2025-03-31 04:50:43
12837,716737,20707,away,1,3-4-1-2,1,0,3,335782,Paula Tomás,Substitute,0,1,312497,33,312497.0,4440.0,74',0,0,-1,,,,2025-03-31 04:50:43
12837,716737,20707,away,1,3-4-1-2,1,0,37,377185,Lydia Sallaway,Substitute,0,0,0,-1,,,,0,0,-1,,,,2025-03-31 04:50:43
12837,716737,20707,away,1,3-4-1-2,1,0,14,312484,Danielle Turner,Substitute,0,0,0,-1,,,,0,0,-1,,,,2025-03-31 04:50:43
12837,716737,20707,away,1,3-4-1-2,1,0,20,294252,Kirsty Hanson,Substitute,0,1,280984,5,280984.0,3900.0,65',0,0,-1,,,,2025-03-31 04:50:43
12837,716737,20707,away,1,3-4-1-2,1,0,28,257469,Gabi Nunes,Substitute,0,1,338756,25,338756.0,5400.0,90'+1',0,0,-1,,,,2025-03-31 04:50:43
12837,716737,20707,away,1,3-4-1-2,1,0,8,178854,Jordan Nobbs,Substitute,0,0,0,-1,,,,0,0,-1,,,,2025-03-31 04:50:43
12837,716737,20707,away,1,3-4-1-2,1,0,22,317630,Jill Baijings,Substitute,0,1,248769,9,248769.0,4440.0,74',0,0,-1,,,,2025-03-31 04:50:43
12837,716738,21036,home,0,4-2-3-1,1,1,1,328082,Janina Leitzig,Goalkeeper,1,0,0,-1,,,,0,0,-1,,,,2025-03-31 04:50:43
12837,716738,21036,home,0,4-2-3-1,1,1,4,219962,C.J. Bott,Right Back,2,0,0,-1,,,,0,0,-1,,,,2025-03-31 04:50:43
12837,716738,21036,home,0,4-2-3-1,1,1,12,304854,Asmita Ale,Left Back,3,0,0,-1,,,,0,0,-1,,,,2025-03-31 04:50:43
12837,716738,21036,home,0,4-2-3-1,1,1,11,257569,Janice Cayman,Left Midfielder,4,0,0,-1,,,,0,0,-1,,,,2025-03-31 04:50:43
12837,716738,21036,home,0,4-2-3-1,1,1,5,210382,Sophie Howard,Center Right Defender,5,0,0,-1,,,,0,0,-1,,,,2025-03-31 04:50:43
12837,716738,21036,home,0,4-2-3-1,1,1,17,317638,Julie Thibaud,Center Left Defender,6,0,0,-1,,,,0,0,-1,,,,2025-03-31 04:50:43
12837,716738,21036,home,0,4-2-3-1,1,1,21,323496,Hannah Cain,Attacking Midfielder Right,7,0,0,-1,,,,1,395075,25,395075.0,4980.0,83',2025-03-31 04:50:43
12837,716738,21036,home,0,4-2-3-1,1,1,3,323495,Sam Tierney,Right Midfielder,8,0,0,-1,,,,0,0,-1,,,,2025-03-31 04:50:43
12837,716738,21036,home,0,4-2-3-1,1,1,27,323505,Shannon O'Brien,Forward,9,0,0,-1,,,,1,270127,14,270127.0,4380.0,73',2025-03-31 04:50:43
12837,716738,21036,home,0,4-2-3-1,1,1,29,256223,Yuka Momiki,Attacking Midfielder,10,0,0,-1,,,,1,288888,6,288888.0,5280.0,88',2025-03-31 04:50:43
12837,716738,21036,home,0,4-2-3-1,1,1,28,344373,Shana Chossenotte,Attacking Midfielder Left,11,0,0,-1,,,,1,235714,7,235714.0,4980.0,83',2025-03-31 04:50:43
12837,716738,21036,home,0,4-2-3-1,1,0,2,300518,Courtney Nevin,Substitute,0,0,0,-1,,,,0,0,-1,,,,2025-03-31 04:50:43
12837,716738,21036,home,0,4-2-3-1,1,0,13,288976,Olivia Clarke,Substitute,0,0,0,-1,,,,0,0,-1,,,,2025-03-31 04:50:43
12837,716738,21036,home,0,4-2-3-1,1,0,6,288888,Saori Takarada,Substitute,0,1,256223,29,256223.0,5280.0,88',0,0,-1,,,,2025-03-31 04:50:43
12837,716738,21036,home,0,4-2-3-1,1,0,14,270127,Hlin Eiriksdottir,Substitute,0,1,323505,27,323505.0,4380.0,73',0,0,-1,,,,2025-03-31 04:50:43
12837,716738,21036,home,0,4-2-3-1,1,0,22,330334,Sari Kees,Substitute,0,0,0,-1,,,,0,0,-1,,,,2025-03-31 04:50:43
12837,716738,21036,home,0,4-2-3-1,1,0,31,248450,Chantelle Swaby,Substitute,0,0,0,-1,,,,0,0,-1,,,,2025-03-31 04:50:43
12837,716738,21036,home,0,4-2-3-1,1,0,7,235714,Deanne Rose,Substitute,0,1,344373,28,344373.0,4980.0,83',0,0,-1,,,,2025-03-31 04:50:43
12837,716738,21036,home,0,4-2-3-1,1,0,25,395075,Karla Torres,Substitute,0,1,323496,21,323496.0,4980.0,83',0,0,-1,,,,2025-03-31 04:50:43
12837,716738,20062,away,0,4-3-3,1,1,1,264730,Lize Kop,Goalkeeper,1,0,0,-1,,,,0,0,-1,,,,2025-03-31 04:50:43
12837,716738,20062,away,0,4-3-3,1,1,3,323599,Ella Morris,Right Back,2,0,0,-1,,,,0,0,-1,,,,2025-03-31 04:50:43
12837,716738,20062,away,0,4-3-3,1,1,6,314494,Amanda Nildén,Left Back,3,0,0,-1,,,,1,294265,29,294265.0,4440.0,74',2025-03-31 04:50:43
12837,716738,20062,away,0,4-3-3,1,1,25,267666,Eveliina Summanen,Center Midfielder,4,0,0,-1,,,,0,0,-1,,,,2025-03-31 04:50:43
12837,716738,20062,away,0,4-3-3,1,1,12,314195,Josefine Rybrink,Center Right Defender,5,0,0,-1,,,,0,0,-1,,,,2025-03-31 04:50:43
12837,716738,20062,away,0,4-3-3,1,1,5,312487,Molly Bartrip,Center Left Defender,6,0,0,-1,,,,0,0,-1,,,,2025-03-31 04:50:43
12837,716738,20062,away,0,4-3-3,1,1,10,320356,Maite Oroz,Right Midfielder,7,0,0,-1,,,,1,267679,20,267679.0,3960.0,66',2025-03-31 04:50:43
12837,716738,20062,away,0,4-3-3,1,1,24,286882,Drew Spence,Left Midfielder,8,0,0,-1,,,,0,0,-1,,,,2025-03-31 04:50:43
12837,716738,20062,away,0,4-3-3,1,1,17,226804,Martha Thomas,Forward,9,0,0,-1,,,,1,312233,15,312233.0,5280.0,88',2025-03-31 04:50:43
12837,716738,20062,away,0,4-3-3,1,1,11,314963,Olivia Holdt,Right Forward,10,0,0,-1,,,,1,349567,13,349567.0,3960.0,66',2025-03-31 04:50:43
12837,716738,20062,away,0,4-3-3,1,1,7,294268,Jessica Naz,Left Forward,11,0,0,-1,,,,1,312494,23,312494.0,3900.0,65',2025-03-31 04:50:43
12837,716738,20062,away,0,4-3-3,1,0,13,349567,Matilda Vinberg,Substitute,0,1,314963,11,314963.0,3960.0,66',0,0,-1,,,,2025-03-31 04:50:43
12837,716738,20062,away,0,4-3-3,1,0,31,355373,Lenna Gunning-Williams,Substitute,0,0,0,-1,,,,0,0,-1,,,,2025-03-31 04:50:43
12837,716738,20062,away,0,4-3-3,1,0,20,267679,Olga Ahtinen,Substitute,0,1,320356,10,320356.0,3960.0,66',0,0,-1,,,,2025-03-31 04:50:43
12837,716738,20062,away,0,4-3-3,1,0,2,300442,Charlotte Grant,Substitute,0,0,0,-1,,,,0,0,-1,,,,2025-03-31 04:50:43
12837,716738,20062,away,0,4-3-3,1,0,27,301685,Eleanor Heeps,Substitute,0,0,0,-1,,,,0,0,-1,,,,2025-03-31 04:50:43
12837,716738,20062,away,0,4-3-3,1,0,21,309086,Luana Bühler,Substitute,0,0,0,-1,,,,0,0,-1,,,,2025-03-31 04:50:43
12837,716738,20062,away,0,4-3-3,1,0,15,312233,Clare Hunt,Substitute,0,1,226804,17,226804.0,5280.0,88',0,0,-1,,,,2025-03-31 04:50:43
12837,716738,20062,away,0,4-3-3,1,0,23,312494,Rosella Ayane,Substitute,0,1,294268,7,294268.0,3900.0,65',0,0,-1,,,,2025-03-31 04:50:43
12837,716738,20062,away,0,4-3-3,1,0,29,294265,Ashleigh Neville,Substitute,0,1,314494,6,314494.0,4440.0,74',0,0,-1,,,,2025-03-31 04:50:43
12837,716739,19970,home,0,4-1-4-1,1,1,24,312460,Hannah Hampton,Goalkeeper,1,0,0,-1,,,,0,0,-1,,,,2025-03-31 04:50:43
12837,716739,19970,home,0,4-1-4-1,1,1,12,119954,Ashley Lawrence,Right Back,2,0,0,-1,,,,0,0,-1,,,,2025-03-31 04:50:43
12837,716739,19970,home,0,4-1-4-1,1,1,21,312480,Niamh Charles,Left Back,3,0,0,-1,,,,0,0,-1,,,,2025-03-31 04:50:43
12837,716739,19970,home,0,4-1-4-1,1,1,27,317637,Oriane Jean-François,Defensive Midfielder,4,0,0,-1,,,,0,0,-1,,,,2025-03-31 04:50:43
12837,716739,19970,home,0,4-1-4-1,1,1,14,255181,Nathalie Björn,Center Right Defender,5,0,0,-1,,,,0,0,-1,,,,2025-03-31 04:50:43
12837,716739,19970,home,0,4-1-4-1,1,1,4,248770,Millie Bright,Center Left Defender,6,0,0,-1,,,,1,188448,22,188448.0,2700.0,45',2025-03-31 04:50:43
12837,716739,19970,home,0,4-1-4-1,1,1,23,351356,Maika Hamano,Right Midfielder,7,0,0,-1,,,,1,293176,2,293176.0,4020.0,67',2025-03-31 04:50:43
12837,716739,19970,home,0,4-1-4-1,1,1,6,314382,Sjoeke Nüsken,Center Right Midfielder,8,0,0,-1,,,,1,268099,30,268099.0,4860.0,81',2025-03-31 04:50:43
12837,716739,19970,home,0,4-1-4-1,1,1,9,261568,Catarina Macario,Forward,9,0,0,-1,,,,0,0,-1,,,,2025-03-31 04:50:43
12837,716739,19970,home,0,4-1-4-1,1,1,8,257545,Erin Cuthbert,Center Left Midfielder,10,0,0,-1,,,,1,315453,18,315453.0,2700.0,45',2025-03-31 04:50:43
12837,716739,19970,home,0,4-1-4-1,1,1,33,313088,Aggie Beever-Jones,Left Midfielder,11,0,0,-1,,,,1,294253,10,294253.0,4020.0,67',2025-03-31 04:50:43
12837,716739,19970,home,0,4-1-4-1,1,0,30,268099,Keira Walsh,Substitute,0,1,314382,6,314382.0,4860.0,81',0,0,-1,,,,2025-03-31 04:50:43
12837,716739,19970,home,0,4-1-4-1,1,0,18,315453,Wieke Kaptein,Substitute,0,1,257545,8,257545.0,2700.0,45',0,0,-1,,,,2025-03-31 04:50:43
12837,716739,19970,home,0,4-1-4-1,1,0,10,294253,Lauren James,Substitute,0,1,313088,33,313088.0,4020.0,67',0,0,-1,,,,2025-03-31 04:50:43
12837,716739,19970,home,0,4-1-4-1,1,0,2,293176,Mia Fishel,Substitute,0,1,351356,23,351356.0,4020.0,67',0,0,-1,,,,2025-03-31 04:50:43
12837,716739,19970,home,0,4-1-4-1,1,0,7,288680,Mayra Ramírez,Substitute,0,0,0,-1,,,,0,0,-1,,,,2025-03-31 04:50:43
12837,716739,19970,home,0,4-1-4-1,1,0,38,286883,Rebecca Spencer,Substitute,0,0,0,-1,,,,0,0,-1,,,,2025-03-31 04:50:43
12837,716739,19970,home,0,4-1-4-1,1,0,19,264735,Johanna Rytting Kaneryd,Substitute,0,0,0,-1,,,,0,0,-1,,,,2025-03-31 04:50:43
12837,716739,19970,home,0,4-1-4-1,1,0,22,188448,Lucy Bronze,Substitute,0,1,248770,4,248770.0,2700.0,45',0,0,-1,,,,2025-03-31 04:50:43
12837,716739,19970,home,0,4-1-4-1,1,0,17,295673,Sandy Baltimore,Substitute,0,0,0,-1,,,,0,0,-1,,,,2025-03-31 04:50:43
12837,716739,19975,away,0,4-4-2,1,1,1,296372,Kinga Szemik,Goalkeeper,1,0,0,-1,,,,0,0,-1,,,,2025-03-31 04:50:43
12837,716739,19975,away,0,4-4-2,1,1,26,281682,Li Mengwen,Right Back,2,0,0,-1,,,,1,317807,13,317807.0,4380.0,73',2025-03-31 04:50:43
12837,716739,19975,away,0,4-4-2,1,1,29,252347,Verena Hanshaw,Left Back,3,0,0,-1,,,,0,0,-1,,,,2025-03-31 04:50:43
12837,716739,19975,away,0,4-4-2,1,1,4,349057,Oona Siren,Center Right Midfielder,4,0,0,-1,,,,0,0,-1,,,,2025-03-31 04:50:43
12837,716739,19975,away,0,4-4-2,1,1,5,312251,Amber Tysiak,Center Right Defender,5,0,0,-1,,,,0,0,-1,,,,2025-03-31 04:50:43
12837,716739,19975,away,0,4-4-2,1,1,14,235712,Shelina Zadorsky,Center Left Defender,6,0,0,-1,,,,1,298775,11,298775.0,4380.0,73',2025-03-31 04:50:43
12837,716739,19975,away,0,4-4-2,1,1,18,310225,Anouk Denton,Right Midfielder,7,0,0,-1,,,,1,257540,2,257540.0,2700.0,45',2025-03-31 04:50:43
12837,716739,19975,away,0,4-4-2,1,1,22,219825,Katrina Gorry,Center Left Midfielder,8,0,0,-1,,,,1,259752,10,259752.0,2100.0,35',2025-03-31 04:50:43
12837,716739,19975,away,0,4-4-2,1,1,9,287317,Riko Ueki,Center Left Forward,9,0,0,-1,,,,1,330350,77,330350.0,4380.0,73',2025-03-31 04:50:43
12837,716739,19975,away,0,4-4-2,1,1,19,374905,Shekiera Martinez,Center Right Forward,10,0,0,-1,,,,0,0,-1,,,,2025-03-31 04:50:43
12837,716739,19975,away,0,4-4-2,1,1,20,188069,Viviane Asseyi,Left Midfielder,11,0,0,-1,,,,0,0,-1,,,,2025-03-31 04:50:43
12837,716739,19975,away,0,4-4-2,1,0,35,362493,Princess Ademiluyi,Substitute,0,0,0,-1,,,,0,0,-1,,,,2025-03-31 04:50:43
12837,716739,19975,away,0,4-4-2,1,0,13,317807,Eva Nystrom,Substitute,0,1,281682,26,281682.0,4380.0,73',0,0,-1,,,,2025-03-31 04:50:43
12837,716739,19975,away,0,4-4-2,1,0,77,330350,Seraina Piubel,Substitute,0,1,287317,9,287317.0,4380.0,73',0,0,-1,,,,2025-03-31 04:50:43
12837,716739,19975,away,0,4-4-2,1,0,12,312486,Emma Harries,Substitute,0,0,0,-1,,,,0,0,-1,,,,2025-03-31 04:50:43
12837,716739,19975,away,0,4-4-2,1,0,2,257540,Kirsty Smith,Substitute,0,1,310225,18,310225.0,2700.0,45',0,0,-1,,,,2025-03-31 04:50:43
12837,716739,19975,away,0,4-4-2,1,0,10,259752,Dagný Brynjarsdóttir,Substitute,0,1,219825,22,219825.0,2100.0,35',0,0,-1,,,,2025-03-31 04:50:43
12837,716739,19975,away,0,4-4-2,1,0,17,264860,Camila Sáez,Substitute,0,0,0,-1,,,,0,0,-1,,,,2025-03-31 04:50:43
12837,716739,19975,away,0,4-4-2,1,0,11,298775,Manuela Paví,Substitute,0,1,235712,14,235712.0,4380.0,73',0,0,-1,,,,2025-03-31 04:50:43
12837,716739,19975,away,0,4-4-2,1,0,25,312461,Megan Walsh,Substitute,0,0,0,-1,,,,0,0,-1,,,,2025-03-31 04:50:43
12837,716740,19975,home,0,3-4-2-1,1,1,1,296372,Kinga Szemik,Goalkeeper,1,0,0,-1,,,,0,0,-1,,,,2025-04-20 15:46:12
12837,716740,19975,home,0,3-4-2-1,1,1,26,281682,Li Mengwen,Right Midfielder,2,0,0,-1,,,,0,0,-1,,,,2025-04-20 15:46:12
12837,716740,19975,home,0,3-4-2-1,1,1,29,252347,Verena Hanshaw,Left Midfielder,3,0,0,-1,,,,0,0,-1,,,,2025-04-20 15:46:12
12837,716740,19975,home,0,3-4-2-1,1,1,14,235712,Shelina Zadorsky,Center Left Defender,4,0,0,-1,,,,0,0,-1,,,,2025-04-20 15:46:12
12837,716740,19975,home,0,3-4-2-1,1,1,5,312251,Amber Tysiak,Center Defender,5,0,0,-1,,,,0,0,-1,,,,2025-04-20 15:46:12
12837,716740,19975,home,0,3-4-2-1,1,1,13,317807,Eva Nystrom,Center Right Defender,6,0,0,-1,,,,0,0,-1,,,,2025-04-20 15:46:12
12837,716740,19975,home,0,3-4-2-1,1,1,4,349057,Oona Siren,Center Right Midfielder,7,0,0,-1,,,,0,0,-1,,,,2025-04-20 15:46:12
12837,716740,19975,home,0,3-4-2-1,1,1,22,219825,Katrina Gorry,Center Left Midfielder,8,0,0,-1,,,,1,259752,10,259752.0,4680.0,78',2025-04-20 15:46:12
12837,716740,19975,home,0,3-4-2-1,1,1,9,287317,Riko Ueki,Forward,9,0,0,-1,,,,0,0,-1,,,,2025-04-20 15:46:12
12837,716740,19975,home,0,3-4-2-1,1,1,19,374905,Shekiera Martinez,Center Right Forward,10,0,0,-1,,,,1,298775,11,298775.0,5280.0,88',2025-04-20 15:46:12
12837,716740,19975,home,0,3-4-2-1,1,1,20,188069,Viviane Asseyi,Center Left Forward,11,0,0,-1,,,,1,330350,77,330350.0,3720.0,62',2025-04-20 15:46:12
12837,716740,19975,home,0,3-4-2-1,1,0,12,312486,Emma Harries,Substitute,0,0,0,-1,,,,0,0,-1,,,,2025-04-20 15:46:12
12837,716740,19975,home,0,3-4-2-1,1,0,35,362493,Princess Ademiluyi,Substitute,0,0,0,-1,,,,0,0,-1,,,,2025-04-20 15:46:12
12837,716740,19975,home,0,3-4-2-1,1,0,77,330350,Seraina Piubel,Substitute,0,1,188069,20,188069.0,3720.0,62',0,0,-1,,,,2025-04-20 15:46:12
12837,716740,19975,home,0,3-4-2-1,1,0,25,312461,Megan Walsh,Substitute,0,0,0,-1,,,,0,0,-1,,,,2025-04-20 15:46:12
12837,716740,19975,home,0,3-4-2-1,1,0,18,310225,Anouk Denton,Substitute,0,0,0,-1,,,,0,0,-1,,,,2025-04-20 15:46:12
12837,716740,19975,home,0,3-4-2-1,1,0,11,298775,Manuela Paví,Substitute,0,1,374905,19,374905.0,5280.0,88',0,0,-1,,,,2025-04-20 15:46:12
12837,716740,19975,home,0,3-4-2-1,1,0,17,264860,Camila Sáez,Substitute,0,0,0,-1,,,,0,0,-1,,,,2025-04-20 15:46:12
12837,716740,19975,home,0,3-4-2-1,1,0,10,259752,Dagný Brynjarsdóttir,Substitute,0,1,219825,22,219825.0,4680.0,78',0,0,-1,,,,2025-04-20 15:46:12
12837,716740,19975,home,0,3-4-2-1,1,0,2,257540,Kirsty Smith,Substitute,0,0,0,-1,,,,0,0,-1,,,,2025-04-20 15:46:12
12837,716740,20061,away,0,4-1-4-1,1,1,91,208938,Phallon Tullis-Joyce,Goalkeeper,1,0,0,-1,,,,0,0,-1,,,,2025-04-20 15:46:12
12837,716740,20061,away,0,4-1-4-1,1,1,14,267765,Jayde Riviere,Right Back,2,0,0,-1,,,,0,0,-1,,,,2025-04-20 15:46:12
12837,716740,20061,away,0,4-1-4-1,1,1,3,268536,Gabby George,Left Back,3,0,0,-1,,,,1,359233,2,359233.0,3840.0,64',2025-04-20 15:46:12
12837,716740,20061,away,0,4-1-4-1,1,1,20,283107,Hinata Miyazawa,Defensive Midfielder,4,0,0,-1,,,,1,219947,17,219947.0,4980.0,83',2025-04-20 15:46:12
12837,716740,20061,away,0,4-1-4-1,1,1,4,312462,Maya Le Tissier,Center Right Defender,5,0,0,-1,,,,0,0,-1,,,,2025-04-20 15:46:12
12837,716740,20061,away,0,4-1-4-1,1,1,21,294257,Millie Turner,Center Left Defender,6,0,0,-1,,,,0,0,-1,,,,2025-04-20 15:46:12
12837,716740,20061,away,0,4-1-4-1,1,1,15,328108,Celin Bizet,Right Midfielder,7,0,0,-1,,,,0,0,-1,,,,2025-04-20 15:46:12
12837,716740,20061,away,0,4-1-4-1,1,1,8,306883,Grace Clinton,Center Right Midfielder,8,0,0,-1,,,,0,0,-1,,,,2025-04-20 15:46:12
12837,716740,20061,away,0,4-1-4-1,1,1,19,298669,Elisabeth Terland,Forward,9,0,0,-1,,,,0,0,-1,,,,2025-04-20 15:46:12
12837,716740,20061,away,0,4-1-4-1,1,1,7,294255,Ella Toone,Center Left Midfielder,10,0,0,-1,,,,1,134423,28,134423.0,4380.0,73',2025-04-20 15:46:12
12837,716740,20061,away,0,4-1-4-1,1,1,11,294256,Leah Galton,Left Midfielder,11,0,0,-1,,,,1,295670,9,295670.0,3840.0,64',2025-04-20 15:46:12
12837,716740,20061,away,0,4-1-4-1,1,0,13,349220,Simi Awujo,Substitute,0,0,0,-1,,,,0,0,-1,,,,2025-04-20 15:46:12
12837,716740,20061,away,0,4-1-4-1,1,0,2,359233,Anna Sandberg,Substitute,0,1,268536,3,268536.0,3840.0,64',0,0,-1,,,,2025-04-20 15:46:12
12837,716740,20061,away,0,4-1-4-1,1,0,39,332051,Safia Middleton-Patel,Substitute,0,0,0,-1,,,,0,0,-1,,,,2025-04-20 15:46:12
12837,716740,20061,away,0,4-1-4-1,1,0,28,134423,Rachel Williams,Substitute,0,1,294255,7,294255.0,4380.0,73',0,0,-1,,,,2025-04-20 15:46:12
12837,716740,20061,away,0,4-1-4-1,1,0,1,323611,Kayla Rendell,Substitute,0,0,0,-1,,,,0,0,-1,,,,2025-04-20 15:46:12
12837,716740,20061,away,0,4-1-4-1,1,0,9,295670,Melvine Malard,Substitute,0,1,294256,11,294256.0,3840.0,64',0,0,-1,,,,2025-04-20 15:46:12
12837,716740,20061,away,0,4-1-4-1,1,0,5,293411,Aoife Mannion,Substitute,0,0,0,-1,,,,0,0,-1,,,,2025-04-20 15:46:12
12837,716740,20061,away,0,4-1-4-1,1,0,16,268103,Lisa Naalsund,Substitute,0,0,0,-1,,,,0,0,-1,,,,2025-04-20 15:46:12
12837,716740,20061,away,0,4-1-4-1,1,0,17,219947,Dominique Janssen,Substitute,0,1,283107,20,283107.0,4980.0,83',0,0,-1,,,,2025-04-20 15:46:12
12837,716741,20062,home,0,4-3-3,1,1,1,264730,Lize Kop,Goalkeeper,1,0,0,-1,,,,0,0,-1,,,,2025-04-21 02:18:28
12837,716741,20062,home,0,4-3-3,1,1,3,323599,Ella Morris,Right Back,2,0,0,-1,,,,0,0,-1,,,,2025-04-21 02:18:28
12837,716741,20062,home,0,4-3-3,1,1,29,294265,Ashleigh Neville,Left Back,3,0,0,-1,,,,0,0,-1,,,,2025-04-21 02:18:28
12837,716741,20062,home,0,4-3-3,1,1,24,286882,Drew Spence,Center Midfielder,4,0,0,-1,,,,0,0,-1,,,,2025-04-21 02:18:28
12837,716741,20062,home,0,4-3-3,1,1,12,314195,Josefine Rybrink,Center Right Defender,5,0,0,-1,,,,1,355373,31,355373.0,5400.0,90'+2',2025-04-21 02:18:28
12837,716741,20062,home,0,4-3-3,1,1,5,312487,Molly Bartrip,Center Left Defender,6,0,0,-1,,,,0,0,-1,,,,2025-04-21 02:18:28
12837,716741,20062,home,0,4-3-3,1,1,25,267666,Eveliina Summanen,Right Midfielder,7,0,0,-1,,,,0,0,-1,,,,2025-04-21 02:18:28
12837,716741,20062,home,0,4-3-3,1,1,10,320356,Maite Oroz,Left Midfielder,8,0,0,-1,,,,1,349567,13,349567.0,3720.0,62',2025-04-21 02:18:28
12837,716741,20062,home,0,4-3-3,1,1,17,226804,Martha Thomas,Forward,9,0,0,-1,,,,1,293410,9,293410.0,3720.0,62',2025-04-21 02:18:28
12837,716741,20062,home,0,4-3-3,1,1,11,314963,Olivia Holdt,Right Forward,10,0,0,-1,,,,0,0,-1,,,,2025-04-21 02:18:28
12837,716741,20062,home,0,4-3-3,1,1,7,294268,Jessica Naz,Left Forward,11,0,0,-1,,,,1,312494,23,312494.0,5040.0,84',2025-04-21 02:18:28
12837,716741,20062,home,0,4-3-3,1,0,23,312494,Rosella Ayane,Substitute,0,1,294268,7,294268.0,5040.0,84',0,0,-1,,,,2025-04-21 02:18:28
12837,716741,20062,home,0,4-3-3,1,0,14,311201,Anna Csiki,Substitute,0,0,0,-1,,,,0,0,-1,,,,2025-04-21 02:18:28
12837,716741,20062,home,0,4-3-3,1,0,6,314494,Amanda Nildén,Substitute,0,0,0,-1,,,,0,0,-1,,,,2025-04-21 02:18:28
12837,716741,20062,home,0,4-3-3,1,0,27,301685,Eleanor Heeps,Substitute,0,0,0,-1,,,,0,0,-1,,,,2025-04-21 02:18:28
12837,716741,20062,home,0,4-3-3,1,0,20,267679,Olga Ahtinen,Substitute,0,0,0,-1,,,,0,0,-1,,,,2025-04-21 02:18:28
12837,716741,20062,home,0,4-3-3,1,0,9,293410,Bethany England,Substitute,0,1,226804,17,226804.0,3720.0,62',0,0,-1,,,,2025-04-21 02:18:28
12837,716741,20062,home,0,4-3-3,1,0,13,349567,Matilda Vinberg,Substitute,0,1,320356,10,320356.0,3720.0,62',0,0,-1,,,,2025-04-21 02:18:28
12837,716741,20062,home,0,4-3-3,1,0,31,355373,Lenna Gunning-Williams,Substitute,0,1,314195,12,314195.0,5400.0,90'+2',0,0,-1,,,,2025-04-21 02:18:28
12837,716741,20062,home,0,4-3-3,1,0,15,312233,Clare Hunt,Substitute,0,0,0,-1,,,,0,0,-1,,,,2025-04-21 02:18:28
12837,716741,20707,away,1,3-4-1-2,1,1,1,209364,Sabrina D'Angelo,Goalkeeper,1,0,0,-1,,,,0,0,-1,,,,2025-04-21 02:18:28
12837,716741,20707,away,1,3-4-1-2,1,1,23,309858,Chasity Grant,Right Midfielder,2,0,0,-1,,,,0,0,-1,,,,2025-04-21 02:18:28
12837,716741,20707,away,1,3-4-1-2,1,1,33,312497,Mayumi Pacheco,Left Midfielder,3,0,0,-1,,,,0,0,-1,,,,2025-04-21 02:18:28
12837,716741,20707,away,1,3-4-1-2,1,1,16,220024,Noelle Maritz,Center Left Defender,4,0,0,-1,,,,0,0,-1,,,,2025-04-21 02:18:28
12837,716741,20707,away,1,3-4-1-2,1,1,4,262611,Anna Patten,Center Defender,5,0,0,-1,,,,0,0,-1,,,,2025-04-21 02:18:28
12837,716741,20707,away,1,3-4-1-2,1,1,15,261804,Lucy Parker,Center Right Defender,6,0,0,-1,,,,0,0,-1,,,,2025-04-21 02:18:28
12837,716741,20707,away,1,3-4-1-2,1,1,5,280984,Lucy Staniforth,Center Right Midfielder,7,0,0,-1,,,,1,257469,28,257469.0,5400.0,90'+3',2025-04-21 02:18:28
12837,716741,20707,away,1,3-4-1-2,1,1,25,338756,Miri Taylor,Center Left Midfielder,8,0,0,-1,,,,1,294252,20,294252.0,4260.0,71',2025-04-21 02:18:28
12837,716741,20707,away,1,3-4-1-2,1,1,7,323523,Missy Bo Kearns,Attacking Midfielder,9,0,0,-1,,,,0,0,-1,,,,2025-04-21 02:18:28
12837,716741,20707,away,1,3-4-1-2,1,1,17,294246,Ebony Salmon,Center Right Forward,10,0,0,-1,,,,1,317630,22,317630.0,4800.0,80',2025-04-21 02:18:28
12837,716741,20707,away,1,3-4-1-2,1,1,9,248769,Rachel Daly,Center Left Forward,11,0,0,-1,,,,0,0,-1,,,,2025-04-21 02:18:28
12837,716741,20707,away,1,3-4-1-2,1,0,28,257469,Gabi Nunes,Substitute,0,1,280984,5,280984.0,5400.0,90'+3',0,0,-1,,,,2025-04-21 02:18:28
12837,716741,20707,away,1,3-4-1-2,1,0,11,312467,Katie Robinson,Substitute,0,0,0,-1,,,,0,0,-1,,,,2025-04-21 02:18:28
12837,716741,20707,away,1,3-4-1-2,1,0,14,312484,Danielle Turner,Substitute,0,0,0,-1,,,,0,0,-1,,,,2025-04-21 02:18:28
12837,716741,20707,away,1,3-4-1-2,1,0,22,317630,Jill Baijings,Substitute,0,1,294246,17,294246.0,4800.0,80',0,0,-1,,,,2025-04-21 02:18:28
12837,716741,20707,away,1,3-4-1-2,1,0,20,294252,Kirsty Hanson,Substitute,0,1,338756,25,338756.0,4260.0,71',0,0,-1,,,,2025-04-21 02:18:28
12837,716741,20707,away,1,3-4-1-2,1,0,30,351745,Katelin Talbert,Substitute,0,0,0,-1,,,,0,0,-1,,,,2025-04-21 02:18:28
12837,716741,20707,away,1,3-4-1-2,1,0,37,377185,Lydia Sallaway,Substitute,0,0,0,-1,,,,0,0,-1,,,,2025-04-22 04:56:43
12837,716741,20707,away,1,3-4-1-2,1,0,38,386828,Rachel Maltby,Substitute,0,0,0,-1,,,,0,0,-1,,,,2025-04-21 02:18:28
12837,716741,20707,away,1,3-4-1-2,1,0,8,178854,Jordan Nobbs,Substitute,0,0,0,-1,,,,0,0,-1,,,,2025-04-21 02:18:28
12837,716742,19257,home,0,4-2-3-1,1,1,35,314954,Khiara Keating,Goalkeeper,1,0,0,-1,,,,0,0,-1,,,,2025-04-21 02:18:28
12837,716742,19257,home,0,4-2-3-1,1,1,18,309904,Kerstin Casparij,Right Back,2,0,0,-1,,,,0,0,-1,,,,2025-04-21 02:18:28
12837,716742,19257,home,0,4-2-3-1,1,1,15,249105,Leila Ouahabi,Left Back,3,0,0,-1,,,,0,0,-1,,,,2025-04-21 02:18:28
12837,716742,19257,home,0,4-2-3-1,1,1,25,256228,Yui Hasegawa,Left Midfielder,4,0,0,-1,,,,0,0,-1,,,,2025-04-21 02:18:28
12837,716742,19257,home,0,4-2-3-1,1,1,28,353342,Gracie Prior,Center Right Defender,5,0,0,-1,,,,0,0,-1,,,,2025-04-21 02:18:28
12837,716742,19257,home,0,4-2-3-1,1,1,27,351683,Rebecca Knaak,Center Left Defender,6,0,0,-1,,,,1,306881,3,306881.0,3720.0,62',2025-04-21 02:18:28
12837,716742,19257,home,0,4-2-3-1,1,1,16,296503,Jess Park,Attacking Midfielder Right,7,0,0,-1,,,,0,0,-1,,,,2025-04-21 02:18:28
12837,716742,19257,home,0,4-2-3-1,1,1,4,286338,Laia Aleixandri,Right Midfielder,8,0,0,-1,,,,0,0,-1,,,,2025-04-21 02:18:28
12837,716742,19257,home,0,4-2-3-1,1,1,14,281475,Kerolin,Forward,9,0,0,-1,,,,0,0,-1,,,,2025-04-21 02:18:28
12837,716742,19257,home,0,4-2-3-1,1,1,7,229456,Laura Coombs,Attacking Midfielder,10,0,0,-1,,,,0,0,-1,,,,2025-04-21 02:18:28
12837,716742,19257,home,0,4-2-3-1,1,1,46,390468,Lily Murphy,Attacking Midfielder Left,11,0,0,-1,,,,1,268324,13,268324.0,4320.0,72',2025-04-21 02:18:28
12837,716742,19257,home,0,4-2-3-1,1,0,30,399001,Aemu Oyama,Substitute,0,0,0,-1,,,,0,0,-1,,,,2025-04-21 02:18:28
12837,716742,19257,home,0,4-2-3-1,1,0,31,223470,Ayaka Yamashita,Substitute,0,0,0,-1,,,,0,0,-1,,,,2025-04-21 02:18:28
12837,716742,19257,home,0,4-2-3-1,1,0,13,268324,Laura Wienroither,Substitute,0,1,390468,46,390468.0,4320.0,72',0,0,-1,,,,2025-04-21 02:18:28
12837,716742,19257,home,0,4-2-3-1,1,0,47,390466,Sacha Lewis,Substitute,0,0,0,-1,,,,0,0,-1,,,,2025-04-21 02:18:28
12837,716742,19257,home,0,4-2-3-1,1,0,44,390465,Codie Thomas,Substitute,0,0,0,-1,,,,0,0,-1,,,,2025-04-21 02:18:28
12837,716742,19257,home,0,4-2-3-1,1,0,12,352864,Eve Annets,Substitute,0,0,0,-1,,,,0,0,-1,,,,2025-04-21 02:18:28
12837,716742,19257,home,0,4-2-3-1,1,0,53,380968,Mayzee Davies,Substitute,0,0,0,-1,,,,0,0,-1,,,,2025-04-21 02:18:28
12837,716742,19257,home,0,4-2-3-1,1,0,3,306881,Naomi Layzell,Substitute,0,1,351683,27,351683.0,3720.0,62',0,0,-1,,,,2025-04-21 02:18:28
12837,716742,19257,home,0,4-2-3-1,1,0,40,304863,Katie Startup,Substitute,0,0,0,-1,,,,0,0,-1,,,,2025-04-21 02:18:28
12837,716742,19972,away,0,4-4-2,1,1,12,294254,Emily Ramsey,Goalkeeper,1,0,0,-1,,,,0,0,-1,,,,2025-04-21 02:18:28
12837,716742,19972,away,0,4-4-2,1,1,28,285191,Karen Holmgaard,Right Back,2,0,0,-1,,,,1,378053,4,378053.0,4020.0,67',2025-04-21 02:18:28
12837,716742,19972,away,0,4-4-2,1,1,23,287392,Sara Holmgaard,Left Back,3,0,0,-1,,,,0,0,-1,,,,2025-04-21 02:18:28
12837,716742,19972,away,0,4-4-2,1,1,8,293328,Justine Vanhaevermaet,Center Right Midfielder,4,0,0,-1,,,,0,0,-1,,,,2025-04-21 02:18:28
12837,716742,19972,away,0,4-4-2,1,1,5,334991,Martina Fernández,Center Right Defender,5,0,0,-1,,,,0,0,-1,,,,2025-04-21 02:18:28
12837,716742,19972,away,0,4-4-2,1,1,27,349927,Elise Stenevik,Center Left Defender,6,0,0,-1,,,,0,0,-1,,,,2025-04-21 02:18:28
12837,716742,19972,away,0,4-4-2,1,1,25,270037,Katja Snoeijs,Right Midfielder,7,0,0,-1,,,,1,312559,21,312559.0,4020.0,67',2025-04-21 02:18:28
12837,716742,19972,away,0,4-4-2,1,1,7,300568,Clare Wheeler,Center Left Midfielder,8,0,0,-1,,,,0,0,-1,,,,2025-04-21 02:18:28
12837,716742,19972,away,0,4-4-2,1,1,9,211151,Toni Payne,Center Left Forward,9,0,0,-1,,,,0,0,-1,,,,2025-04-21 02:18:28
12837,716742,19972,away,0,4-4-2,1,1,26,285178,Rikke Madsen,Center Right Forward,10,0,0,-1,,,,1,255452,14,255452.0,3540.0,59',2025-04-21 02:18:28
12837,716742,19972,away,0,4-4-2,1,1,6,303336,Honoka Hayashi,Left Midfielder,11,0,0,-1,,,,1,364520,47,364520.0,2700.0,45',2025-04-21 02:18:28
12837,716742,19972,away,0,4-4-2,1,0,18,361722,Emma Watson,Substitute,0,0,0,-1,,,,0,0,-1,,,,2025-04-21 02:18:28
12837,716742,19972,away,0,4-4-2,1,0,47,364520,Karoline Olesen,Substitute,0,1,303336,6,303336.0,2700.0,45',0,0,-1,,,,2025-04-21 02:18:28
12837,716742,19972,away,0,4-4-2,1,0,4,378053,Issy Hobson,Substitute,0,1,285191,28,285191.0,4020.0,67',0,0,-1,,,,2025-04-21 02:18:28
12837,716742,19972,away,0,4-4-2,1,0,42,211994,Lauren Thomas,Substitute,0,0,0,-1,,,,0,0,-1,,,,2025-04-21 02:18:28
12837,716742,19972,away,0,4-4-2,1,0,21,312559,Veatriki Sarri,Substitute,0,1,270037,25,270037.0,4020.0,67',0,0,-1,,,,2025-04-21 02:18:28
12837,716742,19972,away,0,4-4-2,1,0,16,259315,Hayley Ladd,Substitute,0,0,0,-1,,,,0,0,-1,,,,2025-04-21 02:18:28
12837,716742,19972,away,0,4-4-2,1,0,14,255452,Melissa Lawley,Substitute,0,1,285178,26,,,,0,0,-1,,,,2025-04-21 02:18:28
12837,716742,19972,away,0,4-4-2,1,0,1,209174,Courtney Brosnan,Substitute,0,0,0,-1,,,,0,0,-1,,,,2025-04-21 02:18:28
12837,716742,19972,away,0,4-4-2,1,0,24,335000,Kenzie Weir,Substitute,0,0,0,-1,,,,0,0,-1,,,,2025-04-21 02:18:28
12837,716743,19970,home,1,4-2-3-1,1,1,24,312460,Hannah Hampton,Goalkeeper,1,0,0,-1,,,,0,0,-1,,,,2025-04-24 12:04:55
12837,716743,19970,home,1,4-2-3-1,1,1,12,119954,Ashley Lawrence,Right Back,2,0,0,-1,,,,0,0,-1,,,,2025-04-24 12:04:55
12837,716743,19970,home,1,4-2-3-1,1,1,21,312480,Niamh Charles,Left Back,3,0,0,-1,,,,0,0,-1,,,,2025-04-24 12:04:55
12837,716743,19970,home,1,4-2-3-1,1,1,6,314382,Sjoeke Nüsken,Left Midfielder,4,0,0,-1,,,,0,0,-1,,,,2025-04-24 12:04:55
12837,716743,19970,home,1,4-2-3-1,1,1,16,283720,Naomi Girma,Center Right Defender,5,0,0,-1,,,,1,188448,22,188448.0,2700.0,45',2025-04-24 12:04:55
12837,716743,19970,home,1,4-2-3-1,1,1,4,248770,Millie Bright,Center Left Defender,6,0,0,-1,,,,1,347124,25,347124.0,4080.0,68',2025-04-24 12:04:55
12837,716743,19970,home,1,4-2-3-1,1,1,17,295673,Sandy Baltimore,Attacking Midfielder Right,7,0,0,-1,,,,1,351356,23,351356.0,3360.0,56',2025-04-24 12:04:55
12837,716743,19970,home,1,4-2-3-1,1,1,27,317637,Oriane Jean-François,Right Midfielder,8,0,0,-1,,,,0,0,-1,,,,2025-04-24 12:04:55
12837,716743,19970,home,1,4-2-3-1,1,1,33,313088,Aggie Beever-Jones,Forward,9,0,0,-1,,,,1,293176,2,293176.0,2700.0,45',2025-04-24 12:04:55
12837,716743,19970,home,1,4-2-3-1,1,1,9,261568,Catarina Macario,Attacking Midfielder,10,0,0,-1,,,,0,0,-1,,,,2025-04-24 12:04:55
12837,716743,19970,home,1,4-2-3-1,1,1,11,257483,Guro Reiten,Attacking Midfielder Left,11,0,0,-1,,,,1,264735,19,264735.0,3360.0,56',2025-04-24 12:04:55
12837,716743,19970,home,1,4-2-3-1,1,0,8,257545,Erin Cuthbert,Substitute,0,0,0,-1,,,,0,0,-1,,,,2025-04-24 12:04:55
12837,716743,19970,home,1,4-2-3-1,1,0,23,351356,Maika Hamano,Substitute,0,1,295673,17,295673.0,3360.0,56',0,0,-1,,,,2025-04-24 12:04:55
12837,716743,19970,home,1,4-2-3-1,1,0,25,347124,Maelys Mpomé,Substitute,0,1,248770,4,248770.0,4080.0,68',0,0,-1,,,,2025-04-24 12:04:55
12837,716743,19970,home,1,4-2-3-1,1,0,2,293176,Mia Fishel,Substitute,0,1,313088,33,313088.0,2700.0,45',0,0,-1,,,,2025-04-24 12:04:55
12837,716743,19970,home,1,4-2-3-1,1,0,7,288680,Mayra Ramírez,Substitute,0,0,0,-1,,,,0,0,-1,,,,2025-04-24 12:04:55
12837,716743,19970,home,1,4-2-3-1,1,0,38,286883,Rebecca Spencer,Substitute,0,0,0,-1,,,,0,0,-1,,,,2025-04-24 12:04:55
12837,716743,19970,home,1,4-2-3-1,1,0,30,268099,Keira Walsh,Substitute,0,0,0,-1,,,,0,0,-1,,,,2025-04-24 12:04:55
12837,716743,19970,home,1,4-2-3-1,1,0,19,264735,Johanna Rytting Kaneryd,Substitute,0,1,257483,11,257483.0,3360.0,56',0,0,-1,,,,2025-04-24 12:04:55
12837,716743,19970,home,1,4-2-3-1,1,0,22,188448,Lucy Bronze,Substitute,0,1,283720,16,283720.0,2700.0,45',0,0,-1,,,,2025-04-24 12:04:55
12837,716743,21037,away,0,4-2-3-1,1,1,30,224886,Shae Yanez,Goalkeeper,1,0,0,-1,,,,0,0,-1,,,,2025-04-24 12:04:55
12837,716743,21037,away,0,4-2-3-1,1,1,8,324879,Molly-Mae Sharpe,Right Back,2,0,0,-1,,,,0,0,-1,,,,2025-04-24 12:04:55
12837,716743,21037,away,0,4-2-3-1,1,1,23,288977,Lily Woodham,Left Back,3,0,0,-1,,,,0,0,-1,,,,2025-04-24 12:04:55
12837,716743,21037,away,0,4-2-3-1,1,1,5,392348,My Cato,Left Midfielder,4,0,0,-1,,,,1,323499,10,323499.0,5040.0,84',2025-04-24 12:04:55
12837,716743,21037,away,0,4-2-3-1,1,1,15,296781,Hayley Nolan,Center Right Defender,5,0,0,-1,,,,0,0,-1,,,,2025-04-24 12:04:55
12837,716743,21037,away,0,4-2-3-1,1,1,29,262811,Allyson Swaby,Center Left Defender,6,0,0,-1,,,,0,0,-1,,,,2025-04-24 12:04:55
12837,716743,21037,away,0,4-2-3-1,1,1,11,314575,Ashleigh Weerden,Attacking Midfielder Right,7,0,0,-1,,,,1,267672,16,267672.0,3540.0,59',2025-04-24 12:04:55
12837,716743,21037,away,0,4-2-3-1,1,1,4,257534,Chloe Arthur,Right Midfielder,8,0,0,-1,,,,0,0,-1,,,,2025-04-24 12:04:55
12837,716743,21037,away,0,4-2-3-1,1,1,21,349219,Clarissa Laris­ey,Forward,9,0,0,-1,,,,1,265532,9,265532.0,3540.0,59',2025-04-24 12:04:55
12837,716743,21037,away,0,4-2-3-1,1,1,28,290269,Katie Stengel,Attacking Midfielder,10,0,0,-1,,,,1,336368,27,336368.0,3540.0,59',2025-04-24 12:04:55
12837,716743,21037,away,0,4-2-3-1,1,1,22,285187,Mille Gejl,Attacking Midfielder Left,11,0,0,-1,,,,1,259626,14,259626.0,3060.0,51',2025-04-24 12:04:55
12837,716743,21037,away,0,4-2-3-1,1,0,27,336368,Abbie Larkin,Substitute,0,1,290269,28,290269.0,3540.0,59',0,0,-1,,,,2025-04-24 12:04:55
12837,716743,21037,away,0,4-2-3-1,1,0,77,328245,Isibeal Atkinson,Substitute,0,0,0,-1,,,,0,0,-1,,,,2025-04-24 12:04:55
12837,716743,21037,away,0,4-2-3-1,1,0,19,335986,Milla-Maj Majasaari,Substitute,0,0,0,-1,,,,0,0,-1,,,,2025-04-24 12:04:55
12837,716743,21037,away,0,4-2-3-1,1,0,20,300434,Indiah-Paige Riley,Substitute,0,0,0,-1,,,,0,0,-1,,,,2025-04-24 12:04:55
12837,716743,21037,away,0,4-2-3-1,1,0,10,323499,Annabel Blanchard,Substitute,0,1,392348,5,392348.0,5040.0,84',0,0,-1,,,,2025-04-24 12:04:55
12837,716743,21037,away,0,4-2-3-1,1,0,14,259626,Josie Green,Substitute,0,1,285187,22,285187.0,3060.0,51',0,0,-1,,,,2025-04-24 12:04:55
12837,716743,21037,away,0,4-2-3-1,1,0,9,265532,Elise Hughes,Substitute,0,1,349219,21,349219.0,3540.0,59',0,0,-1,,,,2025-04-24 12:04:55
12837,716743,21037,away,0,4-2-3-1,1,0,2,140056,Katrine Veje,Substitute,0,0,0,-1,,,,0,0,-1,,,,2025-04-24 12:04:55
12837,716743,21037,away,0,4-2-3-1,1,0,16,267672,Ria Oling,Substitute,0,1,314575,11,314575.0,3540.0,59',0,0,-1,,,,2025-04-24 12:04:55
12837,716744,19973,home,1,4-2-3-1,1,1,1,252339,Manuela Zinsberger,Goalkeeper,1,0,0,-1,,,,0,0,-1,,,,2025-04-17 04:53:19
12837,716744,19973,home,1,4-2-3-1,1,1,2,263684,Emily Fox,Right Back,2,0,0,-1,,,,0,0,-1,,,,2025-04-17 04:53:19
12837,716744,19973,home,1,4-2-3-1,1,1,11,219079,Katie McCabe,Left Back,3,0,0,-1,,,,0,0,-1,,,,2025-04-17 04:53:19
12837,716744,19973,home,1,4-2-3-1,1,1,8,257473,Mariona Caldentey,Left Midfielder,4,0,0,-1,,,,0,0,-1,,,,2025-04-17 04:53:19
12837,716744,19973,home,1,4-2-3-1,1,1,6,268100,Leah Williamson,Center Right Defender,5,0,0,-1,,,,1,188004,28,188004.0,4920.0,82',2025-04-17 04:53:19
12837,716744,19973,home,1,4-2-3-1,1,1,7,219822,Steph Catley,Center Left Defender,6,0,0,-1,,,,1,350679,62,350679.0,4020.0,67',2025-04-17 04:53:19
12837,716744,19973,home,1,4-2-3-1,1,1,9,280982,Beth Mead,Attacking Midfielder Right,7,0,0,-1,,,,0,0,-1,,,,2025-04-17 04:53:19
12837,716744,19973,home,1,4-2-3-1,1,1,10,176041,Kim Little,Right Midfielder,8,0,0,-1,,,,1,288907,32,288907.0,4020.0,67',2025-04-17 04:53:19
12837,716744,19973,home,1,4-2-3-1,1,1,25,240274,Stina Blackstenius,Forward,9,0,0,-1,,,,0,0,-1,,,,2025-04-17 04:53:19
12837,716744,19973,home,1,4-2-3-1,1,1,12,259331,Frida Maanum,Attacking Midfielder,10,0,0,-1,,,,1,270056,21,270056.0,2700.0,45',2025-04-17 04:53:19
12837,716744,19973,home,1,4-2-3-1,1,1,19,158678,Caitlin Foord,Attacking Midfielder Left,11,0,0,-1,,,,1,220015,13,220015.0,2700.0,45',2025-04-17 04:53:19
12837,716744,19973,home,1,4-2-3-1,1,0,21,270056,Victoria Pelova,Substitute,0,1,259331,12,259331.0,2700.0,45',0,0,-1,,,,2025-04-17 04:53:19
12837,716744,19973,home,1,4-2-3-1,1,0,40,351240,Naomi Williams,Substitute,0,0,0,-1,,,,0,0,-1,,,,2025-04-17 04:53:19
12837,716744,19973,home,1,4-2-3-1,1,0,62,350679,Katie Reid,Substitute,0,1,219822,7,219822.0,4020.0,67',0,0,-1,,,,2025-04-17 04:53:19
12837,716744,19973,home,1,4-2-3-1,1,0,16,350636,Rosa Kafaji,Substitute,0,0,0,-1,,,,0,0,-1,,,,2025-04-17 04:53:19
12837,716744,19973,home,1,4-2-3-1,1,0,22,292633,Jenna Nighswonger,Substitute,0,0,0,-1,,,,0,0,-1,,,,2025-04-17 04:53:19
12837,716744,19973,home,1,4-2-3-1,1,0,32,288907,Kyra Cooney-Cross,Substitute,0,1,176041,10,176041.0,4020.0,67',0,0,-1,,,,2025-04-17 04:53:19
12837,716744,19973,home,1,4-2-3-1,1,0,28,188004,Amanda Ilestedt,Substitute,0,1,268100,6,268100.0,4920.0,82',0,0,-1,,,,2025-04-17 04:53:19
12837,716744,19973,home,1,4-2-3-1,1,0,13,220015,Lia Wälti,Substitute,0,1,158678,19,158678.0,2700.0,45',0,0,-1,,,,2025-04-17 04:53:19
12837,716744,21036,away,0,4-2-3-1,1,1,1,328082,Janina Leitzig,Goalkeeper,1,0,0,-1,,,,0,0,-1,,,,2025-04-17 04:53:19
12837,716744,21036,away,0,4-2-3-1,1,1,4,219962,C.J. Bott,Right Back,2,0,0,-1,,,,1,300518,2,300518.0,4020.0,67',2025-04-17 04:53:19
12837,716744,21036,away,0,4-2-3-1,1,1,12,304854,Asmita Ale,Left Back,3,0,0,-1,,,,0,0,-1,,,,2025-04-17 04:53:19
12837,716744,21036,away,0,4-2-3-1,1,1,11,257569,Janice Cayman,Left Midfielder,4,0,0,-1,,,,0,0,-1,,,,2025-04-17 04:53:19
12837,716744,21036,away,0,4-2-3-1,1,1,5,210382,Sophie Howard,Center Right Defender,5,0,0,-1,,,,0,0,-1,,,,2025-04-17 04:53:19
12837,716744,21036,away,0,4-2-3-1,1,1,17,317638,Julie Thibaud,Center Left Defender,6,0,0,-1,,,,0,0,-1,,,,2025-04-17 04:53:19
12837,716744,21036,away,0,4-2-3-1,1,1,21,323496,Hannah Cain,Attacking Midfielder Right,7,0,0,-1,,,,1,294600,20,294600.0,3780.0,63',2025-04-17 04:53:19
12837,716744,21036,away,0,4-2-3-1,1,1,3,323495,Sam Tierney,Right Midfielder,8,0,0,-1,,,,1,288888,6,288888.0,4860.0,81',2025-04-17 04:53:19
12837,716744,21036,away,0,4-2-3-1,1,1,27,323505,Shannon O'Brien,Forward,9,0,0,-1,,,,1,270127,14,270127.0,3780.0,63',2025-04-17 04:53:19
12837,716744,21036,away,0,4-2-3-1,1,1,29,256223,Yuka Momiki,Attacking Midfielder,10,0,0,-1,,,,0,0,-1,,,,2025-04-17 04:53:19
12837,716744,21036,away,0,4-2-3-1,1,1,28,344373,Shana Chossenotte,Attacking Midfielder Left,11,0,0,-1,,,,1,386685,53,386685.0,4920.0,82',2025-04-17 04:53:19
12837,716744,21036,away,0,4-2-3-1,1,0,14,270127,Hlin Eiriksdottir,Substitute,0,1,323505,27,323505.0,3780.0,63',0,0,-1,,,,2025-04-17 04:53:19
12837,716744,21036,away,0,4-2-3-1,1,0,6,288888,Saori Takarada,Substitute,0,1,323495,3,323495.0,4860.0,81',0,0,-1,,,,2025-04-17 04:53:19
12837,716744,21036,away,0,4-2-3-1,1,0,13,288976,Olivia Clarke,Substitute,0,0,0,-1,,,,0,0,-1,,,,2025-04-17 04:53:19
12837,716744,21036,away,0,4-2-3-1,1,0,20,294600,Missy Goodwin,Substitute,0,1,323496,21,323496.0,3780.0,63',0,0,-1,,,,2025-04-17 04:53:19
12837,716744,21036,away,0,4-2-3-1,1,0,2,300518,Courtney Nevin,Substitute,0,1,219962,4,219962.0,4020.0,67',0,0,-1,,,,2025-04-17 04:53:19
12837,716744,21036,away,0,4-2-3-1,1,0,7,235714,Deanne Rose,Substitute,0,0,0,-1,,,,0,0,-1,,,,2025-04-17 04:53:19
12837,716744,21036,away,0,4-2-3-1,1,0,47,376668,Simone Sherwood,Substitute,0,0,0,-1,,,,0,0,-1,,,,2025-04-17 04:53:19
12837,716744,21036,away,0,4-2-3-1,1,0,53,386685,Nelly Las,Substitute,0,1,344373,28,344373.0,4920.0,82',0,0,-1,,,,2025-04-17 04:53:19
12837,716744,21036,away,0,4-2-3-1,1,0,25,395075,Karla Torres,Substitute,0,0,0,-1,,,,0,0,-1,,,,2025-04-17 04:53:19
12837,716745,19976,home,0,4-3-3,1,1,28,367224,Melina Loeck,Goalkeeper,1,0,0,-1,,,,0,0,-1,,,,2025-04-20 15:46:12
12837,716745,19976,home,0,4-3-3,1,1,27,257536,Rachel McLauchlan,Right Back,2,0,0,-1,,,,1,339641,22,339641.0,2700.0,45',2025-04-20 15:46:12
12837,716745,19976,home,0,4-3-3,1,1,3,294247,Poppy Pattinson,Left Back,3,0,0,-1,,,,1,309906,19,309906.0,2700.0,45',2025-04-20 15:46:12
12837,716745,19976,home,0,4-3-3,1,1,18,313706,Maisie Symonds,Center Midfielder,4,0,0,-1,,,,0,0,-1,,,,2025-04-20 15:46:12
12837,716745,19976,home,0,4-3-3,1,1,5,213937,Guro Bergsvand,Center Right Defender,5,0,0,-1,,,,0,0,-1,,,,2025-04-20 15:46:12
12837,716745,19976,home,0,4-3-3,1,1,23,324775,Marit Auée,Center Left Defender,6,0,0,-1,,,,1,312215,33,312215.0,5400.0,90'+7',2025-04-20 15:46:12
12837,716745,19976,home,0,4-3-3,1,1,10,314994,Jelena Cankovic,Right Midfielder,7,0,0,-1,,,,1,305984,20,305984.0,4860.0,81',2025-04-20 15:46:12
12837,716745,19976,home,0,4-3-3,1,1,15,309978,Nadine Noordam,Left Midfielder,8,0,0,-1,,,,1,296778,11,296778.0,2700.0,45',2025-04-20 15:46:12
12837,716745,19976,home,0,4-3-3,1,1,14,219773,Fran Kirby,Forward,9,0,0,-1,,,,0,0,-1,,,,2025-04-20 15:46:12
12837,716745,19976,home,0,4-3-3,1,1,59,350678,Michelle Agyemang,Right Forward,10,0,0,-1,,,,0,0,-1,,,,2025-04-20 15:46:12
12837,716745,19976,home,0,4-3-3,1,1,9,246314,Nikita Parris,Left Forward,11,0,0,-1,,,,0,0,-1,,,,2025-04-20 15:46:12
12837,716745,19976,home,0,4-3-3,1,0,17,325852,Bex Rayner,Substitute,0,0,0,-1,,,,0,0,-1,,,,2025-04-20 15:46:12
12837,716745,19976,home,0,4-3-3,1,0,22,339641,Dejana Stefanovic,Substitute,0,1,257536,27,257536.0,2700.0,45',0,0,-1,,,,2025-04-20 15:46:12
12837,716745,19976,home,0,4-3-3,1,0,33,312215,Charlize Rule,Substitute,0,1,324775,23,324775.0,5400.0,90'+7',0,0,-1,,,,2025-04-20 15:46:12
12837,716745,19976,home,0,4-3-3,1,0,63,380654,Olivia Johnson,Substitute,0,0,0,-1,,,,0,0,-1,,,,2025-04-20 15:46:12
12837,716745,19976,home,0,4-3-3,1,0,19,309906,Marisa Olislagers,Substitute,0,1,294247,3,294247.0,2700.0,45',0,0,-1,,,,2025-04-20 15:46:12
12837,716745,19976,home,0,4-3-3,1,0,20,305984,Bruna Vilamala,Substitute,0,1,314994,10,314994.0,4860.0,81',0,0,-1,,,,2025-04-20 15:46:12
12837,716745,19976,home,0,4-3-3,1,0,11,296778,Kiko Seike,Substitute,0,1,309978,15,309978.0,2700.0,45',0,0,-1,,,,2025-04-20 15:46:12
12837,716745,19976,home,0,4-3-3,1,0,12,367065,Caitlin Hayes,Substitute,0,0,0,-1,,,,0,0,-1,,,,2025-04-20 15:46:12
12837,716745,19976,home,0,4-3-3,1,0,32,249106,Sophie Baggaley,Substitute,0,0,0,-1,,,,0,0,-1,,,,2025-04-20 15:46:12
12837,716745,19971,away,1,4-2-2-2,1,1,1,230835,Rachael Laws,Goalkeeper,1,0,0,-1,,,,0,0,-1,,,,2025-04-20 15:46:12
12837,716745,19971,away,1,4-2-2-2,1,1,12,323520,Taylor Hinds,Right Back,2,0,0,-1,,,,0,0,-1,,,,2025-04-20 15:46:12
12837,716745,19971,away,1,4-2-2-2,1,1,29,311207,Alejandra Bernabe,Left Back,3,0,0,-1,,,,1,259312,3,259312.0,3480.0,58',2025-04-20 15:46:12
12837,716745,19971,away,1,4-2-2-2,1,1,8,282995,Fuka Nagano,Center Right Midfielder,4,0,0,-1,,,,0,0,-1,,,,2025-04-20 15:46:12
12837,716745,19971,away,1,4-2-2-2,1,1,4,261669,Grace Fisk,Center Right Defender,5,0,0,-1,,,,0,0,-1,,,,2025-04-20 15:46:12
12837,716745,19971,away,1,4-2-2-2,1,1,23,188447,Gemma Bonner,Center Left Defender,6,0,0,-1,,,,0,0,-1,,,,2025-04-20 15:46:12
12837,716745,19971,away,1,4-2-2-2,1,1,11,279337,Olivia Smith,Attacking Midfielder Right,7,0,0,-1,,,,1,389652,7,389652.0,2700.0,45'+6',2025-04-20 15:46:12
12837,716745,19971,away,1,4-2-2-2,1,1,24,311039,Samantha Kerr,Center Left Midfielder,8,0,0,-1,,,,0,0,-1,,,,2025-04-20 15:46:12
12837,716745,19971,away,1,4-2-2-2,1,1,9,287518,Leanne Kiernan,Center Left Forward,9,0,0,-1,,,,1,280992,10,280992.0,3480.0,58',2025-04-20 15:46:12
12837,716745,19971,away,1,4-2-2-2,1,1,14,314199,Marie Hobinger,Center Right Forward,10,0,0,-1,,,,0,0,-1,,,,2025-04-20 15:46:12
12837,716745,19971,away,1,4-2-2-2,1,1,18,264581,Ceri Holland,Attacking Midfielder Left,11,0,0,-1,,,,1,305989,17,305989.0,5280.0,88',2025-04-20 15:46:12
12837,716745,19971,away,1,4-2-2-2,1,0,19,338551,Julia Bartel,Substitute,0,0,0,-1,,,,0,0,-1,,,,2025-04-20 15:46:12
12837,716745,19971,away,1,4-2-2-2,1,0,16,243031,Teagan Micah,Substitute,0,0,0,-1,,,,0,0,-1,,,,2025-04-20 15:46:12
12837,716745,19971,away,1,4-2-2-2,1,0,3,259312,Gemma Evans,Substitute,0,1,311207,29,311207.0,3480.0,58',0,0,-1,,,,2025-04-20 15:46:12
12837,716745,19971,away,1,4-2-2-2,1,0,10,280992,Sophie Román Haug,Substitute,0,1,287518,9,287518.0,3480.0,58',0,0,-1,,,,2025-04-20 15:46:12
12837,716745,19971,away,1,4-2-2-2,1,0,17,305989,Jenna Clark,Substitute,0,1,264581,18,264581.0,5280.0,88',0,0,-1,,,,2025-04-20 15:46:12
12837,716745,19971,away,1,4-2-2-2,1,0,6,312477,Jasmine Matthews,Substitute,0,0,0,-1,,,,0,0,-1,,,,2025-04-20 15:46:12
12837,716745,19971,away,1,4-2-2-2,1,0,2,323518,Lucy Parry,Substitute,0,0,0,-1,,,,0,0,-1,,,,2025-04-20 15:46:12
12837,716745,19971,away,1,4-2-2-2,1,0,13,325841,Mia Enderby,Substitute,0,0,0,-1,,,,0,0,-1,,,,2025-04-20 15:46:12
12837,716745,19971,away,1,4-2-2-2,1,0,7,389652,Cornelia Kapocs,Substitute,0,1,279337,11,279337.0,2700.0,45'+6',0,0,-1,,,,2025-04-20 15:46:12
12837,716746,21036,home,0,4-2-3-1,1,1,1,328082,Janina Leitzig,Goalkeeper,1,0,0,-1,,,,0,0,-1,,,,2025-04-29 04:57:48
12837,716746,21036,home,0,4-2-3-1,1,1,17,317638,Julie Thibaud,Right Back,2,0,0,-1,,,,0,0,-1,,,,2025-04-29 04:57:48
12837,716746,21036,home,0,4-2-3-1,1,1,12,304854,Asmita Ale,Left Back,3,0,0,-1,,,,0,0,-1,,,,2025-04-29 04:57:48
12837,716746,21036,home,0,4-2-3-1,1,1,11,257569,Janice Cayman,Left Midfielder,4,0,0,-1,,,,0,0,-1,,,,2025-04-29 04:57:48
12837,716746,21036,home,0,4-2-3-1,1,1,5,210382,Sophie Howard,Center Right Defender,5,0,0,-1,,,,0,0,-1,,,,2025-04-29 04:57:48
12837,716746,21036,home,0,4-2-3-1,1,1,31,248450,Chantelle Swaby,Center Left Defender,6,0,0,-1,,,,1,300518,2,300518.0,4800.0,80',2025-04-29 04:57:48
12837,716746,21036,home,0,4-2-3-1,1,1,21,323496,Hannah Cain,Attacking Midfielder Right,7,0,0,-1,,,,1,294600,20,294600.0,3840.0,64',2025-04-29 04:57:48
12837,716746,21036,home,0,4-2-3-1,1,1,3,323495,Sam Tierney,Right Midfielder,8,0,0,-1,,,,0,0,-1,,,,2025-04-29 04:57:48
12837,716746,21036,home,0,4-2-3-1,1,1,27,323505,Shannon O'Brien,Forward,9,0,0,-1,,,,1,270127,14,270127.0,4200.0,70',2025-04-29 04:57:48
12837,716746,21036,home,0,4-2-3-1,1,1,29,256223,Yuka Momiki,Attacking Midfielder,10,0,0,-1,,,,1,288888,6,288888.0,4800.0,80',2025-04-29 04:57:48
12837,716746,21036,home,0,4-2-3-1,1,1,28,344373,Shana Chossenotte,Attacking Midfielder Left,11,0,0,-1,,,,1,386685,53,386685.0,4200.0,70',2025-04-29 04:57:48
12837,716746,21036,home,0,4-2-3-1,1,0,53,386685,Nelly Las,Substitute,0,1,344373,28,344373.0,4200.0,70',0,0,-1,,,,2025-04-29 04:57:48
12837,716746,21036,home,0,4-2-3-1,1,0,13,288976,Olivia Clarke,Substitute,0,0,0,-1,,,,0,0,-1,,,,2025-04-29 04:57:48
12837,716746,21036,home,0,4-2-3-1,1,0,6,288888,Saori Takarada,Substitute,0,1,256223,29,256223.0,4800.0,80',0,0,-1,,,,2025-04-29 04:57:48
12837,716746,21036,home,0,4-2-3-1,1,0,14,270127,Hlin Eiriksdottir,Substitute,0,1,323505,27,323505.0,4200.0,70',0,0,-1,,,,2025-04-29 04:57:48
12837,716746,21036,home,0,4-2-3-1,1,0,7,235714,Deanne Rose,Substitute,0,0,0,-1,,,,0,0,-1,,,,2025-04-29 04:57:48
12837,716746,21036,home,0,4-2-3-1,1,0,15,395075,Karla Torres,Substitute,0,0,0,-1,,,,0,0,-1,,,,2025-04-29 04:57:48
12837,716746,21036,home,0,4-2-3-1,1,0,20,294600,Missy Goodwin,Substitute,0,1,323496,21,323496.0,3840.0,64',0,0,-1,,,,2025-04-29 04:57:48
12837,716746,21036,home,0,4-2-3-1,1,0,2,300518,Courtney Nevin,Substitute,0,1,248450,31,248450.0,4800.0,80',0,0,-1,,,,2025-04-29 04:57:48
12837,716746,21036,home,0,4-2-3-1,1,0,47,376668,Simone Sherwood,Substitute,0,0,0,-1,,,,0,0,-1,,,,2025-04-29 04:57:48
12837,716746,19257,away,1,4-2-3-1,1,1,35,314954,Khiara Keating,Goalkeeper,1,0,0,-1,,,,0,0,-1,,,,2025-04-29 04:57:48
12837,716746,19257,away,1,4-2-3-1,1,1,18,309904,Kerstin Casparij,Right Back,2,0,0,-1,,,,0,0,-1,,,,2025-04-29 04:57:48
12837,716746,19257,away,1,4-2-3-1,1,1,15,249105,Leila Ouahabi,Left Back,3,0,0,-1,,,,0,0,-1,,,,2025-04-29 04:57:48
12837,716746,19257,away,1,4-2-3-1,1,1,4,286338,Laia Aleixandri,Left Midfielder,4,0,0,-1,,,,0,0,-1,,,,2025-04-29 04:57:48
12837,716746,19257,away,1,4-2-3-1,1,1,28,353342,Gracie Prior,Center Right Defender,5,0,0,-1,,,,0,0,-1,,,,2025-04-29 04:57:48
12837,716746,19257,away,1,4-2-3-1,1,1,27,351683,Rebecca Knaak,Center Left Defender,6,0,0,-1,,,,1,204659,5,204659.0,3600.0,60',2025-04-29 04:57:48
12837,716746,19257,away,1,4-2-3-1,1,1,16,296503,Jess Park,Attacking Midfielder Right,7,0,0,-1,,,,1,268324,13,268324.0,5220.0,87',2025-04-29 04:57:48
12837,716746,19257,away,1,4-2-3-1,1,1,25,256228,Yui Hasegawa,Right Midfielder,8,0,0,-1,,,,0,0,-1,,,,2025-04-29 04:57:48
12837,716746,19257,away,1,4-2-3-1,1,1,14,281475,Kerolin,Forward,9,0,0,-1,,,,0,0,-1,,,,2025-04-29 04:57:48
12837,716746,19257,away,1,4-2-3-1,1,1,7,229456,Laura Coombs,Attacking Midfielder,10,0,0,-1,,,,0,0,-1,,,,2025-04-29 04:57:48
12837,716746,19257,away,1,4-2-3-1,1,1,46,390468,Lily Murphy,Attacking Midfielder Left,11,0,0,-1,,,,1,296873,11,296873.0,3600.0,60',2025-04-29 04:57:48
12837,716746,19257,away,1,4-2-3-1,1,0,5,204659,Alex Greenwood,Substitute,0,1,351683,27,351683.0,3600.0,60',0,0,-1,,,,2025-04-29 04:57:48
12837,716746,19257,away,1,4-2-3-1,1,0,13,268324,Laura Wienroither,Substitute,0,1,296503,16,,,,0,0,-1,,,,2025-04-29 04:57:48
12837,716746,19257,away,1,4-2-3-1,1,0,30,399001,Aemu Oyama,Substitute,0,0,0,-1,,,,0,0,-1,,,,2025-04-29 04:57:48
12837,716746,19257,away,1,4-2-3-1,1,0,44,390465,Codie Thomas,Substitute,0,0,0,-1,,,,0,0,-1,,,,2025-04-29 04:57:48
12837,716746,19257,away,1,4-2-3-1,1,0,53,380968,Mayzee Davies,Substitute,0,0,0,-1,,,,0,0,-1,,,,2025-04-29 04:57:48
12837,716746,19257,away,1,4-2-3-1,1,0,12,352864,Eve Annets,Substitute,0,0,0,-1,,,,0,0,-1,,,,2025-04-29 04:57:48
12837,716746,19257,away,1,4-2-3-1,1,0,3,306881,Naomi Layzell,Substitute,0,0,0,-1,,,,0,0,-1,,,,2025-04-29 04:57:48
12837,716746,19257,away,1,4-2-3-1,1,0,11,296873,Lauren Hemp,Substitute,0,1,390468,46,390468.0,3600.0,60',0,0,-1,,,,2025-04-29 04:57:48
12837,716746,19257,away,1,4-2-3-1,1,0,31,223470,Ayaka Yamashita,Substitute,0,0,0,-1,,,,0,0,-1,,,,2025-04-29 04:57:48
12837,716747,19971,home,0,4-2-3-1,1,1,1,230835,Rachael Laws,Goalkeeper,1,0,0,-1,,,,0,0,-1,,,,2025-04-29 04:57:48
12837,716747,19971,home,0,4-2-3-1,1,1,17,305989,Jenna Clark,Right Back,2,0,0,-1,,,,1,259312,3,259312.0,5400.0,90'+12',2025-04-29 04:57:48
12837,716747,19971,home,0,4-2-3-1,1,1,12,323520,Taylor Hinds,Left Back,3,0,0,-1,,,,0,0,-1,,,,2025-04-29 04:57:48
12837,716747,19971,home,0,4-2-3-1,1,1,8,282995,Fuka Nagano,Left Midfielder,4,0,0,-1,,,,1,325841,13,325841.0,4380.0,73',2025-04-29 04:57:48
12837,716747,19971,home,0,4-2-3-1,1,1,4,261669,Grace Fisk,Center Right Defender,5,0,0,-1,,,,0,0,-1,,,,2025-04-29 04:57:48
12837,716747,19971,home,0,4-2-3-1,1,1,23,188447,Gemma Bonner,Center Left Defender,6,0,0,-1,,,,0,0,-1,,,,2025-04-29 04:57:48
12837,716747,19971,home,0,4-2-3-1,1,1,11,279337,Olivia Smith,Attacking Midfielder Right,7,0,0,-1,,,,0,0,-1,,,,2025-04-29 04:57:48
12837,716747,19971,home,0,4-2-3-1,1,1,24,311039,Samantha Kerr,Right Midfielder,8,0,0,-1,,,,0,0,-1,,,,2025-04-29 04:57:48
12837,716747,19971,home,0,4-2-3-1,1,1,10,280992,Sophie Román Haug,Forward,9,0,0,-1,,,,1,389652,7,389652.0,3360.0,56',2025-04-29 04:57:48
12837,716747,19971,home,0,4-2-3-1,1,1,14,314199,Marie Hobinger,Attacking Midfielder,10,0,0,-1,,,,0,0,-1,,,,2025-04-29 04:57:48
12837,716747,19971,home,0,4-2-3-1,1,1,18,264581,Ceri Holland,Attacking Midfielder Left,11,0,0,-1,,,,0,0,-1,,,,2025-04-29 04:57:48
12837,716747,19971,home,0,4-2-3-1,1,0,3,259312,Gemma Evans,Substitute,0,1,305989,17,305989.0,5400.0,90'+12',0,0,-1,,,,2025-04-29 04:57:48
12837,716747,19971,home,0,4-2-3-1,1,0,20,257593,Yana Daniels,Substitute,0,0,0,-1,,,,0,0,-1,,,,2025-04-29 04:57:48
12837,716747,19971,home,0,4-2-3-1,1,0,16,243031,Teagan Micah,Substitute,0,0,0,-1,,,,0,0,-1,,,,2025-04-29 04:57:48
12837,716747,19971,home,0,4-2-3-1,1,0,6,312477,Jasmine Matthews,Substitute,0,0,0,-1,,,,0,0,-1,,,,2025-04-29 04:57:48
12837,716747,19971,home,0,4-2-3-1,1,0,2,323518,Lucy Parry,Substitute,0,0,0,-1,,,,0,0,-1,,,,2025-04-29 04:57:48
12837,716747,19971,home,0,4-2-3-1,1,0,5,219050,Niamh Fahey,Substitute,0,0,0,-1,,,,0,0,-1,,,,2025-04-29 04:57:48
12837,716747,19971,home,0,4-2-3-1,1,0,13,325841,Mia Enderby,Substitute,0,1,282995,8,282995.0,4380.0,73',0,0,-1,,,,2025-04-29 04:57:48
12837,716747,19971,home,0,4-2-3-1,1,0,19,338551,Julia Bartel,Substitute,0,0,0,-1,,,,0,0,-1,,,,2025-04-29 04:57:48
12837,716747,19971,home,0,4-2-3-1,1,0,7,389652,Cornelia Kapocs,Substitute,0,1,280992,10,280992.0,3360.0,56',0,0,-1,,,,2025-04-29 04:57:48
12837,716747,20062,away,0,4-3-3,1,1,1,264730,Lize Kop,Goalkeeper,1,0,0,-1,,,,0,0,-1,,,,2025-04-29 04:57:48
12837,716747,20062,away,0,4-3-3,1,1,3,323599,Ella Morris,Right Back,2,0,0,-1,,,,0,0,-1,,,,2025-04-29 04:57:48
12837,716747,20062,away,0,4-3-3,1,1,29,294265,Ashleigh Neville,Left Back,3,0,0,-1,,,,0,0,-1,,,,2025-04-29 04:57:48
12837,716747,20062,away,0,4-3-3,1,1,10,320356,Maite Oroz,Center Midfielder,4,0,0,-1,,,,0,0,-1,,,,2025-04-29 04:57:48
12837,716747,20062,away,0,4-3-3,1,1,15,312233,Clare Hunt,Center Right Defender,5,0,0,-1,,,,0,0,-1,,,,2025-04-29 04:57:48
12837,716747,20062,away,0,4-3-3,1,1,5,312487,Molly Bartrip,Center Left Defender,6,0,0,-1,,,,0,0,-1,,,,2025-04-29 04:57:48
12837,716747,20062,away,0,4-3-3,1,1,12,314195,Josefine Rybrink,Right Midfielder,7,0,0,-1,,,,0,0,-1,,,,2025-04-29 04:57:48
12837,716747,20062,away,0,4-3-3,1,1,11,314963,Olivia Holdt,Left Midfielder,8,0,0,-1,,,,1,312494,23,312494.0,4860.0,81',2025-04-29 04:57:48
12837,716747,20062,away,0,4-3-3,1,1,9,293410,Bethany England,Forward,9,0,0,-1,,,,1,226804,17,226804.0,3240.0,54',2025-04-29 04:57:48
12837,716747,20062,away,0,4-3-3,1,1,13,349567,Matilda Vinberg,Right Forward,10,0,0,-1,,,,1,300442,2,300442.0,3960.0,66',2025-04-29 04:57:48
12837,716747,20062,away,0,4-3-3,1,1,7,294268,Jessica Naz,Left Forward,11,0,0,-1,,,,0,0,-1,,,,2025-04-29 04:57:48
12837,716747,20062,away,0,4-3-3,1,0,2,300442,Charlotte Grant,Substitute,0,1,349567,13,349567.0,3960.0,66',0,0,-1,,,,2025-04-29 04:57:48
12837,716747,20062,away,0,4-3-3,1,0,42,403224,Erin Radbourne,Substitute,0,0,0,-1,,,,0,0,-1,,,,2025-04-29 04:57:48
12837,716747,20062,away,0,4-3-3,1,0,31,355373,Lenna Gunning-Williams,Substitute,0,0,0,-1,,,,0,0,-1,,,,2025-04-29 04:57:48
12837,716747,20062,away,0,4-3-3,1,0,17,226804,Martha Thomas,Substitute,0,1,293410,9,293410.0,3240.0,54',0,0,-1,,,,2025-04-29 04:57:48
12837,716747,20062,away,0,4-3-3,1,0,20,267679,Olga Ahtinen,Substitute,0,0,0,-1,,,,0,0,-1,,,,2025-04-29 04:57:48
12837,716747,20062,away,0,4-3-3,1,0,6,314494,Amanda Nildén,Substitute,0,0,0,-1,,,,0,0,-1,,,,2025-04-29 04:57:48
12837,716747,20062,away,0,4-3-3,1,0,23,312494,Rosella Ayane,Substitute,0,1,314963,11,314963.0,4860.0,81',0,0,-1,,,,2025-04-29 04:57:48
12837,716747,20062,away,0,4-3-3,1,0,14,311201,Anna Csiki,Substitute,0,0,0,-1,,,,0,0,-1,,,,2025-04-29 04:57:48
12837,716747,20062,away,0,4-3-3,1,0,27,301685,Eleanor Heeps,Substitute,0,0,0,-1,,,,0,0,-1,,,,2025-04-29 04:57:48
12837,716748,20707,home,1,3-4-1-2,1,1,1,209364,Sabrina D'Angelo,Goalkeeper,1,0,0,-1,,,,0,0,-1,,,,2025-05-02 04:51:39
12837,716748,20707,home,1,3-4-1-2,1,1,23,309858,Chasity Grant,Right Midfielder,2,0,0,-1,,,,0,0,-1,,,,2025-05-02 04:51:39
12837,716748,20707,home,1,3-4-1-2,1,1,33,312497,Mayumi Pacheco,Left Midfielder,3,0,0,-1,,,,1,386828,38,386828.0,4140.0,69',2025-05-02 04:51:39
12837,716748,20707,home,1,3-4-1-2,1,1,14,312484,Danielle Turner,Center Left Defender,4,0,0,-1,,,,0,0,-1,,,,2025-05-02 04:51:39
12837,716748,20707,home,1,3-4-1-2,1,1,25,338756,Miri Taylor,Center Defender,5,0,0,-1,,,,0,0,-1,,,,2025-05-02 04:51:39
12837,716748,20707,home,1,3-4-1-2,1,1,16,220024,Noelle Maritz,Center Right Defender,6,0,0,-1,,,,0,0,-1,,,,2025-05-02 04:51:39
12837,716748,20707,home,1,3-4-1-2,1,1,7,323523,Missy Bo Kearns,Center Right Midfielder,7,0,0,-1,,,,1,312467,11,312467.0,4080.0,68',2025-05-02 04:51:39
12837,716748,20707,home,1,3-4-1-2,1,1,8,178854,Jordan Nobbs,Center Left Midfielder,8,0,0,-1,,,,0,0,-1,,,,2025-05-02 04:51:39
12837,716748,20707,home,1,3-4-1-2,1,1,9,248769,Rachel Daly,Attacking Midfielder,9,0,0,-1,,,,1,257537,6,257537.0,5340.0,89',2025-05-02 04:51:39
12837,716748,20707,home,1,3-4-1-2,1,1,17,294246,Ebony Salmon,Center Right Forward,10,0,0,-1,,,,1,317630,22,317630.0,4140.0,69',2025-05-02 04:51:39
12837,716748,20707,home,1,3-4-1-2,1,1,20,294252,Kirsty Hanson,Center Left Forward,11,0,0,-1,,,,1,312456,2,312456.0,4860.0,81',2025-05-02 04:51:39
12837,716748,20707,home,1,3-4-1-2,1,0,39,403284,Mia Sorrentino,Substitute,0,0,0,-1,,,,0,0,-1,,,,2025-05-02 04:51:39
12837,716748,20707,home,1,3-4-1-2,1,0,6,257537,Rachel Corsie,Substitute,0,1,248769,9,248769.0,5340.0,89',0,0,-1,,,,2025-05-02 04:51:39
12837,716748,20707,home,1,3-4-1-2,1,0,38,386828,Rachel Maltby,Substitute,0,1,312497,33,312497.0,4140.0,69',0,0,-1,,,,2025-05-02 04:51:39
12837,716748,20707,home,1,3-4-1-2,1,0,37,377185,Lydia Sallaway,Substitute,0,0,0,-1,,,,0,0,-1,,,,2025-05-02 04:51:39
12837,716748,20707,home,1,3-4-1-2,1,0,2,312456,Sarah Mayling,Substitute,0,1,294252,20,294252.0,4860.0,81',0,0,-1,,,,2025-05-02 04:51:39
12837,716748,20707,home,1,3-4-1-2,1,0,22,317630,Jill Baijings,Substitute,0,1,294246,17,294246.0,4140.0,69',0,0,-1,,,,2025-05-02 04:51:39
12837,716748,20707,home,1,3-4-1-2,1,0,11,312467,Katie Robinson,Substitute,0,1,323523,7,323523.0,4080.0,68',0,0,-1,,,,2025-05-02 04:51:39
12837,716748,20707,home,1,3-4-1-2,1,0,30,351745,Katelin Talbert,Substitute,0,0,0,-1,,,,0,0,-1,,,,2025-05-02 04:51:39
12837,716748,19973,away,0,4-2-3-1,1,1,1,252339,Manuela Zinsberger,Goalkeeper,1,0,0,-1,,,,0,0,-1,,,,2025-05-02 04:51:39
12837,716748,19973,away,0,4-2-3-1,1,1,62,350679,Katie Reid,Right Back,2,0,0,-1,,,,0,0,-1,,,,2025-05-02 04:51:39
12837,716748,19973,away,0,4-2-3-1,1,1,11,219079,Katie McCabe,Left Back,3,0,0,-1,,,,1,259331,12,259331.0,4860.0,81',2025-05-02 04:51:39
12837,716748,19973,away,0,4-2-3-1,1,1,8,257473,Mariona Caldentey,Left Midfielder,4,0,0,-1,,,,0,0,-1,,,,2025-05-02 04:51:39
12837,716748,19973,away,0,4-2-3-1,1,1,3,263682,Lotte Wubben-Moy,Center Right Defender,5,0,0,-1,,,,1,268100,6,268100.0,2700.0,45',2025-05-02 04:51:39
12837,716748,19973,away,0,4-2-3-1,1,1,7,219822,Steph Catley,Center Left Defender,6,0,0,-1,,,,0,0,-1,,,,2025-05-02 04:51:39
12837,716748,19973,away,0,4-2-3-1,1,1,18,282993,Chloe Kelly,Attacking Midfielder Right,7,0,0,-1,,,,1,158678,19,158678.0,3720.0,62',2025-05-02 04:51:39
12837,716748,19973,away,0,4-2-3-1,1,1,32,288907,Kyra Cooney-Cross,Right Midfielder,8,0,0,-1,,,,1,176041,10,176041.0,2700.0,45',2025-05-02 04:51:39
12837,716748,19973,away,0,4-2-3-1,1,1,25,240274,Stina Blackstenius,Forward,9,0,0,-1,,,,0,0,-1,,,,2025-05-02 04:51:39
12837,716748,19973,away,0,4-2-3-1,1,1,21,270056,Victoria Pelova,Attacking Midfielder,10,0,0,-1,,,,1,263683,23,263683.0,2700.0,45',2025-05-02 04:51:39
12837,716748,19973,away,0,4-2-3-1,1,1,9,280982,Beth Mead,Attacking Midfielder Left,11,0,0,-1,,,,0,0,-1,,,,2025-05-02 04:51:39
12837,716748,19973,away,0,4-2-3-1,1,0,40,351240,Naomi Williams,Substitute,0,0,0,-1,,,,0,0,-1,,,,2025-05-02 04:51:39
12837,716748,19973,away,0,4-2-3-1,1,0,2,263684,Emily Fox,Substitute,0,0,0,-1,,,,0,0,-1,,,,2025-05-02 04:51:39
12837,716748,19973,away,0,4-2-3-1,1,0,23,263683,Alessia Russo,Substitute,0,1,270056,21,270056.0,2700.0,45',0,0,-1,,,,2025-05-02 04:51:39
12837,716748,19973,away,0,4-2-3-1,1,0,12,259331,Frida Maanum,Substitute,0,1,219079,11,219079.0,4860.0,81',0,0,-1,,,,2025-05-02 04:51:39
12837,716748,19973,away,0,4-2-3-1,1,0,13,220015,Lia Wälti,Substitute,0,0,0,-1,,,,0,0,-1,,,,2025-05-02 04:51:39
12837,716748,19973,away,0,4-2-3-1,1,0,28,188004,Amanda Ilestedt,Substitute,0,0,0,-1,,,,0,0,-1,,,,2025-05-02 04:51:39
12837,716748,19973,away,0,4-2-3-1,1,0,10,176041,Kim Little,Substitute,0,1,288907,32,288907.0,2700.0,45',0,0,-1,,,,2025-05-02 04:51:39
12837,716748,19973,away,0,4-2-3-1,1,0,19,158678,Caitlin Foord,Substitute,0,1,282993,18,282993.0,3720.0,62',0,0,-1,,,,2025-05-02 04:51:39
12837,716748,19973,away,0,4-2-3-1,1,0,6,268100,Leah Williamson,Substitute,0,1,263682,3,263682.0,2700.0,45',0,0,-1,,,,2025-05-02 04:51:39
12837,716749,19972,home,0,4-1-3-2,1,1,1,209174,Courtney Brosnan,Goalkeeper,1,0,0,-1,,,,0,0,-1,,,,2025-04-28 04:54:05
12837,716749,19972,home,0,4-1-3-2,1,1,28,285191,Karen Holmgaard,Right Back,2,0,0,-1,,,,1,259315,16,259315.0,4320.0,72',2025-04-28 04:54:05
12837,716749,19972,home,0,4-1-3-2,1,1,23,287392,Sara Holmgaard,Left Back,3,0,0,-1,,,,0,0,-1,,,,2025-04-28 04:54:05
12837,716749,19972,home,0,4-1-3-2,1,1,8,293328,Justine Vanhaevermaet,Sweeper,4,0,0,-1,,,,0,0,-1,,,,2025-04-28 04:54:05
12837,716749,19972,home,0,4-1-3-2,1,1,5,334991,Martina Fernández,Center Right Defender,5,0,0,-1,,,,0,0,-1,,,,2025-04-28 04:54:05
12837,716749,19972,home,0,4-1-3-2,1,1,27,349927,Elise Stenevik,Center Left Defender,6,0,0,-1,,,,0,0,-1,,,,2025-04-28 04:54:05
12837,716749,19972,home,0,4-1-3-2,1,1,47,364520,Karoline Olesen,Right Midfielder,7,0,0,-1,,,,0,0,-1,,,,2025-04-28 04:54:05
12837,716749,19972,home,0,4-1-3-2,1,1,7,300568,Clare Wheeler,Center Midfielder,8,0,0,-1,,,,0,0,-1,,,,2025-04-28 04:54:05
12837,716749,19972,home,0,4-1-3-2,1,1,25,270037,Katja Snoeijs,Center Right Forward,9,0,0,-1,,,,1,255452,14,255452.0,4860.0,81',2025-04-28 04:54:05
12837,716749,19972,home,0,4-1-3-2,1,1,9,211151,Toni Payne,Center Left Forward,10,0,0,-1,,,,1,285178,26,,,,2025-04-28 04:54:05
12837,716749,19972,home,0,4-1-3-2,1,1,6,303336,Honoka Hayashi,Left Midfielder,11,0,0,-1,,,,0,0,-1,,,,2025-04-28 04:54:05
12837,716749,19972,home,0,4-1-3-2,1,0,18,361722,Emma Watson,,0,0,0,-1,,,,0,0,-1,,,,2025-04-28 04:54:05
12837,716749,19972,home,0,4-1-3-2,1,0,14,255452,Melissa Lawley,,0,1,270037,25,270037.0,4860.0,81',0,0,-1,,,,2025-04-28 04:54:05
12837,716749,19972,home,0,4-1-3-2,1,0,4,378053,Issy Hobson,,0,0,0,-1,,,,0,0,-1,,,,2025-04-28 04:54:05
12837,716749,19972,home,0,4-1-3-2,1,0,24,335000,Kenzie Weir,,0,0,0,-1,,,,0,0,-1,,,,2025-04-28 04:54:05
12837,716749,19972,home,0,4-1-3-2,1,0,12,294254,Emily Ramsey,,0,0,0,-1,,,,0,0,-1,,,,2025-04-28 04:54:05
12837,716749,19972,home,0,4-1-3-2,1,0,26,285178,Rikke Madsen,,0,1,211151,9,211151.0,4800.0,80',0,0,-1,,,,2025-04-28 04:54:05
12837,716749,19972,home,0,4-1-3-2,1,0,16,259315,Hayley Ladd,,0,1,285191,28,285191.0,4320.0,72',0,0,-1,,,,2025-04-28 04:54:05
12837,716749,19972,home,0,4-1-3-2,1,0,42,211994,Lauren Thomas,,0,0,0,-1,,,,0,0,-1,,,,2025-04-28 04:54:05
12837,716749,19972,home,0,4-1-3-2,1,0,21,312559,Veatriki Sarri,,0,0,0,-1,,,,0,0,-1,,,,2025-04-28 04:54:05
12837,716749,19976,away,1,4-3-3,1,1,28,367224,Melina Loeck,Goalkeeper,1,0,0,-1,,,,0,0,-1,,,,2025-04-28 04:54:05
12837,716749,19976,away,1,4-3-3,1,1,23,324775,Marit Auée,Right Back,2,0,0,-1,,,,0,0,-1,,,,2025-04-28 04:54:05
12837,716749,19976,away,1,4-3-3,1,1,19,309906,Marisa Olislagers,Left Back,3,0,0,-1,,,,0,0,-1,,,,2025-04-28 04:54:05
12837,716749,19976,away,1,4-3-3,1,1,18,313706,Maisie Symonds,Center Midfielder,4,0,0,-1,,,,1,339641,22,339641.0,5400.0,90'+1',2025-04-28 04:54:05
12837,716749,19976,away,1,4-3-3,1,1,5,213937,Guro Bergsvand,Center Right Defender,5,0,0,-1,,,,0,0,-1,,,,2025-04-28 04:54:05
12837,716749,19976,away,1,4-3-3,1,1,12,367065,Caitlin Hayes,Center Left Defender,6,0,0,-1,,,,0,0,-1,,,,2025-04-28 04:54:05
12837,716749,19976,away,1,4-3-3,1,1,11,296778,Kiko Seike,Right Midfielder,7,0,0,-1,,,,0,0,-1,,,,2025-04-28 04:54:05
12837,716749,19976,away,1,4-3-3,1,1,10,314994,Jelena Cankovic,Left Midfielder,8,0,0,-1,,,,0,0,-1,,,,2025-04-28 04:54:05
12837,716749,19976,away,1,4-3-3,1,1,9,246314,Nikita Parris,Forward,9,0,0,-1,,,,0,0,-1,,,,2025-04-28 04:54:05
12837,716749,19976,away,1,4-3-3,1,1,14,219773,Fran Kirby,Right Forward,10,0,0,-1,,,,1,312215,33,312215.0,5400.0,90'+5',2025-04-28 04:54:05
12837,716749,19976,away,1,4-3-3,1,1,59,350678,Michelle Agyemang,Left Forward,11,0,0,-1,,,,1,257536,27,257536.0,4860.0,81',2025-04-28 04:54:05
12837,716749,19976,away,1,4-3-3,1,0,15,309978,Nadine Noordam,Substitute,0,0,0,-1,,,,0,0,-1,,,,2025-04-28 04:54:05
12837,716749,19976,away,1,4-3-3,1,0,63,380654,Olivia Johnson,Substitute,0,0,0,-1,,,,0,0,-1,,,,2025-04-28 04:54:05
12837,716749,19976,away,1,4-3-3,1,0,32,249106,Sophie Baggaley,Substitute,0,0,0,-1,,,,0,0,-1,,,,2025-04-28 04:54:05
12837,716749,19976,away,1,4-3-3,1,0,22,339641,Dejana Stefanovic,Substitute,0,1,313706,18,313706.0,5400.0,90'+1',0,0,-1,,,,2025-04-28 04:54:05
12837,716749,19976,away,1,4-3-3,1,0,17,325852,Bex Rayner,Substitute,0,0,0,-1,,,,0,0,-1,,,,2025-04-28 04:54:05
12837,716749,19976,away,1,4-3-3,1,0,27,257536,Rachel McLauchlan,Substitute,0,1,350678,59,350678.0,4860.0,81',0,0,-1,,,,2025-04-28 04:54:05
12837,716749,19976,away,1,4-3-3,1,0,3,294247,Poppy Pattinson,Substitute,0,0,0,-1,,,,0,0,-1,,,,2025-04-28 04:54:05
12837,716749,19976,away,1,4-3-3,1,0,33,312215,Charlize Rule,Substitute,0,1,219773,14,219773.0,5400.0,90'+5',0,0,-1,,,,2025-04-28 04:54:05
12837,716749,19976,away,1,4-3-3,1,0,20,305984,Bruna Vilamala,Substitute,0,0,0,-1,,,,0,0,-1,,,,2025-04-28 04:54:05
12837,716750,20061,home,0,4-2-3-1,1,1,91,208938,Phallon Tullis-Joyce,Goalkeeper,1,0,0,-1,,,,0,0,-1,,,,2025-05-02 04:51:39
12837,716750,20061,home,0,4-2-3-1,1,1,14,267765,Jayde Riviere,Right Back,2,0,0,-1,,,,1,293411,5,293411.0,5040.0,84',2025-05-02 04:51:39
12837,716750,20061,home,0,4-2-3-1,1,1,3,268536,Gabby George,Left Back,3,0,0,-1,,,,1,359233,2,359233.0,4200.0,70',2025-05-02 04:51:39
12837,716750,20061,home,0,4-2-3-1,1,1,17,219947,Dominique Janssen,Left Midfielder,4,0,0,-1,,,,0,0,-1,,,,2025-05-02 04:51:39
12837,716750,20061,home,0,4-2-3-1,1,1,4,312462,Maya Le Tissier,Center Right Defender,5,0,0,-1,,,,0,0,-1,,,,2025-05-02 04:51:39
12837,716750,20061,home,0,4-2-3-1,1,1,21,294257,Millie Turner,Center Left Defender,6,0,0,-1,,,,0,0,-1,,,,2025-05-02 04:51:39
12837,716750,20061,home,0,4-2-3-1,1,1,15,328108,Celin Bizet,Attacking Midfielder Right,7,0,0,-1,,,,1,268103,16,268103.0,5040.0,84',2025-05-02 04:51:39
12837,716750,20061,home,0,4-2-3-1,1,1,20,283107,Hinata Miyazawa,Right Midfielder,8,0,0,-1,,,,0,0,-1,,,,2025-05-02 04:51:39
12837,716750,20061,home,0,4-2-3-1,1,1,9,295670,Melvine Malard,Forward,9,0,0,-1,,,,1,298669,19,298669.0,3780.0,63',2025-05-02 04:51:39
12837,716750,20061,home,0,4-2-3-1,1,1,8,306883,Grace Clinton,Attacking Midfielder,10,0,0,-1,,,,1,294255,7,294255.0,3780.0,63',2025-05-02 04:51:39
12837,716750,20061,home,0,4-2-3-1,1,1,11,294256,Leah Galton,Attacking Midfielder Left,11,0,0,-1,,,,0,0,-1,,,,2025-05-02 04:51:39
12837,716750,20061,home,0,4-2-3-1,1,0,39,332051,Safia Middleton-Patel,Substitute,0,0,0,-1,,,,0,0,-1,,,,2025-05-02 04:51:39
12837,716750,20061,home,0,4-2-3-1,1,0,5,293411,Aoife Mannion,Substitute,0,1,267765,14,267765.0,5040.0,84',0,0,-1,,,,2025-05-02 04:51:39
12837,716750,20061,home,0,4-2-3-1,1,0,48,397508,Mared Griffiths,Substitute,0,0,0,-1,,,,0,0,-1,,,,2025-05-02 04:51:39
12837,716750,20061,home,0,4-2-3-1,1,0,16,268103,Lisa Naalsund,Substitute,0,1,328108,15,,,,0,0,-1,,,,2025-05-02 04:51:39
12837,716750,20061,home,0,4-2-3-1,1,0,7,294255,Ella Toone,Substitute,0,1,306883,8,306883.0,3780.0,63',0,0,-1,,,,2025-05-02 04:51:39
12837,716750,20061,home,0,4-2-3-1,1,0,2,359233,Anna Sandberg,Substitute,0,1,268536,3,268536.0,4200.0,70',0,0,-1,,,,2025-05-02 04:51:39
12837,716750,20061,home,0,4-2-3-1,1,0,13,349220,Simi Awujo,Substitute,0,0,0,-1,,,,0,0,-1,,,,2025-05-02 04:51:39
12837,716750,20061,home,0,4-2-3-1,1,0,19,298669,Elisabeth Terland,Substitute,0,1,295670,9,295670.0,3780.0,63',0,0,-1,,,,2025-05-02 04:51:39
12837,716750,20061,home,0,4-2-3-1,1,0,1,323611,Kayla Rendell,Substitute,0,0,0,-1,,,,0,0,-1,,,,2025-05-02 04:51:39
12837,716750,19970,away,1,4-2-3-1,1,1,24,312460,Hannah Hampton,Goalkeeper,1,0,0,-1,,,,0,0,-1,,,,2025-05-02 04:51:39
12837,716750,19970,away,1,4-2-3-1,1,1,22,188448,Lucy Bronze,Right Back,2,0,0,-1,,,,0,0,-1,,,,2025-05-02 04:51:39
12837,716750,19970,away,1,4-2-3-1,1,1,21,312480,Niamh Charles,Left Back,3,0,0,-1,,,,0,0,-1,,,,2025-05-02 04:51:39
12837,716750,19970,away,1,4-2-3-1,1,1,18,315453,Wieke Kaptein,Left Midfielder,4,0,0,-1,,,,0,0,-1,,,,2025-05-02 04:51:39
12837,716750,19970,away,1,4-2-3-1,1,1,4,248770,Millie Bright,Center Right Defender,5,0,0,-1,,,,0,0,-1,,,,2025-05-02 04:51:39
12837,716750,19970,away,1,4-2-3-1,1,1,16,283720,Naomi Girma,Center Left Defender,6,0,0,-1,,,,0,0,-1,,,,2025-05-02 04:51:39
12837,716750,19970,away,1,4-2-3-1,1,1,33,313088,Aggie Beever-Jones,Attacking Midfielder Right,7,0,0,-1,,,,1,261568,9,261568.0,4560.0,76',2025-05-02 04:51:39
12837,716750,19970,away,1,4-2-3-1,1,1,30,268099,Keira Walsh,Right Midfielder,8,0,0,-1,,,,0,0,-1,,,,2025-05-02 04:51:39
12837,716750,19970,away,1,4-2-3-1,1,1,7,288680,Mayra Ramírez,Forward,9,0,0,-1,,,,1,264735,19,264735.0,1620.0,27',2025-05-02 04:51:39
12837,716750,19970,away,1,4-2-3-1,1,1,7,288680,Mayra Ramírez,Forward,9,0,0,-1,,,,1,264735,19,264735.0,4560.0,76',2025-05-02 04:51:39
12837,716750,19970,away,1,4-2-3-1,1,1,8,257545,Erin Cuthbert,Attacking Midfielder,10,0,0,-1,,,,1,314382,6,314382.0,3420.0,57',2025-05-02 04:51:39
12837,716750,19970,away,1,4-2-3-1,1,1,17,295673,Sandy Baltimore,Attacking Midfielder Left,11,0,0,-1,,,,1,257483,11,257483.0,4500.0,75',2025-05-02 04:51:39
12837,716750,19970,away,1,4-2-3-1,1,0,23,351356,Maika Hamano,Substitute,0,1,264735,19,264735.0,4560.0,76',0,0,-1,,,,2025-05-02 04:51:39
12837,716750,19970,away,1,4-2-3-1,1,0,23,351356,Maika Hamano,Substitute,0,1,264735,19,264735.0,1620.0,27',0,0,-1,,,,2025-05-02 04:51:39
12837,716750,19970,away,1,4-2-3-1,1,0,25,347124,Maelys Mpomé,Substitute,0,0,0,-1,,,,0,0,-1,,,,2025-05-02 04:51:39
12837,716750,19970,away,1,4-2-3-1,1,0,27,317637,Oriane Jean-François,Substitute,0,0,0,-1,,,,0,0,-1,,,,2025-05-02 04:51:39
12837,716750,19970,away,1,4-2-3-1,1,0,6,314382,Sjoeke Nüsken,Substitute,0,1,257545,8,257545.0,3420.0,57',0,0,-1,,,,2025-05-02 04:51:39
12837,716750,19970,away,1,4-2-3-1,1,0,38,286883,Rebecca Spencer,Substitute,0,0,0,-1,,,,0,0,-1,,,,2025-05-02 04:51:39
12837,716750,19970,away,1,4-2-3-1,1,0,19,264735,Johanna Rytting Kaneryd,Substitute,0,1,288680,7,288680.0,1620.0,27',1,351356,23,351356.0,4560.0,76',2025-05-02 04:51:39
12837,716750,19970,away,1,4-2-3-1,1,0,9,261568,Catarina Macario,Substitute,0,1,313088,33,313088.0,4560.0,76',0,0,-1,,,,2025-05-02 04:51:39
12837,716750,19970,away,1,4-2-3-1,1,0,11,257483,Guro Reiten,Substitute,0,1,295673,17,295673.0,4500.0,75',0,0,-1,,,,2025-05-02 04:51:39
12837,716750,19970,away,1,4-2-3-1,1,0,12,119954,Ashley Lawrence,Substitute,0,0,0,-1,,,,0,0,-1,,,,2025-05-02 04:51:39
12837,716751,21037,home,0,4-3-3,1,1,30,224886,Shae Yanez,Goalkeeper,1,0,0,-1,,,,0,0,-1,,,,2025-04-28 04:54:05
12837,716751,21037,home,0,4-3-3,1,1,16,267672,Ria Oling,Right Back,2,0,0,-1,,,,1,300434,20,300434.0,4680.0,78',2025-04-28 04:54:05
12837,716751,21037,home,0,4-3-3,1,1,23,288977,Lily Woodham,Left Back,3,0,0,-1,,,,1,259626,14,259626.0,2700.0,45',2025-04-28 04:54:05
12837,716751,21037,home,0,4-3-3,1,1,17,377622,Lexi Potter,Center Midfielder,4,0,0,-1,,,,1,257534,4,257534.0,2700.0,45',2025-04-28 04:54:05
12837,716751,21037,home,0,4-3-3,1,1,25,284183,Aniek Nouwen,Center Right Defender,5,0,0,-1,,,,0,0,-1,,,,2025-04-28 04:54:05
12837,716751,21037,home,0,4-3-3,1,1,15,296781,Hayley Nolan,Center Left Defender,6,0,0,-1,,,,0,0,-1,,,,2025-04-28 04:54:05
12837,716751,21037,home,0,4-3-3,1,1,5,392348,My Cato,Right Midfielder,7,0,0,-1,,,,1,140056,2,140056.0,2700.0,45',2025-04-28 04:54:05
12837,716751,21037,home,0,4-3-3,1,1,22,285187,Mille Gejl,Left Midfielder,8,0,0,-1,,,,0,0,-1,,,,2025-04-28 04:54:05
12837,716751,21037,home,0,4-3-3,1,1,28,290269,Katie Stengel,Forward,9,0,0,-1,,,,0,0,-1,,,,2025-04-28 04:54:05
12837,716751,21037,home,0,4-3-3,1,1,11,314575,Ashleigh Weerden,Right Forward,10,0,0,-1,,,,0,0,-1,,,,2025-04-28 04:54:05
12837,716751,21037,home,0,4-3-3,1,1,21,349219,Clarissa Laris­ey,Left Forward,11,0,0,-1,,,,1,336368,27,336368.0,2700.0,45',2025-04-28 04:54:05
12837,716751,21037,home,0,4-3-3,1,0,4,257534,Chloe Arthur,Substitute,0,1,377622,17,377622.0,2700.0,45',0,0,-1,,,,2025-04-28 04:54:05
12837,716751,21037,home,0,4-3-3,1,0,14,259626,Josie Green,Substitute,0,1,288977,23,288977.0,2700.0,45',0,0,-1,,,,2025-04-28 04:54:05
12837,716751,21037,home,0,4-3-3,1,0,2,140056,Katrine Veje,Substitute,0,1,392348,5,392348.0,2700.0,45',0,0,-1,,,,2025-04-28 04:54:05
12837,716751,21037,home,0,4-3-3,1,0,20,300434,Indiah-Paige Riley,Substitute,0,1,267672,16,267672.0,4680.0,78',0,0,-1,,,,2025-04-28 04:54:05
12837,716751,21037,home,0,4-3-3,1,0,10,323499,Annabel Blanchard,Substitute,0,0,0,-1,,,,0,0,-1,,,,2025-04-28 04:54:05
12837,716751,21037,home,0,4-3-3,1,0,8,324879,Molly-Mae Sharpe,Substitute,0,0,0,-1,,,,0,0,-1,,,,2025-04-28 04:54:05
12837,716751,21037,home,0,4-3-3,1,0,9,265532,Elise Hughes,Substitute,0,0,0,-1,,,,0,0,-1,,,,2025-04-28 04:54:05
12837,716751,21037,home,0,4-3-3,1,0,19,335986,Milla-Maj Majasaari,Substitute,0,0,0,-1,,,,0,0,-1,,,,2025-04-28 04:54:05
12837,716751,21037,home,0,4-3-3,1,0,27,336368,Abbie Larkin,Substitute,0,1,349219,21,349219.0,2700.0,45',0,0,-1,,,,2025-04-28 04:54:05
12837,716751,19975,away,1,4-2-3-1,1,1,1,296372,Kinga Szemik,Goalkeeper,1,0,0,-1,,,,0,0,-1,,,,2025-04-28 04:54:05
12837,716751,19975,away,1,4-2-3-1,1,1,18,310225,Anouk Denton,Right Back,2,0,0,-1,,,,1,257540,2,257540.0,3780.0,63',2025-04-28 04:54:05
12837,716751,19975,away,1,4-2-3-1,1,1,29,252347,Verena Hanshaw,Left Back,3,0,0,-1,,,,0,0,-1,,,,2025-04-28 04:54:05
12837,716751,19975,away,1,4-2-3-1,1,1,22,219825,Katrina Gorry,Left Midfielder,4,0,0,-1,,,,1,259752,10,259752.0,2700.0,45',2025-04-28 04:54:05
12837,716751,19975,away,1,4-2-3-1,1,1,5,312251,Amber Tysiak,Center Right Defender,5,0,0,-1,,,,1,264860,17,264860.0,4260.0,71',2025-04-28 04:54:05
12837,716751,19975,away,1,4-2-3-1,1,1,14,235712,Shelina Zadorsky,Center Left Defender,6,0,0,-1,,,,0,0,-1,,,,2025-04-28 04:54:05
12837,716751,19975,away,1,4-2-3-1,1,1,77,330350,Seraina Piubel,Attacking Midfielder Right,7,0,0,-1,,,,1,312486,12,312486.0,4260.0,71',2025-04-28 04:54:05
12837,716751,19975,away,1,4-2-3-1,1,1,4,349057,Oona Siren,Right Midfielder,8,0,0,-1,,,,0,0,-1,,,,2025-04-28 04:54:05
12837,716751,19975,away,1,4-2-3-1,1,1,19,374905,Shekiera Martinez,Forward,9,0,0,-1,,,,1,362493,35,362493.0,4260.0,71',2025-04-28 04:54:05
12837,716751,19975,away,1,4-2-3-1,1,1,9,287317,Riko Ueki,Attacking Midfielder,10,0,0,-1,,,,0,0,-1,,,,2025-04-28 04:54:05
12837,716751,19975,away,1,4-2-3-1,1,1,20,188069,Viviane Asseyi,Attacking Midfielder Left,11,0,0,-1,,,,0,0,-1,,,,2025-04-28 04:54:05
12837,716751,19975,away,1,4-2-3-1,1,0,36,373408,Soraya Walsh,Substitute,0,0,0,-1,,,,0,0,-1,,,,2025-04-28 04:54:05
12837,716751,19975,away,1,4-2-3-1,1,0,2,257540,Kirsty Smith,Substitute,0,1,310225,18,310225.0,3780.0,63',0,0,-1,,,,2025-04-28 04:54:05
12837,716751,19975,away,1,4-2-3-1,1,0,10,259752,Dagný Brynjarsdóttir,Substitute,0,1,219825,22,219825.0,2700.0,45',0,0,-1,,,,2025-04-28 04:54:05
12837,716751,19975,away,1,4-2-3-1,1,0,17,264860,Camila Sáez,Substitute,0,1,312251,5,312251.0,4260.0,71',0,0,-1,,,,2025-04-28 04:54:05
12837,716751,19975,away,1,4-2-3-1,1,0,25,312461,Megan Walsh,Substitute,0,0,0,-1,,,,0,0,-1,,,,2025-04-28 04:54:05
12837,716751,19975,away,1,4-2-3-1,1,0,12,312486,Emma Harries,Substitute,0,1,330350,77,330350.0,4260.0,71',0,0,-1,,,,2025-04-28 04:54:05
12837,716751,19975,away,1,4-2-3-1,1,0,13,317807,Eva Nystrom,Substitute,0,0,0,-1,,,,0,0,-1,,,,2025-04-28 04:54:05
12837,716751,19975,away,1,4-2-3-1,1,0,7,350638,Marika Bergman-Lundin,Substitute,0,0,0,-1,,,,0,0,-1,,,,2025-04-28 04:54:05
12837,716751,19975,away,1,4-2-3-1,1,0,35,362493,Princess Ademiluyi,Substitute,0,1,374905,19,374905.0,4260.0,71',0,0,-1,,,,2025-04-28 04:54:05
12837,716752,20062,home,0,4-3-3,1,1,1,264730,Lize Kop,Goalkeeper,1,0,0,-1,,,,0,0,-1,,,,2025-05-05 05:00:05
12837,716752,20062,home,0,4-3-3,1,1,3,323599,Ella Morris,Right Back,2,0,0,-1,,,,0,0,-1,,,,2025-05-05 05:00:05
12837,716752,20062,home,0,4-3-3,1,1,29,294265,Ashleigh Neville,Left Back,3,0,0,-1,,,,1,314494,6,314494.0,4320.0,72',2025-05-05 05:00:05
12837,716752,20062,home,0,4-3-3,1,1,25,267666,Eveliina Summanen,Center Midfielder,4,0,0,-1,,,,0,0,-1,,,,2025-05-05 05:00:05
12837,716752,20062,home,0,4-3-3,1,1,15,312233,Clare Hunt,Center Right Defender,5,0,0,-1,,,,0,0,-1,,,,2025-05-05 05:00:05
12837,716752,20062,home,0,4-3-3,1,1,5,312487,Molly Bartrip,Center Left Defender,6,0,0,-1,,,,0,0,-1,,,,2025-05-05 05:00:05
12837,716752,20062,home,0,4-3-3,1,1,24,286882,Drew Spence,Right Midfielder,7,0,0,-1,,,,0,0,-1,,,,2025-05-05 05:00:05
12837,716752,20062,home,0,4-3-3,1,1,11,314963,Olivia Holdt,Left Midfielder,8,0,0,-1,,,,1,226804,17,226804.0,4320.0,72',2025-05-05 05:00:05
12837,716752,20062,home,0,4-3-3,1,1,9,293410,Bethany England,Forward,9,0,0,-1,,,,0,0,-1,,,,2025-05-05 05:00:05
12837,716752,20062,home,0,4-3-3,1,1,2,300442,Charlotte Grant,Right Forward,10,0,0,-1,,,,1,349567,13,349567.0,3660.0,61',2025-05-05 05:00:05
12837,716752,20062,home,0,4-3-3,1,1,7,294268,Jessica Naz,Left Forward,11,0,0,-1,,,,1,355373,31,355373.0,5400.0,90'+3',2025-05-05 05:00:05
12837,716752,20062,home,0,4-3-3,1,0,13,349567,Matilda Vinberg,Substitute,0,1,300442,2,300442.0,3660.0,61',0,0,-1,,,,2025-05-05 05:00:05
12837,716752,20062,home,0,4-3-3,1,0,27,301685,Eleanor Heeps,Substitute,0,0,0,-1,,,,0,0,-1,,,,2025-05-05 05:00:05
12837,716752,20062,home,0,4-3-3,1,0,20,267679,Olga Ahtinen,Substitute,0,0,0,-1,,,,0,0,-1,,,,2025-05-05 05:00:05
12837,716752,20062,home,0,4-3-3,1,0,17,226804,Martha Thomas,Substitute,0,1,314963,11,314963.0,4320.0,72',0,0,-1,,,,2025-05-05 05:00:05
12837,716752,20062,home,0,4-3-3,1,0,23,312494,Rosella Ayane,Substitute,0,0,0,-1,,,,0,0,-1,,,,2025-05-05 05:00:05
12837,716752,20062,home,0,4-3-3,1,0,12,314195,Josefine Rybrink,Substitute,0,0,0,-1,,,,0,0,-1,,,,2025-05-05 05:00:05
12837,716752,20062,home,0,4-3-3,1,0,6,314494,Amanda Nildén,Substitute,0,1,294265,29,294265.0,4320.0,72',0,0,-1,,,,2025-05-05 05:00:05
12837,716752,20062,home,0,4-3-3,1,0,10,320356,Maite Oroz,Substitute,0,0,0,-1,,,,0,0,-1,,,,2025-05-05 05:00:05
12837,716752,20062,home,0,4-3-3,1,0,31,355373,Lenna Gunning-Williams,Substitute,0,1,294268,7,294268.0,5400.0,90'+3',0,0,-1,,,,2025-05-05 05:00:05
12837,716752,19970,away,1,4-2-3-1,1,1,24,312460,Hannah Hampton,Goalkeeper,1,0,0,-1,,,,0,0,-1,,,,2025-05-05 05:00:05
12837,716752,19970,away,1,4-2-3-1,1,1,12,119954,Ashley Lawrence,Right Back,2,0,0,-1,,,,0,0,-1,,,,2025-05-05 05:00:05
12837,716752,19970,away,1,4-2-3-1,1,1,11,257483,Guro Reiten,Left Back,3,0,0,-1,,,,0,0,-1,,,,2025-05-05 05:00:05
12837,716752,19970,away,1,4-2-3-1,1,1,8,257545,Erin Cuthbert,Left Midfielder,4,0,0,-1,,,,1,283720,16,283720.0,3780.0,63',2025-05-05 05:00:05
12837,716752,19970,away,1,4-2-3-1,1,1,25,347124,Maelys Mpomé,Center Right Defender,5,0,0,-1,,,,1,255181,14,255181.0,3720.0,62',2025-05-05 05:00:05
12837,716752,19970,away,1,4-2-3-1,1,1,6,314382,Sjoeke Nüsken,Center Left Defender,6,0,0,-1,,,,0,0,-1,,,,2025-05-05 05:00:05
12837,716752,19970,away,1,4-2-3-1,1,1,19,264735,Johanna Rytting Kaneryd,Attacking Midfielder Right,7,0,0,-1,,,,0,0,-1,,,,2025-05-05 05:00:05
12837,716752,19970,away,1,4-2-3-1,1,1,27,317637,Oriane Jean-François,Right Midfielder,8,0,0,-1,,,,0,0,-1,,,,2025-05-05 05:00:05
12837,716752,19970,away,1,4-2-3-1,1,1,2,293176,Mia Fishel,Forward,9,0,0,-1,,,,1,315453,18,315453.0,3360.0,56',2025-05-05 05:00:05
12837,716752,19970,away,1,4-2-3-1,1,1,9,261568,Catarina Macario,Attacking Midfielder,10,0,0,-1,,,,1,386624,53,386624.0,4680.0,78',2025-05-05 05:00:05
12837,716752,19970,away,1,4-2-3-1,1,1,23,351356,Maika Hamano,Attacking Midfielder Left,11,0,0,-1,,,,1,313088,33,313088.0,4680.0,78',2025-05-05 05:00:05
12837,716752,19970,away,1,4-2-3-1,1,0,14,255181,Nathalie Björn,Substitute,0,1,347124,25,347124.0,3720.0,62',0,0,-1,,,,2025-05-05 05:00:05
12837,716752,19970,away,1,4-2-3-1,1,0,53,386624,Lola Brown,Substitute,0,1,261568,9,261568.0,4680.0,78',0,0,-1,,,,2025-05-05 05:00:05
12837,716752,19970,away,1,4-2-3-1,1,0,18,315453,Wieke Kaptein,Substitute,0,1,293176,2,293176.0,3360.0,56',0,0,-1,,,,2025-05-05 05:00:05
12837,716752,19970,away,1,4-2-3-1,1,0,33,313088,Aggie Beever-Jones,Substitute,0,1,351356,23,351356.0,4680.0,78',0,0,-1,,,,2025-05-05 05:00:05
12837,716752,19970,away,1,4-2-3-1,1,0,21,312480,Niamh Charles,Substitute,0,0,0,-1,,,,0,0,-1,,,,2025-05-05 05:00:05
12837,716752,19970,away,1,4-2-3-1,1,0,40,292674,Katie Cox,Substitute,0,0,0,-1,,,,0,0,-1,,,,2025-05-05 05:00:05
12837,716752,19970,away,1,4-2-3-1,1,0,16,283720,Naomi Girma,Substitute,0,1,257545,8,257545.0,3780.0,63',0,0,-1,,,,2025-05-05 05:00:05
12837,716752,19970,away,1,4-2-3-1,1,0,30,268099,Keira Walsh,Substitute,0,0,0,-1,,,,0,0,-1,,,,2025-05-05 05:00:05
12837,716752,19970,away,1,4-2-3-1,1,0,66,393398,Chloe Sarwie,Substitute,0,0,0,-1,,,,0,0,-1,,,,2025-05-05 05:00:05
12837,716753,19976,home,1,3-1-4-2,1,1,32,249106,Sophie Baggaley,Goalkeeper,1,0,0,-1,,,,0,0,-1,,,,2025-05-07 04:53:55
12837,716753,19976,home,1,3-1-4-2,1,1,23,324775,Marit Auée,Right Midfielder,2,0,0,-1,,,,0,0,-1,,,,2025-05-07 04:53:55
12837,716753,19976,home,1,3-1-4-2,1,1,19,309906,Marisa Olislagers,Left Midfielder,3,0,0,-1,,,,0,0,-1,,,,2025-05-07 04:53:55
12837,716753,19976,home,1,3-1-4-2,1,1,5,213937,Guro Bergsvand,Center Defender,4,0,0,-1,,,,0,0,-1,,,,2025-05-07 04:53:55
12837,716753,19976,home,1,3-1-4-2,1,1,2,219987,Maria Thorisdottir,Center Right Defender,5,0,0,-1,,,,0,0,-1,,,,2025-05-07 04:53:55
12837,716753,19976,home,1,3-1-4-2,1,1,12,367065,Caitlin Hayes,Center Left Defender,6,0,0,-1,,,,0,0,-1,,,,2025-05-07 04:53:55
12837,716753,19976,home,1,3-1-4-2,1,1,14,219773,Fran Kirby,Center Right Midfielder,7,0,0,-1,,,,1,309978,15,309978.0,2700.0,45',2025-05-07 04:53:55
12837,716753,19976,home,1,3-1-4-2,1,1,18,313706,Maisie Symonds,Sweeper,8,0,0,-1,,,,1,312215,33,312215.0,5400.0,90',2025-05-07 04:53:55
12837,716753,19976,home,1,3-1-4-2,1,1,11,296778,Kiko Seike,Center Right Forward,9,0,0,-1,,,,0,0,-1,,,,2025-05-07 04:53:55
12837,716753,19976,home,1,3-1-4-2,1,1,9,246314,Nikita Parris,Center Left Forward,10,0,0,-1,,,,1,339641,22,339641.0,5400.0,90',2025-05-07 04:53:55
12837,716753,19976,home,1,3-1-4-2,1,1,10,314994,Jelena Cankovic,Center Left Midfielder,11,0,0,-1,,,,1,257536,27,257536.0,5340.0,89',2025-05-07 04:53:55
12837,716753,19976,home,1,3-1-4-2,1,0,52,393414,Silvana Miranda,,0,0,0,-1,,,,0,0,-1,,,,2025-05-07 04:53:55
12837,716753,19976,home,1,3-1-4-2,1,0,20,305984,Bruna Vilamala,,0,0,0,-1,,,,0,0,-1,,,,2025-05-07 04:53:55
12837,716753,19976,home,1,3-1-4-2,1,0,7,350639,Aisha Masaka,,0,0,0,-1,,,,0,0,-1,,,,2025-05-07 04:53:55
12837,716753,19976,home,1,3-1-4-2,1,0,27,257536,Rachel McLauchlan,,0,1,314994,10,314994.0,5340.0,89',0,0,-1,,,,2025-05-07 04:53:55
12837,716753,19976,home,1,3-1-4-2,1,0,22,339641,Dejana Stefanovic,,0,1,246314,9,246314.0,5400.0,90',0,0,-1,,,,2025-05-07 04:53:55
12837,716753,19976,home,1,3-1-4-2,1,0,17,325852,Bex Rayner,,0,0,0,-1,,,,0,0,-1,,,,2025-05-07 04:53:55
12837,716753,19976,home,1,3-1-4-2,1,0,33,312215,Charlize Rule,,0,1,313706,18,313706.0,5400.0,90',0,0,-1,,,,2025-05-07 04:53:55
12837,716753,19976,home,1,3-1-4-2,1,0,15,309978,Nadine Noordam,,0,1,219773,14,219773.0,2700.0,45',0,0,-1,,,,2025-05-07 04:53:55
12837,716753,19973,away,0,4-2-3-1,1,1,1,252339,Manuela Zinsberger,Goalkeeper,1,0,0,-1,,,,0,0,-1,,,,2025-05-07 04:53:55
12837,716753,19973,away,0,4-2-3-1,1,1,2,263684,Emily Fox,Right Back,2,0,0,-1,,,,0,0,-1,,,,2025-05-07 04:53:55
12837,716753,19973,away,0,4-2-3-1,1,1,11,219079,Katie McCabe,Left Back,3,0,0,-1,,,,1,292633,22,292633.0,3600.0,60',2025-05-07 04:53:55
12837,716753,19973,away,0,4-2-3-1,1,1,8,257473,Mariona Caldentey,Left Midfielder,4,0,0,-1,,,,0,0,-1,,,,2025-05-07 04:53:55
12837,716753,19973,away,0,4-2-3-1,1,1,6,268100,Leah Williamson,Center Right Defender,5,0,0,-1,,,,0,0,-1,,,,2025-05-07 04:53:55
12837,716753,19973,away,0,4-2-3-1,1,1,7,219822,Steph Catley,Center Left Defender,6,0,0,-1,,,,0,0,-1,,,,2025-05-07 04:53:55
12837,716753,19973,away,0,4-2-3-1,1,1,9,280982,Beth Mead,Attacking Midfielder Right,7,0,0,-1,,,,1,282993,18,282993.0,3540.0,59',2025-05-07 04:53:55
12837,716753,19973,away,0,4-2-3-1,1,1,10,176041,Kim Little,Right Midfielder,8,0,0,-1,,,,1,220015,13,220015.0,3600.0,60',2025-05-07 04:53:55
12837,716753,19973,away,0,4-2-3-1,1,1,23,263683,Alessia Russo,Forward,9,0,0,-1,,,,0,0,-1,,,,2025-05-07 04:53:55
12837,716753,19973,away,0,4-2-3-1,1,1,12,259331,Frida Maanum,Attacking Midfielder,10,0,0,-1,,,,1,240274,25,240274.0,3600.0,60',2025-05-07 04:53:55
12837,716753,19973,away,0,4-2-3-1,1,1,19,158678,Caitlin Foord,Attacking Midfielder Left,11,0,0,-1,,,,1,270056,21,270056.0,5400.0,90'+1',2025-05-07 04:53:55
12837,716753,19973,away,0,4-2-3-1,1,0,13,220015,Lia Wälti,Substitute,0,1,176041,10,176041.0,3600.0,60',0,0,-1,,,,2025-05-07 04:53:55
12837,716753,19973,away,0,4-2-3-1,1,0,25,240274,Stina Blackstenius,Substitute,0,1,259331,12,259331.0,3600.0,60',0,0,-1,,,,2025-05-07 04:53:55
12837,716753,19973,away,0,4-2-3-1,1,0,28,188004,Amanda Ilestedt,Substitute,0,0,0,-1,,,,0,0,-1,,,,2025-05-07 04:53:55
12837,716753,19973,away,0,4-2-3-1,1,0,40,351240,Naomi Williams,Substitute,0,0,0,-1,,,,0,0,-1,,,,2025-05-07 04:53:55
12837,716753,19973,away,0,4-2-3-1,1,0,22,292633,Jenna Nighswonger,Substitute,0,1,219079,11,219079.0,3600.0,60',0,0,-1,,,,2025-05-07 04:53:55
12837,716753,19973,away,0,4-2-3-1,1,0,32,288907,Kyra Cooney-Cross,Substitute,0,0,0,-1,,,,0,0,-1,,,,2025-05-07 04:53:55
12837,716753,19973,away,0,4-2-3-1,1,0,18,282993,Chloe Kelly,Substitute,0,1,280982,9,280982.0,3540.0,59',0,0,-1,,,,2025-05-07 04:53:55
12837,716753,19973,away,0,4-2-3-1,1,0,21,270056,Victoria Pelova,Substitute,0,1,158678,19,158678.0,5400.0,90'+1',0,0,-1,,,,2025-05-07 04:53:55
12837,716753,19973,away,0,4-2-3-1,1,0,3,263682,Lotte Wubben-Moy,Substitute,0,0,0,-1,,,,0,0,-1,,,,2025-05-07 04:53:55
12837,716754,21037,home,0,3-5-2,1,1,30,224886,Shae Yanez,Goalkeeper,1,0,0,-1,,,,0,0,-1,,,,2025-05-05 05:00:05
12837,716754,21037,home,0,3-5-2,1,1,11,314575,Ashleigh Weerden,Right Midfielder,2,0,0,-1,,,,0,0,-1,,,,2025-05-05 05:00:05
12837,716754,21037,home,0,3-5-2,1,1,2,140056,Katrine Veje,Left Midfielder,3,0,0,-1,,,,0,0,-1,,,,2025-05-05 05:00:05
12837,716754,21037,home,0,3-5-2,1,1,29,262811,Allyson Swaby,Center Left Defender,4,0,0,-1,,,,0,0,-1,,,,2025-05-05 05:00:05
12837,716754,21037,home,0,3-5-2,1,1,15,296781,Hayley Nolan,Center Defender,5,0,0,-1,,,,0,0,-1,,,,2025-05-05 05:00:05
12837,716754,21037,home,0,3-5-2,1,1,14,259626,Josie Green,Center Right Defender,6,0,0,-1,,,,1,392348,5,392348.0,4200.0,70',2025-05-05 05:00:05
12837,716754,21037,home,0,3-5-2,1,1,8,324879,Molly-Mae Sharpe,Center Right Midfielder,7,0,0,-1,,,,0,0,-1,,,,2025-05-05 05:00:05
12837,716754,21037,home,0,3-5-2,1,1,22,285187,Mille Gejl,Center Left Midfielder,8,0,0,-1,,,,0,0,-1,,,,2025-05-05 05:00:05
12837,716754,21037,home,0,3-5-2,1,1,28,290269,Katie Stengel,Center Left Forward,9,0,0,-1,,,,1,336368,27,336368.0,4260.0,71',2025-05-05 05:00:05
12837,716754,21037,home,0,3-5-2,1,1,10,323499,Annabel Blanchard,Center Right Forward,10,0,0,-1,,,,0,0,-1,,,,2025-05-05 05:00:05
12837,716754,21037,home,0,3-5-2,1,1,17,377622,Lexi Potter,Attacking Midfielder,11,0,0,-1,,,,0,0,-1,,,,2025-05-05 05:00:05
12837,716754,21037,home,0,3-5-2,1,0,27,336368,Abbie Larkin,Substitute,0,1,290269,28,290269.0,4260.0,71',0,0,-1,,,,2025-05-05 05:00:05
12837,716754,21037,home,0,3-5-2,1,0,5,392348,My Cato,Substitute,0,1,259626,14,259626.0,4200.0,70',0,0,-1,,,,2025-05-05 05:00:05
12837,716754,21037,home,0,3-5-2,1,0,23,288977,Lily Woodham,Substitute,0,0,0,-1,,,,0,0,-1,,,,2025-05-05 05:00:05
12837,716754,21037,home,0,3-5-2,1,0,16,267672,Ria Oling,Substitute,0,0,0,-1,,,,0,0,-1,,,,2025-05-05 05:00:05
12837,716754,21037,home,0,3-5-2,1,0,9,265532,Elise Hughes,Substitute,0,0,0,-1,,,,0,0,-1,,,,2025-05-05 05:00:05
12837,716754,21037,home,0,3-5-2,1,0,4,257534,Chloe Arthur,Substitute,0,0,0,-1,,,,0,0,-1,,,,2025-05-05 05:00:05
12837,716754,21037,home,0,3-5-2,1,0,3,312463,Felicity Gibbons,Substitute,0,0,0,-1,,,,0,0,-1,,,,2025-05-05 05:00:05
12837,716754,21037,home,0,3-5-2,1,0,19,335986,Milla-Maj Majasaari,Substitute,0,0,0,-1,,,,0,0,-1,,,,2025-05-05 05:00:05
12837,716754,21036,away,0,4-2-3-1,1,1,1,328082,Janina Leitzig,Goalkeeper,1,0,0,-1,,,,0,0,-1,,,,2025-05-05 05:00:05
12837,716754,21036,away,0,4-2-3-1,1,1,12,304854,Asmita Ale,Right Back,2,0,0,-1,,,,0,0,-1,,,,2025-05-05 05:00:05
12837,716754,21036,away,0,4-2-3-1,1,1,2,300518,Courtney Nevin,Left Back,3,0,0,-1,,,,0,0,-1,,,,2025-05-05 05:00:05
12837,716754,21036,away,0,4-2-3-1,1,1,11,257569,Janice Cayman,Left Midfielder,4,0,0,-1,,,,1,235714,7,235714.0,5220.0,87',2025-05-05 05:00:05
12837,716754,21036,away,0,4-2-3-1,1,1,17,317638,Julie Thibaud,Center Right Defender,5,0,0,-1,,,,0,0,-1,,,,2025-05-05 05:00:05
12837,716754,21036,away,0,4-2-3-1,1,1,31,248450,Chantelle Swaby,Center Left Defender,6,0,0,-1,,,,0,0,-1,,,,2025-05-05 05:00:05
12837,716754,21036,away,0,4-2-3-1,1,1,21,323496,Hannah Cain,Attacking Midfielder Right,7,0,0,-1,,,,1,386685,53,386685.0,4320.0,72',2025-05-05 05:00:05
12837,716754,21036,away,0,4-2-3-1,1,1,3,323495,Sam Tierney,Right Midfielder,8,0,0,-1,,,,0,0,-1,,,,2025-05-05 05:00:05
12837,716754,21036,away,0,4-2-3-1,1,1,14,270127,Hlin Eiriksdottir,Forward,9,0,0,-1,,,,1,323505,27,323505.0,3540.0,59',2025-05-05 05:00:05
12837,716754,21036,away,0,4-2-3-1,1,1,29,256223,Yuka Momiki,Attacking Midfielder,10,0,0,-1,,,,1,288888,6,288888.0,4320.0,72',2025-05-05 05:00:05
12837,716754,21036,away,0,4-2-3-1,1,1,20,294600,Missy Goodwin,Attacking Midfielder Left,11,0,0,-1,,,,1,344373,28,344373.0,3540.0,59',2025-05-05 05:00:05
12837,716754,21036,away,0,4-2-3-1,1,0,53,386685,Nelly Las,Substitute,0,1,323496,21,323496.0,4320.0,72',0,0,-1,,,,2025-05-05 05:00:05
12837,716754,21036,away,0,4-2-3-1,1,0,47,376668,Simone Sherwood,Substitute,0,0,0,-1,,,,0,0,-1,,,,2025-05-05 05:00:05
12837,716754,21036,away,0,4-2-3-1,1,0,28,344373,Shana Chossenotte,Substitute,0,1,294600,20,294600.0,3540.0,59',0,0,-1,,,,2025-05-05 05:00:05
12837,716754,21036,away,0,4-2-3-1,1,0,27,323505,Shannon O'Brien,Substitute,0,1,270127,14,270127.0,3540.0,59',0,0,-1,,,,2025-05-05 05:00:05
12837,716754,21036,away,0,4-2-3-1,1,0,13,288976,Olivia Clarke,Substitute,0,0,0,-1,,,,0,0,-1,,,,2025-05-05 05:00:05
12837,716754,21036,away,0,4-2-3-1,1,0,6,288888,Saori Takarada,Substitute,0,1,256223,29,256223.0,4320.0,72',0,0,-1,,,,2025-05-05 05:00:05
12837,716754,21036,away,0,4-2-3-1,1,0,7,235714,Deanne Rose,Substitute,0,1,257569,11,257569.0,5220.0,87',0,0,-1,,,,2025-05-05 05:00:05
12837,716754,21036,away,0,4-2-3-1,1,0,5,210382,Sophie Howard,Substitute,0,0,0,-1,,,,0,0,-1,,,,2025-05-05 05:00:05
12837,716754,21036,away,0,4-2-3-1,1,0,25,395075,Karla Torres,Substitute,0,0,0,-1,,,,0,0,-1,,,,2025-05-05 05:00:05
12837,716755,19971,home,0,4-2-3-1,1,1,1,230835,Rachael Laws,Goalkeeper,1,0,0,-1,,,,0,0,-1,,,,2025-05-05 05:00:05
12837,716755,19971,home,0,4-2-3-1,1,1,17,305989,Jenna Clark,Right Back,2,0,0,-1,,,,1,219050,5,219050.0,5160.0,86',2025-05-05 05:00:05
12837,716755,19971,home,0,4-2-3-1,1,1,12,323520,Taylor Hinds,Left Back,3,0,0,-1,,,,0,0,-1,,,,2025-05-05 05:00:05
12837,716755,19971,home,0,4-2-3-1,1,1,8,282995,Fuka Nagano,Left Midfielder,4,0,0,-1,,,,1,338551,19,338551.0,5160.0,86',2025-05-05 05:00:05
12837,716755,19971,home,0,4-2-3-1,1,1,4,261669,Grace Fisk,Center Right Defender,5,0,0,-1,,,,0,0,-1,,,,2025-05-05 05:00:05
12837,716755,19971,home,0,4-2-3-1,1,1,23,188447,Gemma Bonner,Center Left Defender,6,0,0,-1,,,,0,0,-1,,,,2025-05-05 05:00:05
12837,716755,19971,home,0,4-2-3-1,1,1,11,279337,Olivia Smith,Attacking Midfielder Right,7,0,0,-1,,,,0,0,-1,,,,2025-05-05 05:00:05
12837,716755,19971,home,0,4-2-3-1,1,1,24,311039,Samantha Kerr,Right Midfielder,8,0,0,-1,,,,0,0,-1,,,,2025-05-05 05:00:05
12837,716755,19971,home,0,4-2-3-1,1,1,10,280992,Sophie Román Haug,Forward,9,0,0,-1,,,,1,389652,7,389652.0,4080.0,68',2025-05-05 05:00:05
12837,716755,19971,home,0,4-2-3-1,1,1,14,314199,Marie Hobinger,Attacking Midfielder,10,0,0,-1,,,,0,0,-1,,,,2025-05-05 05:00:05
12837,716755,19971,home,0,4-2-3-1,1,1,18,264581,Ceri Holland,Attacking Midfielder Left,11,0,0,-1,,,,0,0,-1,,,,2025-05-05 05:00:05
12837,716755,19971,home,0,4-2-3-1,1,0,16,243031,Teagan Micah,Substitute,0,0,0,-1,,,,0,0,-1,,,,2025-05-05 05:00:05
12837,716755,19971,home,0,4-2-3-1,1,0,7,389652,Cornelia Kapocs,Substitute,0,1,280992,10,280992.0,4080.0,68',0,0,-1,,,,2025-05-05 05:00:05
12837,716755,19971,home,0,4-2-3-1,1,0,22,350464,Faye Kirby,Substitute,0,0,0,-1,,,,0,0,-1,,,,2025-05-05 05:00:05
12837,716755,19971,home,0,4-2-3-1,1,0,19,338551,Julia Bartel,Substitute,0,1,282995,8,282995.0,5160.0,86',0,0,-1,,,,2025-05-05 05:00:05
12837,716755,19971,home,0,4-2-3-1,1,0,13,325841,Mia Enderby,Substitute,0,0,0,-1,,,,0,0,-1,,,,2025-05-05 05:00:05
12837,716755,19971,home,0,4-2-3-1,1,0,6,312477,Jasmine Matthews,Substitute,0,0,0,-1,,,,0,0,-1,,,,2025-05-05 05:00:05
12837,716755,19971,home,0,4-2-3-1,1,0,3,259312,Gemma Evans,Substitute,0,0,0,-1,,,,0,0,-1,,,,2025-05-05 05:00:05
12837,716755,19971,home,0,4-2-3-1,1,0,20,257593,Yana Daniels,Substitute,0,0,0,-1,,,,0,0,-1,,,,2025-05-05 05:00:05
12837,716755,19971,home,0,4-2-3-1,1,0,5,219050,Niamh Fahey,Substitute,0,1,305989,17,305989.0,5160.0,86',0,0,-1,,,,2025-05-05 05:00:05
12837,716755,19972,away,1,4-1-3-2,1,1,1,209174,Courtney Brosnan,Goalkeeper,1,0,0,-1,,,,0,0,-1,,,,2025-05-05 05:00:05
12837,716755,19972,away,1,4-1-3-2,1,1,28,285191,Karen Holmgaard,Right Back,2,0,0,-1,,,,1,378053,4,378053.0,4560.0,76',2025-05-05 05:00:05
12837,716755,19972,away,1,4-1-3-2,1,1,23,287392,Sara Holmgaard,Left Back,3,0,0,-1,,,,0,0,-1,,,,2025-05-05 05:00:05
12837,716755,19972,away,1,4-1-3-2,1,1,8,293328,Justine Vanhaevermaet,Sweeper,4,0,0,-1,,,,0,0,-1,,,,2025-05-05 05:00:05
12837,716755,19972,away,1,4-1-3-2,1,1,5,334991,Martina Fernández,Center Right Defender,5,0,0,-1,,,,0,0,-1,,,,2025-05-05 05:00:05
12837,716755,19972,away,1,4-1-3-2,1,1,27,349927,Elise Stenevik,Center Left Defender,6,0,0,-1,,,,0,0,-1,,,,2025-05-05 05:00:05
12837,716755,19972,away,1,4-1-3-2,1,1,47,364520,Karoline Olesen,Right Midfielder,7,0,0,-1,,,,1,312559,21,312559.0,4500.0,75',2025-05-05 05:00:05
12837,716755,19972,away,1,4-1-3-2,1,1,7,300568,Clare Wheeler,Center Midfielder,8,0,0,-1,,,,0,0,-1,,,,2025-05-05 05:00:05
12837,716755,19972,away,1,4-1-3-2,1,1,25,270037,Katja Snoeijs,Center Right Forward,9,0,0,-1,,,,1,285178,26,,,,2025-05-05 05:00:05
12837,716755,19972,away,1,4-1-3-2,1,1,29,392349,Kelly Gago,Center Left Forward,10,0,0,-1,,,,1,211151,9,211151.0,3780.0,63',2025-05-05 05:00:05
12837,716755,19972,away,1,4-1-3-2,1,1,6,303336,Honoka Hayashi,Left Midfielder,11,0,0,-1,,,,1,361722,18,361722.0,4500.0,75',2025-05-05 05:00:05
12837,716755,19972,away,1,4-1-3-2,1,0,21,312559,Veatriki Sarri,,0,1,364520,47,364520.0,4500.0,75',0,0,-1,,,,2025-05-05 05:00:05
12837,716755,19972,away,1,4-1-3-2,1,0,12,294254,Emily Ramsey,,0,0,0,-1,,,,0,0,-1,,,,2025-05-05 05:00:05
12837,716755,19972,away,1,4-1-3-2,1,0,24,335000,Kenzie Weir,,0,0,0,-1,,,,0,0,-1,,,,2025-05-05 05:00:05
12837,716755,19972,away,1,4-1-3-2,1,0,26,285178,Rikke Madsen,,0,1,270037,25,270037.0,5040.0,84',0,0,-1,,,,2025-05-05 05:00:05
12837,716755,19972,away,1,4-1-3-2,1,0,18,361722,Emma Watson,,0,1,303336,6,303336.0,4500.0,75',0,0,-1,,,,2025-05-05 05:00:05
12837,716755,19972,away,1,4-1-3-2,1,0,22,255465,Aurora Galli,,0,0,0,-1,,,,0,0,-1,,,,2025-05-05 05:00:05
12837,716755,19972,away,1,4-1-3-2,1,0,4,378053,Issy Hobson,,0,1,285191,28,285191.0,4560.0,76',0,0,-1,,,,2025-05-05 05:00:05
12837,716755,19972,away,1,4-1-3-2,1,0,42,211994,Lauren Thomas,,0,0,0,-1,,,,0,0,-1,,,,2025-05-05 05:00:05
12837,716755,19972,away,1,4-1-3-2,1,0,9,211151,Toni Payne,,0,1,392349,29,392349.0,3780.0,63',0,0,-1,,,,2025-05-05 05:00:05
12837,716756,20061,home,0,4-2-3-1,1,1,91,208938,Phallon Tullis-Joyce,Goalkeeper,1,0,0,-1,,,,0,0,-1,,,,2025-05-05 05:00:05
12837,716756,20061,home,0,4-2-3-1,1,1,14,267765,Jayde Riviere,Right Back,2,0,0,-1,,,,1,293411,5,293411.0,1740.0,29',2025-05-05 05:00:05
12837,716756,20061,home,0,4-2-3-1,1,1,3,268536,Gabby George,Left Back,3,0,0,-1,,,,1,359233,2,359233.0,2700.0,45',2025-05-05 05:00:05
12837,716756,20061,home,0,4-2-3-1,1,1,8,306883,Grace Clinton,Left Midfielder,4,0,0,-1,,,,0,0,-1,,,,2025-05-05 05:00:05
12837,716756,20061,home,0,4-2-3-1,1,1,4,312462,Maya Le Tissier,Center Right Defender,5,0,0,-1,,,,0,0,-1,,,,2025-05-05 05:00:05
12837,716756,20061,home,0,4-2-3-1,1,1,21,294257,Millie Turner,Center Left Defender,6,0,0,-1,,,,0,0,-1,,,,2025-05-05 05:00:05
12837,716756,20061,home,0,4-2-3-1,1,1,15,328108,Celin Bizet,Attacking Midfielder Right,7,0,0,-1,,,,1,295670,9,295670.0,3780.0,63',2025-05-05 05:00:05
12837,716756,20061,home,0,4-2-3-1,1,1,20,283107,Hinata Miyazawa,Right Midfielder,8,0,0,-1,,,,0,0,-1,,,,2025-05-05 05:00:05
12837,716756,20061,home,0,4-2-3-1,1,1,19,298669,Elisabeth Terland,Forward,9,0,0,-1,,,,0,0,-1,,,,2025-05-05 05:00:05
12837,716756,20061,home,0,4-2-3-1,1,1,7,294255,Ella Toone,Attacking Midfielder,10,0,0,-1,,,,1,219947,17,219947.0,4320.0,72',2025-05-05 05:00:05
12837,716756,20061,home,0,4-2-3-1,1,1,11,294256,Leah Galton,Attacking Midfielder Left,11,0,0,-1,,,,0,0,-1,,,,2025-05-05 05:00:05
12837,716756,20061,home,0,4-2-3-1,1,0,13,349220,Simi Awujo,Substitute,0,0,0,-1,,,,0,0,-1,,,,2025-05-05 05:00:05
12837,716756,20061,home,0,4-2-3-1,1,0,5,293411,Aoife Mannion,Substitute,0,1,267765,14,267765.0,1740.0,29',0,0,-1,,,,2025-05-05 05:00:05
12837,716756,20061,home,0,4-2-3-1,1,0,16,268103,Lisa Naalsund,Substitute,0,0,0,-1,,,,0,0,-1,,,,2025-05-05 05:00:05
12837,716756,20061,home,0,4-2-3-1,1,0,48,397508,Mared Griffiths,Substitute,0,0,0,-1,,,,0,0,-1,,,,2025-05-05 05:00:05
12837,716756,20061,home,0,4-2-3-1,1,0,17,219947,Dominique Janssen,Substitute,0,1,294255,7,294255.0,4320.0,72',0,0,-1,,,,2025-05-05 05:00:05
12837,716756,20061,home,0,4-2-3-1,1,0,2,359233,Anna Sandberg,Substitute,0,1,268536,3,268536.0,2700.0,45',0,0,-1,,,,2025-05-05 05:00:05
12837,716756,20061,home,0,4-2-3-1,1,0,9,295670,Melvine Malard,Substitute,0,1,328108,15,,,,0,0,-1,,,,2025-05-05 05:00:05
12837,716756,20061,home,0,4-2-3-1,1,0,1,323611,Kayla Rendell,Substitute,0,0,0,-1,,,,0,0,-1,,,,2025-05-05 05:00:05
12837,716756,20061,home,0,4-2-3-1,1,0,39,332051,Safia Middleton-Patel,Substitute,0,0,0,-1,,,,0,0,-1,,,,2025-05-05 05:00:05
12837,716756,19257,away,0,4-2-3-1,1,1,35,314954,Khiara Keating,Goalkeeper,1,0,0,-1,,,,0,0,-1,,,,2025-05-05 05:00:05
12837,716756,19257,away,0,4-2-3-1,1,1,18,309904,Kerstin Casparij,Right Back,2,0,0,-1,,,,1,351355,20,351355.0,4860.0,81',2025-05-05 05:00:05
12837,716756,19257,away,0,4-2-3-1,1,1,15,249105,Leila Ouahabi,Left Back,3,0,0,-1,,,,1,351683,27,351683.0,600.0,10',2025-05-05 05:00:05
12837,716756,19257,away,0,4-2-3-1,1,1,4,286338,Laia Aleixandri,Left Midfielder,4,0,0,-1,,,,0,0,-1,,,,2025-05-05 05:00:05
12837,716756,19257,away,0,4-2-3-1,1,1,28,353342,Gracie Prior,Center Right Defender,5,0,0,-1,,,,0,0,-1,,,,2025-05-05 05:00:05
12837,716756,19257,away,0,4-2-3-1,1,1,5,204659,Alex Greenwood,Center Left Defender,6,0,0,-1,,,,0,0,-1,,,,2025-05-05 05:00:05
12837,716756,19257,away,0,4-2-3-1,1,1,16,296503,Jess Park,Attacking Midfielder Right,7,0,0,-1,,,,0,0,-1,,,,2025-05-05 05:00:05
12837,716756,19257,away,0,4-2-3-1,1,1,25,256228,Yui Hasegawa,Right Midfielder,8,0,0,-1,,,,0,0,-1,,,,2025-05-05 05:00:05
12837,716756,19257,away,0,4-2-3-1,1,1,14,281475,Kerolin ,Forward,9,0,0,-1,,,,0,0,-1,,,,2025-06-03 04:50:27
12837,716756,19257,away,0,4-2-3-1,1,1,7,229456,Laura Coombs,Attacking Midfielder,10,0,0,-1,,,,1,298641,19,298641.0,4860.0,81',2025-05-05 05:00:05
12837,716756,19257,away,0,4-2-3-1,1,1,11,296873,Lauren Hemp,Attacking Midfielder Left,11,0,0,-1,,,,1,219951,10,219951.0,3900.0,65',2025-05-05 05:00:05
12837,716756,19257,away,0,4-2-3-1,1,0,46,390468,Lily Murphy,Substitute,0,0,0,-1,,,,0,0,-1,,,,2025-05-05 05:00:05
12837,716756,19257,away,0,4-2-3-1,1,0,27,351683,Rebecca Knaak,Substitute,0,1,249105,15,249105.0,600.0,10',0,0,-1,,,,2025-05-05 05:00:05
12837,716756,19257,away,0,4-2-3-1,1,0,20,351355,Aoba Fujino,Substitute,0,1,309904,18,309904.0,4860.0,81',0,0,-1,,,,2025-05-05 05:00:05
12837,716756,19257,away,0,4-2-3-1,1,0,3,306881,Naomi Layzell,Substitute,0,0,0,-1,,,,0,0,-1,,,,2025-05-05 05:00:05
12837,716756,19257,away,0,4-2-3-1,1,0,19,298641,Laura Blindkilde Brown,Substitute,0,1,229456,7,229456.0,4860.0,81',0,0,-1,,,,2025-05-05 05:00:05
12837,716756,19257,away,0,4-2-3-1,1,0,13,268324,Laura Wienroither,Substitute,0,0,0,-1,,,,0,0,-1,,,,2025-05-05 05:00:05
12837,716756,19257,away,0,4-2-3-1,1,0,31,223470,Ayaka Yamashita,Substitute,0,0,0,-1,,,,0,0,-1,,,,2025-05-05 05:00:05
12837,716756,19257,away,0,4-2-3-1,1,0,30,399001,Aemu Oyama,Substitute,0,0,0,-1,,,,0,0,-1,,,,2025-05-05 05:00:05
12837,716756,19257,away,0,4-2-3-1,1,0,10,219951,Jill Roord,Substitute,0,1,296873,11,296873.0,3900.0,65',0,0,-1,,,,2025-05-05 05:00:05
12837,716757,19975,home,0,4-2-3-1,1,1,1,296372,Kinga Szemik,Goalkeeper,1,0,0,-1,,,,0,0,-1,,,,2025-05-05 05:00:05
12837,716757,19975,home,0,4-2-3-1,1,1,18,310225,Anouk Denton,Right Back,2,0,0,-1,,,,0,0,-1,,,,2025-05-05 05:00:05
12837,716757,19975,home,0,4-2-3-1,1,1,29,252347,Verena Hanshaw,Left Back,3,0,0,-1,,,,1,257540,2,257540.0,4260.0,71',2025-05-05 05:00:05
12837,716757,19975,home,0,4-2-3-1,1,1,22,219825,Katrina Gorry,Left Midfielder,4,0,0,-1,,,,0,0,-1,,,,2025-05-05 05:00:05
12837,716757,19975,home,0,4-2-3-1,1,1,5,312251,Amber Tysiak,Center Right Defender,5,0,0,-1,,,,1,362493,35,362493.0,5280.0,88',2025-05-05 05:00:05
12837,716757,19975,home,0,4-2-3-1,1,1,14,235712,Shelina Zadorsky,Center Left Defender,6,0,0,-1,,,,0,0,-1,,,,2025-05-05 05:00:05
12837,716757,19975,home,0,4-2-3-1,1,1,77,330350,Seraina Piubel,Attacking Midfielder Right,7,0,0,-1,,,,0,0,-1,,,,2025-05-05 05:00:05
12837,716757,19975,home,0,4-2-3-1,1,1,4,349057,Oona Siren,Right Midfielder,8,0,0,-1,,,,1,298775,11,298775.0,4260.0,71',2025-05-05 05:00:05
12837,716757,19975,home,0,4-2-3-1,1,1,19,374905,Shekiera Martinez,Forward,9,0,0,-1,,,,0,0,-1,,,,2025-05-05 05:00:05
12837,716757,19975,home,0,4-2-3-1,1,1,9,287317,Riko Ueki,Attacking Midfielder,10,0,0,-1,,,,0,0,-1,,,,2025-05-05 05:00:05
12837,716757,19975,home,0,4-2-3-1,1,1,20,188069,Viviane Asseyi,Attacking Midfielder Left,11,0,0,-1,,,,0,0,-1,,,,2025-05-05 05:00:05
12837,716757,19975,home,0,4-2-3-1,1,0,36,373408,Soraya Walsh,Substitute,0,0,0,-1,,,,0,0,-1,,,,2025-05-05 05:00:05
12837,716757,19975,home,0,4-2-3-1,1,0,11,298775,Manuela Paví,Substitute,0,1,349057,4,349057.0,4260.0,71',0,0,-1,,,,2025-05-05 05:00:05
12837,716757,19975,home,0,4-2-3-1,1,0,35,362493,Princess Ademiluyi,Substitute,0,1,312251,5,312251.0,5280.0,88',0,0,-1,,,,2025-05-05 05:00:05
12837,716757,19975,home,0,4-2-3-1,1,0,7,350638,Marika Bergman-Lundin,Substitute,0,0,0,-1,,,,0,0,-1,,,,2025-05-05 05:00:05
12837,716757,19975,home,0,4-2-3-1,1,0,12,312486,Emma Harries,Substitute,0,0,0,-1,,,,0,0,-1,,,,2025-05-05 05:00:05
12837,716757,19975,home,0,4-2-3-1,1,0,13,317807,Eva Nystrom,Substitute,0,0,0,-1,,,,0,0,-1,,,,2025-05-05 05:00:05
12837,716757,19975,home,0,4-2-3-1,1,0,2,257540,Kirsty Smith,Substitute,0,1,252347,29,252347.0,4260.0,71',0,0,-1,,,,2025-05-05 05:00:05
12837,716757,19975,home,0,4-2-3-1,1,0,25,312461,Megan Walsh,Substitute,0,0,0,-1,,,,0,0,-1,,,,2025-05-05 05:00:05
12837,716757,19975,home,0,4-2-3-1,1,0,17,264860,Camila Sáez,Substitute,0,0,0,-1,,,,0,0,-1,,,,2025-05-05 05:00:05
12837,716757,20707,away,1,3-4-1-2,1,1,1,209364,Sabrina D'Angelo,Goalkeeper,1,0,0,-1,,,,0,0,-1,,,,2025-05-05 05:00:05
12837,716757,20707,away,1,3-4-1-2,1,1,23,309858,Chasity Grant,Right Midfielder,2,0,0,-1,,,,0,0,-1,,,,2025-05-05 05:00:05
12837,716757,20707,away,1,3-4-1-2,1,1,33,312497,Mayumi Pacheco,Left Midfielder,3,0,0,-1,,,,1,386828,38,386828.0,3960.0,66',2025-05-05 05:00:05
12837,716757,20707,away,1,3-4-1-2,1,1,16,220024,Noelle Maritz,Center Left Defender,4,0,0,-1,,,,0,0,-1,,,,2025-05-05 05:00:05
12837,716757,20707,away,1,3-4-1-2,1,1,4,262611,Anna Patten,Center Defender,5,0,0,-1,,,,0,0,-1,,,,2025-05-05 05:00:05
12837,716757,20707,away,1,3-4-1-2,1,1,15,261804,Lucy Parker,Center Right Defender,6,0,0,-1,,,,1,312484,14,312484.0,4920.0,82',2025-05-05 05:00:05
12837,716757,20707,away,1,3-4-1-2,1,1,8,178854,Jordan Nobbs,Center Right Midfielder,7,0,0,-1,,,,1,312467,11,312467.0,2700.0,45',2025-05-05 05:00:05
12837,716757,20707,away,1,3-4-1-2,1,1,25,338756,Miri Taylor,Center Left Midfielder,8,0,0,-1,,,,1,317630,22,317630.0,2700.0,45',2025-05-05 05:00:05
12837,716757,20707,away,1,3-4-1-2,1,1,7,323523,Missy Bo Kearns,Attacking Midfielder,9,0,0,-1,,,,0,0,-1,,,,2025-05-05 05:00:05
12837,716757,20707,away,1,3-4-1-2,1,1,17,294246,Ebony Salmon,Center Right Forward,10,0,0,-1,,,,0,0,-1,,,,2025-05-05 05:00:05
12837,716757,20707,away,1,3-4-1-2,1,1,9,248769,Rachel Daly,Center Left Forward,11,0,0,-1,,,,0,0,-1,,,,2025-05-05 05:00:05
12837,716757,20707,away,1,3-4-1-2,1,0,11,312467,Katie Robinson,Substitute,0,1,178854,8,178854.0,2700.0,45',0,0,-1,,,,2025-05-05 05:00:05
12837,716757,20707,away,1,3-4-1-2,1,0,39,403284,Mia Sorrentino,Substitute,0,0,0,-1,,,,0,0,-1,,,,2025-05-05 05:00:05
12837,716757,20707,away,1,3-4-1-2,1,0,40,396493,Soffia Kelly,Substitute,0,0,0,-1,,,,0,0,-1,,,,2025-05-05 05:00:05
12837,716757,20707,away,1,3-4-1-2,1,0,38,386828,Rachel Maltby,Substitute,0,1,312497,33,312497.0,3960.0,66',0,0,-1,,,,2025-05-05 05:00:05
12837,716757,20707,away,1,3-4-1-2,1,0,22,317630,Jill Baijings,Substitute,0,1,338756,25,338756.0,2700.0,45',0,0,-1,,,,2025-05-05 05:00:05
12837,716757,20707,away,1,3-4-1-2,1,0,14,312484,Danielle Turner,Substitute,0,1,261804,15,261804.0,4920.0,82',0,0,-1,,,,2025-05-05 05:00:05
12837,716757,20707,away,1,3-4-1-2,1,0,2,312456,Sarah Mayling,Substitute,0,0,0,-1,,,,0,0,-1,,,,2025-05-05 05:00:05
12837,716757,20707,away,1,3-4-1-2,1,0,6,257537,Rachel Corsie,Substitute,0,0,0,-1,,,,0,0,-1,,,,2025-05-05 05:00:05
12837,716758,19257,home,1,4-2-3-1,1,1,35,314954,Khiara Keating,Goalkeeper,1,0,0,-1,,,,0,0,-1,,,,2025-05-12 04:49:54
12837,716758,19257,home,1,4-2-3-1,1,1,18,309904,Kerstin Casparij,Right Back,2,0,0,-1,,,,0,0,-1,,,,2025-05-12 04:49:54
12837,716758,19257,home,1,4-2-3-1,1,1,5,204659,Alex Greenwood,Left Back,3,0,0,-1,,,,0,0,-1,,,,2025-05-12 04:49:54
12837,716758,19257,home,1,4-2-3-1,1,1,4,286338,Laia Aleixandri,Left Midfielder,4,0,0,-1,,,,0,0,-1,,,,2025-05-12 04:49:54
12837,716758,19257,home,1,4-2-3-1,1,1,28,353342,Gracie Prior,Center Right Defender,5,0,0,-1,,,,0,0,-1,,,,2025-05-12 04:49:54
12837,716758,19257,home,1,4-2-3-1,1,1,27,351683,Rebecca Knaak,Center Left Defender,6,0,0,-1,,,,0,0,-1,,,,2025-05-12 04:49:54
12837,716758,19257,home,1,4-2-3-1,1,1,16,296503,Jess Park,Attacking Midfielder Right,7,0,0,-1,,,,1,351355,20,351355.0,2700.0,45',2025-05-12 04:49:54
12837,716758,19257,home,1,4-2-3-1,1,1,25,256228,Yui Hasegawa,Right Midfielder,8,0,0,-1,,,,0,0,-1,,,,2025-05-12 04:49:54
12837,716758,19257,home,1,4-2-3-1,1,1,14,281475,Kerolin ,Forward,9,0,0,-1,,,,0,0,-1,,,,2025-06-03 04:50:27
12837,716758,19257,home,1,4-2-3-1,1,1,7,229456,Laura Coombs,Attacking Midfielder,10,0,0,-1,,,,1,219951,10,219951.0,2700.0,45',2025-05-12 04:49:54
12837,716758,19257,home,1,4-2-3-1,1,1,11,296873,Lauren Hemp,Attacking Midfielder Left,11,0,0,-1,,,,1,298641,19,298641.0,4080.0,68',2025-05-12 04:49:54
12837,716758,19257,home,1,4-2-3-1,1,0,13,268324,Laura Wienroither,Substitute,0,0,0,-1,,,,0,0,-1,,,,2025-05-12 04:49:54
12837,716758,19257,home,1,4-2-3-1,1,0,30,399001,Aemu Oyama,Substitute,0,0,0,-1,,,,0,0,-1,,,,2025-05-12 04:49:54
12837,716758,19257,home,1,4-2-3-1,1,0,46,390468,Lily Murphy,Substitute,0,0,0,-1,,,,0,0,-1,,,,2025-05-12 04:49:54
12837,716758,19257,home,1,4-2-3-1,1,0,44,390465,Codie Thomas,Substitute,0,0,0,-1,,,,0,0,-1,,,,2025-05-12 04:49:54
12837,716758,19257,home,1,4-2-3-1,1,0,12,352864,Eve Annets,Substitute,0,0,0,-1,,,,0,0,-1,,,,2025-05-12 04:49:54
12837,716758,19257,home,1,4-2-3-1,1,0,20,351355,Aoba Fujino,Substitute,0,1,296503,16,,,,0,0,-1,,,,2025-05-12 04:49:54
12837,716758,19257,home,1,4-2-3-1,1,0,10,219951,Jill Roord,Substitute,0,1,229456,7,229456.0,2700.0,45',0,0,-1,,,,2025-05-12 04:49:54
12837,716758,19257,home,1,4-2-3-1,1,0,3,306881,Naomi Layzell,Substitute,0,0,0,-1,,,,0,0,-1,,,,2025-05-12 04:49:54
12837,716758,19257,home,1,4-2-3-1,1,0,19,298641,Laura Blindkilde Brown,Substitute,0,1,296873,11,296873.0,4080.0,68',0,0,-1,,,,2025-05-12 04:49:54
12837,716758,21037,away,0,4-3-3,1,1,30,224886,Shae Yanez,Goalkeeper,1,0,0,-1,,,,0,0,-1,,,,2025-05-12 04:49:54
12837,716758,21037,away,0,4-3-3,1,1,8,324879,Molly-Mae Sharpe,Right Back,2,0,0,-1,,,,0,0,-1,,,,2025-05-12 04:49:54
12837,716758,21037,away,0,4-3-3,1,1,23,288977,Lily Woodham,Left Back,3,0,0,-1,,,,0,0,-1,,,,2025-05-12 04:49:54
12837,716758,21037,away,0,4-3-3,1,1,17,377622,Lexi Potter,Center Midfielder,4,0,0,-1,,,,0,0,-1,,,,2025-05-12 04:49:54
12837,716758,21037,away,0,4-3-3,1,1,15,296781,Hayley Nolan,Center Right Defender,5,0,0,-1,,,,0,0,-1,,,,2025-05-12 04:49:54
12837,716758,21037,away,0,4-3-3,1,1,29,262811,Allyson Swaby,Center Left Defender,6,0,0,-1,,,,0,0,-1,,,,2025-05-12 04:49:54
12837,716758,21037,away,0,4-3-3,1,1,16,267672,Ria Oling,Right Midfielder,7,0,0,-1,,,,1,312463,3,312463.0,4740.0,79',2025-05-12 04:49:54
12837,716758,21037,away,0,4-3-3,1,1,27,336368,Abbie Larkin,Left Midfielder,8,0,0,-1,,,,1,349219,21,349219.0,4740.0,79',2025-05-12 04:49:54
12837,716758,21037,away,0,4-3-3,1,1,28,290269,Katie Stengel,Forward,9,0,0,-1,,,,1,257534,4,257534.0,5400.0,90'+2',2025-05-12 04:49:54
12837,716758,21037,away,0,4-3-3,1,1,11,314575,Ashleigh Weerden,Right Forward,10,0,0,-1,,,,1,392348,5,392348.0,5400.0,90'+2',2025-05-12 04:49:54
12837,716758,21037,away,0,4-3-3,1,1,22,285187,Mille Gejl,Left Forward,11,0,0,-1,,,,0,0,-1,,,,2025-05-12 04:49:54
12837,716758,21037,away,0,4-3-3,1,0,3,312463,Felicity Gibbons,Substitute,0,1,267672,16,267672.0,4740.0,79',0,0,-1,,,,2025-05-12 04:49:54
12837,716758,21037,away,0,4-3-3,1,0,9,265532,Elise Hughes,Substitute,0,0,0,-1,,,,0,0,-1,,,,2025-05-12 04:49:54
12837,716758,21037,away,0,4-3-3,1,0,77,328245,Isibeal Atkinson,Substitute,0,0,0,-1,,,,0,0,-1,,,,2025-05-12 04:49:54
12837,716758,21037,away,0,4-3-3,1,0,19,335986,Milla-Maj Majasaari,Substitute,0,0,0,-1,,,,0,0,-1,,,,2025-05-12 04:49:54
12837,716758,21037,away,0,4-3-3,1,0,21,349219,Clarissa Laris­ey,Substitute,0,1,336368,27,336368.0,4740.0,79',0,0,-1,,,,2025-05-12 04:49:54
12837,716758,21037,away,0,4-3-3,1,0,5,392348,My Cato,Substitute,0,1,314575,11,314575.0,5400.0,90'+2',0,0,-1,,,,2025-05-12 04:49:54
12837,716758,21037,away,0,4-3-3,1,0,4,257534,Chloe Arthur,Substitute,0,1,290269,28,290269.0,5400.0,90'+2',0,0,-1,,,,2025-05-12 04:49:54
12837,716759,19970,home,1,3-1-4-2,1,1,24,312460,Hannah Hampton,Goalkeeper,1,0,0,-1,,,,0,0,-1,,,,2025-05-12 04:49:54
12837,716759,19970,home,1,3-1-4-2,1,1,22,188448,Lucy Bronze,Right Midfielder,2,0,0,-1,,,,1,119954,12,119954.0,4980.0,83',2025-05-12 04:49:54
12837,716759,19970,home,1,3-1-4-2,1,1,21,312480,Niamh Charles,Left Midfielder,3,0,0,-1,,,,0,0,-1,,,,2025-05-12 04:49:54
12837,716759,19970,home,1,3-1-4-2,1,1,4,248770,Millie Bright,Center Defender,4,0,0,-1,,,,0,0,-1,,,,2025-05-12 04:49:54
12837,716759,19970,home,1,3-1-4-2,1,1,14,255181,Nathalie Björn,Center Right Defender,5,0,0,-1,,,,1,264735,19,264735.0,2700.0,45',2025-05-12 04:49:54
12837,716759,19970,home,1,3-1-4-2,1,1,16,283720,Naomi Girma,Center Left Defender,6,0,0,-1,,,,0,0,-1,,,,2025-05-12 04:49:54
12837,716759,19970,home,1,3-1-4-2,1,1,18,315453,Wieke Kaptein,Center Right Midfielder,7,0,0,-1,,,,1,257545,8,257545.0,2700.0,45',2025-05-12 04:49:54
12837,716759,19970,home,1,3-1-4-2,1,1,30,268099,Keira Walsh,Sweeper,8,0,0,-1,,,,0,0,-1,,,,2025-05-12 04:49:54
12837,716759,19970,home,1,3-1-4-2,1,1,33,313088,Aggie Beever-Jones,Center Right Forward,9,0,0,-1,,,,0,0,-1,,,,2025-05-12 04:49:54
12837,716759,19970,home,1,3-1-4-2,1,1,17,295673,Sandy Baltimore,Center Left Forward,10,0,0,-1,,,,1,257483,11,257483.0,4320.0,72',2025-05-12 04:49:54
12837,716759,19970,home,1,3-1-4-2,1,1,6,314382,Sjoeke Nüsken,Center Left Midfielder,11,0,0,-1,,,,1,261568,9,261568.0,4320.0,72',2025-05-12 04:49:54
12837,716759,19970,home,1,3-1-4-2,1,0,27,317637,Oriane Jean-François,,0,0,0,-1,,,,0,0,-1,,,,2025-05-12 04:49:54
12837,716759,19970,home,1,3-1-4-2,1,0,23,351356,Maika Hamano,,0,0,0,-1,,,,0,0,-1,,,,2025-05-12 04:49:54
12837,716759,19970,home,1,3-1-4-2,1,0,8,257545,Erin Cuthbert,,0,1,315453,18,315453.0,2700.0,45',0,0,-1,,,,2025-05-12 04:49:54
12837,716759,19970,home,1,3-1-4-2,1,0,2,293176,Mia Fishel,,0,0,0,-1,,,,0,0,-1,,,,2025-05-12 04:49:54
12837,716759,19970,home,1,3-1-4-2,1,0,40,292674,Katie Cox,,0,0,0,-1,,,,0,0,-1,,,,2025-05-12 04:49:54
12837,716759,19970,home,1,3-1-4-2,1,0,19,264735,Johanna Rytting Kaneryd,,0,1,255181,14,255181.0,2700.0,45',0,0,-1,,,,2025-05-12 04:49:54
12837,716759,19970,home,1,3-1-4-2,1,0,9,261568,Catarina Macario,,0,1,314382,6,314382.0,4320.0,72',0,0,-1,,,,2025-05-12 04:49:54
12837,716759,19970,home,1,3-1-4-2,1,0,11,257483,Guro Reiten,,0,1,295673,17,295673.0,4320.0,72',0,0,-1,,,,2025-05-12 04:49:54
12837,716759,19970,home,1,3-1-4-2,1,0,12,119954,Ashley Lawrence,,0,1,188448,22,188448.0,4980.0,83',0,0,-1,,,,2025-05-12 04:49:54
12837,716759,19971,away,0,4-2-3-1,1,1,1,230835,Rachael Laws,Goalkeeper,1,0,0,-1,,,,0,0,-1,,,,2025-05-12 04:49:54
12837,716759,19971,away,0,4-2-3-1,1,1,4,261669,Grace Fisk,Right Back,2,0,0,-1,,,,1,219050,5,219050.0,5040.0,84',2025-05-12 04:49:54
12837,716759,19971,away,0,4-2-3-1,1,1,12,323520,Taylor Hinds,Left Back,3,0,0,-1,,,,0,0,-1,,,,2025-05-12 04:49:54
12837,716759,19971,away,0,4-2-3-1,1,1,8,282995,Fuka Nagano,Left Midfielder,4,0,0,-1,,,,1,312477,6,312477.0,4980.0,83',2025-05-12 04:49:54
12837,716759,19971,away,0,4-2-3-1,1,1,23,188447,Gemma Bonner,Center Right Defender,5,0,0,-1,,,,0,0,-1,,,,2025-05-12 04:49:54
12837,716759,19971,away,0,4-2-3-1,1,1,3,259312,Gemma Evans,Center Left Defender,6,0,0,-1,,,,0,0,-1,,,,2025-05-12 04:49:54
12837,716759,19971,away,0,4-2-3-1,1,1,11,279337,Olivia Smith,Attacking Midfielder Right,7,0,0,-1,,,,1,305989,17,305989.0,4140.0,69',2025-05-12 04:49:54
12837,716759,19971,away,0,4-2-3-1,1,1,24,311039,Samantha Kerr,Right Midfielder,8,0,0,-1,,,,0,0,-1,,,,2025-05-12 04:49:54
12837,716759,19971,away,0,4-2-3-1,1,1,10,280992,Sophie Román Haug,Forward,9,0,0,-1,,,,1,257593,20,257593.0,4560.0,76',2025-05-12 04:49:54
12837,716759,19971,away,0,4-2-3-1,1,1,14,314199,Marie Hobinger,Attacking Midfielder,10,0,0,-1,,,,0,0,-1,,,,2025-05-12 04:49:54
12837,716759,19971,away,0,4-2-3-1,1,1,18,264581,Ceri Holland,Attacking Midfielder Left,11,0,0,-1,,,,1,389652,7,389652.0,4560.0,76',2025-05-12 04:49:54
12837,716759,19971,away,0,4-2-3-1,1,0,13,325841,Mia Enderby,Substitute,0,0,0,-1,,,,0,0,-1,,,,2025-05-12 04:49:54
12837,716759,19971,away,0,4-2-3-1,1,0,7,389652,Cornelia Kapocs,Substitute,0,1,264581,18,264581.0,4560.0,76',0,0,-1,,,,2025-05-12 04:49:54
12837,716759,19971,away,0,4-2-3-1,1,0,22,350464,Faye Kirby,Substitute,0,0,0,-1,,,,0,0,-1,,,,2025-05-12 04:49:54
12837,716759,19971,away,0,4-2-3-1,1,0,6,312477,Jasmine Matthews,Substitute,0,1,282995,8,282995.0,4980.0,83',0,0,-1,,,,2025-05-12 04:49:54
12837,716759,19971,away,0,4-2-3-1,1,0,17,305989,Jenna Clark,Substitute,0,1,279337,11,279337.0,4140.0,69',0,0,-1,,,,2025-05-12 04:49:54
12837,716759,19971,away,0,4-2-3-1,1,0,5,219050,Niamh Fahey,Substitute,0,1,261669,4,261669.0,5040.0,84',0,0,-1,,,,2025-05-12 04:49:54
12837,716759,19971,away,0,4-2-3-1,1,0,16,243031,Teagan Micah,Substitute,0,0,0,-1,,,,0,0,-1,,,,2025-05-12 04:49:54
12837,716759,19971,away,0,4-2-3-1,1,0,20,257593,Yana Daniels,Substitute,0,1,280992,10,280992.0,4560.0,76',0,0,-1,,,,2025-05-12 04:49:54
12837,716760,19973,home,1,4-2-3-1,1,1,1,252339,Manuela Zinsberger,Goalkeeper,1,0,0,-1,,,,0,0,-1,,,,2025-05-12 04:49:54
12837,716760,19973,home,1,4-2-3-1,1,1,2,263684,Emily Fox,Right Back,2,0,0,-1,,,,1,295638,5,295638.0,5400.0,90'+7',2025-05-12 04:49:54
12837,716760,19973,home,1,4-2-3-1,1,1,11,219079,Katie McCabe,Left Back,3,0,0,-1,,,,1,263682,3,263682.0,5340.0,89',2025-05-12 04:49:54
12837,716760,19973,home,1,4-2-3-1,1,1,8,257473,Mariona Caldentey,Left Midfielder,4,0,0,-1,,,,1,240274,25,240274.0,5340.0,89',2025-05-12 04:49:54
12837,716760,19973,home,1,4-2-3-1,1,1,6,268100,Leah Williamson,Center Right Defender,5,0,0,-1,,,,0,0,-1,,,,2025-05-12 04:49:54
12837,716760,19973,home,1,4-2-3-1,1,1,7,219822,Steph Catley,Center Left Defender,6,0,0,-1,,,,0,0,-1,,,,2025-05-12 04:49:54
12837,716760,19973,home,1,4-2-3-1,1,1,18,282993,Chloe Kelly,Attacking Midfielder Right,7,0,0,-1,,,,1,280982,9,280982.0,4320.0,72',2025-05-12 04:49:54
12837,716760,19973,home,1,4-2-3-1,1,1,10,176041,Kim Little,Right Midfielder,8,0,0,-1,,,,0,0,-1,,,,2025-05-12 04:49:54
12837,716760,19973,home,1,4-2-3-1,1,1,23,263683,Alessia Russo,Forward,9,0,0,-1,,,,0,0,-1,,,,2025-05-12 04:49:54
12837,716760,19973,home,1,4-2-3-1,1,1,12,259331,Frida Maanum,Attacking Midfielder,10,0,0,-1,,,,1,220015,13,220015.0,4320.0,72',2025-05-12 04:49:54
12837,716760,19973,home,1,4-2-3-1,1,1,19,158678,Caitlin Foord,Attacking Midfielder Left,11,0,0,-1,,,,0,0,-1,,,,2025-05-12 04:49:54
12837,716760,19973,home,1,4-2-3-1,1,0,40,351240,Naomi Williams,Substitute,0,0,0,-1,,,,0,0,-1,,,,2025-05-12 04:49:54
12837,716760,19973,home,1,4-2-3-1,1,0,5,295638,Laia Codina,Substitute,0,1,263684,2,263684.0,5400.0,90'+7',0,0,-1,,,,2025-05-12 04:49:54
12837,716760,19973,home,1,4-2-3-1,1,0,32,288907,Kyra Cooney-Cross,Substitute,0,0,0,-1,,,,0,0,-1,,,,2025-05-12 04:49:54
12837,716760,19973,home,1,4-2-3-1,1,0,22,292633,Jenna Nighswonger,Substitute,0,0,0,-1,,,,0,0,-1,,,,2025-05-12 04:49:54
12837,716760,19973,home,1,4-2-3-1,1,0,21,270056,Victoria Pelova,Substitute,0,0,0,-1,,,,0,0,-1,,,,2025-05-12 04:49:54
12837,716760,19973,home,1,4-2-3-1,1,0,13,220015,Lia Wälti,Substitute,0,1,259331,12,259331.0,4320.0,72',0,0,-1,,,,2025-05-12 04:49:54
12837,716760,19973,home,1,4-2-3-1,1,0,3,263682,Lotte Wubben-Moy,Substitute,0,1,219079,11,219079.0,5340.0,89',0,0,-1,,,,2025-05-12 04:49:54
12837,716760,19973,home,1,4-2-3-1,1,0,25,240274,Stina Blackstenius,Substitute,0,1,257473,8,257473.0,5340.0,89',0,0,-1,,,,2025-05-12 04:49:54
12837,716760,19973,home,1,4-2-3-1,1,0,9,280982,Beth Mead,Substitute,0,1,282993,18,282993.0,4320.0,72',0,0,-1,,,,2025-05-12 04:49:54
12837,716760,20061,away,0,3-4-1-2,1,1,91,208938,Phallon Tullis-Joyce,Goalkeeper,1,0,0,-1,,,,0,0,-1,,,,2025-05-12 04:49:54
12837,716760,20061,away,0,3-4-1-2,1,1,15,328108,Celin Bizet,Right Midfielder,2,0,0,-1,,,,0,0,-1,,,,2025-05-12 04:49:54
12837,716760,20061,away,0,3-4-1-2,1,1,2,359233,Anna Sandberg,Left Midfielder,3,0,0,-1,,,,1,298669,19,298669.0,2700.0,45',2025-05-12 04:49:54
12837,716760,20061,away,0,3-4-1-2,1,1,17,219947,Dominique Janssen,Center Left Defender,4,0,0,-1,,,,0,0,-1,,,,2025-05-12 04:49:54
12837,716760,20061,away,0,3-4-1-2,1,1,21,294257,Millie Turner,Center Defender,5,0,0,-1,,,,0,0,-1,,,,2025-05-12 04:49:54
12837,716760,20061,away,0,3-4-1-2,1,1,4,312462,Maya Le Tissier,Center Right Defender,6,0,0,-1,,,,0,0,-1,,,,2025-05-12 04:49:54
12837,716760,20061,away,0,3-4-1-2,1,1,20,283107,Hinata Miyazawa,Center Right Midfielder,7,0,0,-1,,,,1,349220,13,349220.0,5340.0,89',2025-05-12 04:49:54
12837,716760,20061,away,0,3-4-1-2,1,1,8,306883,Grace Clinton,Center Left Midfielder,8,0,0,-1,,,,0,0,-1,,,,2025-05-12 04:49:54
12837,716760,20061,away,0,3-4-1-2,1,1,7,294255,Ella Toone,Attacking Midfielder,9,0,0,-1,,,,1,268103,16,268103.0,4260.0,71',2025-05-12 04:49:54
12837,716760,20061,away,0,3-4-1-2,1,1,9,295670,Melvine Malard,Center Right Forward,10,0,0,-1,,,,0,0,-1,,,,2025-05-12 04:49:54
12837,716760,20061,away,0,3-4-1-2,1,1,11,294256,Leah Galton,Center Left Forward,11,0,0,-1,,,,0,0,-1,,,,2025-05-12 04:49:54
12837,716760,20061,away,0,3-4-1-2,1,0,16,268103,Lisa Naalsund,Substitute,0,1,294255,7,294255.0,4260.0,71',0,0,-1,,,,2025-05-12 04:49:54
12837,716760,20061,away,0,3-4-1-2,1,0,62,400033,Scarlett Hill,Substitute,0,0,0,-1,,,,0,0,-1,,,,2025-05-12 04:49:54
12837,716760,20061,away,0,3-4-1-2,1,0,48,397508,Mared Griffiths,Substitute,0,0,0,-1,,,,0,0,-1,,,,2025-05-12 04:49:54
12837,716760,20061,away,0,3-4-1-2,1,0,13,349220,Simi Awujo,Substitute,0,1,283107,20,283107.0,5340.0,89',0,0,-1,,,,2025-05-12 04:49:54
12837,716760,20061,away,0,3-4-1-2,1,0,39,332051,Safia Middleton-Patel,Substitute,0,0,0,-1,,,,0,0,-1,,,,2025-05-12 04:49:54
12837,716760,20061,away,0,3-4-1-2,1,0,3,268536,Gabby George,Substitute,0,0,0,-1,,,,0,0,-1,,,,2025-05-12 04:49:54
12837,716760,20061,away,0,3-4-1-2,1,0,1,323611,Kayla Rendell,Substitute,0,0,0,-1,,,,0,0,-1,,,,2025-05-12 04:49:54
12837,716760,20061,away,0,3-4-1-2,1,0,19,298669,Elisabeth Terland,Substitute,0,1,359233,2,359233.0,2700.0,45',0,0,-1,,,,2025-05-12 04:49:54
12837,716761,20707,home,1,3-4-1-2,1,1,1,209364,Sabrina D'Angelo,Goalkeeper,1,0,0,-1,,,,0,0,-1,,,,2025-05-12 04:49:54
12837,716761,20707,home,1,3-4-1-2,1,1,23,309858,Chasity Grant,Right Midfielder,2,0,0,-1,,,,0,0,-1,,,,2025-05-12 04:49:54
12837,716761,20707,home,1,3-4-1-2,1,1,33,312497,Mayumi Pacheco,Left Midfielder,3,0,0,-1,,,,0,0,-1,,,,2025-05-12 04:49:54
12837,716761,20707,home,1,3-4-1-2,1,1,14,312484,Danielle Turner,Center Left Defender,4,0,0,-1,,,,0,0,-1,,,,2025-05-12 04:49:54
12837,716761,20707,home,1,3-4-1-2,1,1,4,262611,Anna Patten,Center Defender,5,0,0,-1,,,,1,257537,6,257537.0,4860.0,81',2025-05-12 04:49:54
12837,716761,20707,home,1,3-4-1-2,1,1,16,220024,Noelle Maritz,Center Right Defender,6,0,0,-1,,,,0,0,-1,,,,2025-05-12 04:49:54
12837,716761,20707,home,1,3-4-1-2,1,1,7,323523,Missy Bo Kearns,Center Right Midfielder,7,0,0,-1,,,,1,338756,25,338756.0,3660.0,61',2025-05-12 04:49:54
12837,716761,20707,home,1,3-4-1-2,1,1,22,317630,Jill Baijings,Center Left Midfielder,8,0,0,-1,,,,0,0,-1,,,,2025-05-12 04:49:54
12837,716761,20707,home,1,3-4-1-2,1,1,9,248769,Rachel Daly,Attacking Midfielder,9,0,0,-1,,,,1,178854,8,178854.0,3660.0,61',2025-05-12 04:49:54
12837,716761,20707,home,1,3-4-1-2,1,1,17,294246,Ebony Salmon,Center Right Forward,10,0,0,-1,,,,1,257469,28,257469.0,4860.0,81',2025-05-12 04:49:54
12837,716761,20707,home,1,3-4-1-2,1,1,11,312467,Katie Robinson,Center Left Forward,11,0,0,-1,,,,1,312456,2,312456.0,4320.0,72',2025-05-12 04:49:54
12837,716761,20707,home,1,3-4-1-2,1,0,39,403284,Mia Sorrentino,Substitute,0,0,0,-1,,,,0,0,-1,,,,2025-05-12 04:49:54
12837,716761,20707,home,1,3-4-1-2,1,0,38,386828,Rachel Maltby,Substitute,0,0,0,-1,,,,0,0,-1,,,,2025-05-12 04:49:54
12837,716761,20707,home,1,3-4-1-2,1,0,30,351745,Katelin Talbert,Substitute,0,0,0,-1,,,,0,0,-1,,,,2025-05-12 04:49:54
12837,716761,20707,home,1,3-4-1-2,1,0,25,338756,Miri Taylor,Substitute,0,1,323523,7,323523.0,3660.0,61',0,0,-1,,,,2025-05-12 04:49:54
12837,716761,20707,home,1,3-4-1-2,1,0,2,312456,Sarah Mayling,Substitute,0,1,312467,11,312467.0,4320.0,72',0,0,-1,,,,2025-05-12 04:49:54
12837,716761,20707,home,1,3-4-1-2,1,0,15,261804,Lucy Parker,Substitute,0,0,0,-1,,,,0,0,-1,,,,2025-05-12 04:49:54
12837,716761,20707,home,1,3-4-1-2,1,0,6,257537,Rachel Corsie,Substitute,0,1,262611,4,262611.0,4860.0,81',0,0,-1,,,,2025-05-12 04:49:54
12837,716761,20707,home,1,3-4-1-2,1,0,8,178854,Jordan Nobbs,Substitute,0,1,248769,9,248769.0,3660.0,61',0,0,-1,,,,2025-05-12 04:49:54
12837,716761,20707,home,1,3-4-1-2,1,0,28,257469,Gabi Nunes,Substitute,0,1,294246,17,294246.0,4860.0,81',0,0,-1,,,,2025-05-12 04:49:54
12837,716761,19976,away,0,4-3-3,1,1,32,249106,Sophie Baggaley,Goalkeeper,1,0,0,-1,,,,0,0,-1,,,,2025-05-12 04:49:54
12837,716761,19976,away,0,4-3-3,1,1,23,324775,Marit Auée,Right Back,2,0,0,-1,,,,1,219939,8,219939.0,4800.0,80',2025-05-12 04:49:54
12837,716761,19976,away,0,4-3-3,1,1,19,309906,Marisa Olislagers,Left Back,3,0,0,-1,,,,0,0,-1,,,,2025-05-12 04:49:54
12837,716761,19976,away,0,4-3-3,1,1,10,314994,Jelena Cankovic,Center Midfielder,4,0,0,-1,,,,1,325852,17,325852.0,4800.0,80',2025-05-12 04:49:54
12837,716761,19976,away,0,4-3-3,1,1,5,213937,Guro Bergsvand,Center Right Defender,5,0,0,-1,,,,0,0,-1,,,,2025-05-12 04:49:54
12837,716761,19976,away,0,4-3-3,1,1,12,367065,Caitlin Hayes,Center Left Defender,6,0,0,-1,,,,1,339641,22,339641.0,4800.0,80',2025-05-12 04:49:54
12837,716761,19976,away,0,4-3-3,1,1,20,305984,Bruna Vilamala,Right Midfielder,7,0,0,-1,,,,1,219773,14,219773.0,3660.0,61',2025-05-12 04:49:54
12837,716761,19976,away,0,4-3-3,1,1,18,313706,Maisie Symonds,Left Midfielder,8,0,0,-1,,,,0,0,-1,,,,2025-05-12 04:49:54
12837,716761,19976,away,0,4-3-3,1,1,9,246314,Nikita Parris,Forward,9,0,0,-1,,,,0,0,-1,,,,2025-05-12 04:49:54
12837,716761,19976,away,0,4-3-3,1,1,11,296778,Kiko Seike,Right Forward,10,0,0,-1,,,,0,0,-1,,,,2025-05-12 04:49:54
12837,716761,19976,away,0,4-3-3,1,1,59,350678,Michelle Agyemang,Left Forward,11,0,0,-1,,,,1,257536,27,257536.0,2700.0,45',2025-05-12 04:49:54
12837,716761,19976,away,0,4-3-3,1,0,17,325852,Bex Rayner,Substitute,0,1,314994,10,314994.0,4800.0,80',0,0,-1,,,,2025-05-12 04:49:54
12837,716761,19976,away,0,4-3-3,1,0,22,339641,Dejana Stefanovic,Substitute,0,1,367065,12,367065.0,4800.0,80',0,0,-1,,,,2025-05-12 04:49:54
12837,716761,19976,away,0,4-3-3,1,0,2,219987,Maria Thorisdottir,Substitute,0,0,0,-1,,,,0,0,-1,,,,2025-05-12 04:49:54
12837,716761,19976,away,0,4-3-3,1,0,8,219939,Pauline Bremer,Substitute,0,1,324775,23,324775.0,4800.0,80',0,0,-1,,,,2025-05-12 04:49:54
12837,716761,19976,away,0,4-3-3,1,0,14,219773,Fran Kirby,Substitute,0,1,305984,20,305984.0,3660.0,61',0,0,-1,,,,2025-05-12 04:49:54
12837,716761,19976,away,0,4-3-3,1,0,28,367224,Melina Loeck,Substitute,0,0,0,-1,,,,0,0,-1,,,,2025-05-12 04:49:54
12837,716761,19976,away,0,4-3-3,1,0,33,312215,Charlize Rule,Substitute,0,0,0,-1,,,,0,0,-1,,,,2025-05-12 04:49:54
12837,716761,19976,away,0,4-3-3,1,0,15,309978,Nadine Noordam,Substitute,0,0,0,-1,,,,0,0,-1,,,,2025-05-12 04:49:54
12837,716761,19976,away,0,4-3-3,1,0,27,257536,Rachel McLauchlan,Substitute,0,1,350678,59,350678.0,2700.0,45',0,0,-1,,,,2025-05-12 04:49:54
12837,716762,21036,home,1,4-3-3,1,1,1,328082,Janina Leitzig,Goalkeeper,1,0,0,-1,,,,0,0,-1,,,,2025-06-03 04:50:27
12837,716762,21036,home,1,4-3-3,1,1,17,317638,Julie Thibaud,Right Back,2,0,0,-1,,,,1,219962,4,219962.0,4500.0,75',2025-06-03 04:50:27
12837,716762,21036,home,1,4-3-3,1,1,12,304854,Asmita Ale,Left Back,3,0,0,-1,,,,0,0,-1,,,,2025-06-03 04:50:27
12837,716762,21036,home,1,4-3-3,1,1,11,257569,Janice Cayman,Center Midfielder,4,0,0,-1,,,,0,0,-1,,,,2025-06-03 04:50:27
12837,716762,21036,home,1,4-3-3,1,1,5,210382,Sophie Howard,Center Right Defender,5,0,0,-1,,,,0,0,-1,,,,2025-06-03 04:50:27
12837,716762,21036,home,1,4-3-3,1,1,31,248450,Chantelle Swaby,Center Left Defender,6,0,0,-1,,,,0,0,-1,,,,2025-06-03 04:50:27
12837,716762,21036,home,1,4-3-3,1,1,3,323495,Sam Tierney,Right Midfielder,7,0,0,-1,,,,0,0,-1,,,,2025-06-03 04:50:27
12837,716762,21036,home,1,4-3-3,1,1,29,256223,Yuka Momiki,Left Midfielder,8,0,0,-1,,,,1,288888,6,288888.0,5040.0,84',2025-06-03 04:50:27
12837,716762,21036,home,1,4-3-3,1,1,21,323496,Hannah Cain,Forward,9,0,0,-1,,,,1,270127,14,270127.0,4980.0,83',2025-06-03 04:50:27
12837,716762,21036,home,1,4-3-3,1,1,20,294600,Missy Goodwin,Right Forward,10,0,0,-1,,,,1,386685,53,386685.0,3600.0,60',2025-06-03 04:50:27
12837,716762,21036,home,1,4-3-3,1,1,28,344373,Shana Chossenotte,Left Forward,11,0,0,-1,,,,1,323505,27,323505.0,3600.0,60',2025-06-03 04:50:27
12837,716762,21036,home,1,4-3-3,1,0,25,395075,Karla Torres,Substitute,0,0,0,-1,,,,0,0,-1,,,,2025-06-03 04:50:27
12837,716762,21036,home,1,4-3-3,1,0,2,300518,Courtney Nevin,Substitute,0,0,0,-1,,,,0,0,-1,,,,2025-06-03 04:50:27
12837,716762,21036,home,1,4-3-3,1,0,13,288976,Olivia Clarke,Substitute,0,0,0,-1,,,,0,0,-1,,,,2025-06-03 04:50:27
12837,716762,21036,home,1,4-3-3,1,0,6,288888,Saori Takarada,Substitute,0,1,256223,29,256223.0,5040.0,84',0,0,-1,,,,2025-06-03 04:50:27
12837,716762,21036,home,1,4-3-3,1,0,14,270127,Hlin Eiriksdottir,Substitute,0,1,323496,21,323496.0,4980.0,83',0,0,-1,,,,2025-06-03 04:50:27
12837,716762,21036,home,1,4-3-3,1,0,4,219962,C.J. Bott,Substitute,0,1,317638,17,317638.0,4500.0,75',0,0,-1,,,,2025-06-03 04:50:27
12837,716762,21036,home,1,4-3-3,1,0,27,323505,Shannon O'Brien,Substitute,0,1,344373,28,344373.0,3600.0,60',0,0,-1,,,,2025-06-03 04:50:27
12837,716762,21036,home,1,4-3-3,1,0,47,376668,Simone Sherwood,Substitute,0,0,0,-1,,,,0,0,-1,,,,2025-06-03 04:50:27
12837,716762,21036,home,1,4-3-3,1,0,53,386685,Nelly Las,Substitute,0,1,294600,20,294600.0,3600.0,60',0,0,-1,,,,2025-06-03 04:50:27
12837,716762,19975,away,0,4-2-3-1,1,1,1,296372,Kinga Szemik,Goalkeeper,1,0,0,-1,,,,0,0,-1,,,,2025-05-12 04:49:54
12837,716762,19975,away,0,4-2-3-1,1,1,18,310225,Anouk Denton,Right Back,2,0,0,-1,,,,0,0,-1,,,,2025-05-12 04:49:54
12837,716762,19975,away,0,4-2-3-1,1,1,29,252347,Verena Hanshaw,Left Back,3,0,0,-1,,,,1,257540,2,257540.0,4740.0,79',2025-05-12 04:49:54
12837,716762,19975,away,0,4-2-3-1,1,1,22,219825,Katrina Gorry,Left Midfielder,4,0,0,-1,,,,1,362493,35,362493.0,5400.0,90',2025-05-12 04:49:54
12837,716762,19975,away,0,4-2-3-1,1,1,13,317807,Eva Nystrom,Center Right Defender,5,0,0,-1,,,,0,0,-1,,,,2025-05-12 04:49:54
12837,716762,19975,away,0,4-2-3-1,1,1,14,235712,Shelina Zadorsky,Center Left Defender,6,0,0,-1,,,,1,312251,5,312251.0,2700.0,45',2025-05-12 04:49:54
12837,716762,19975,away,0,4-2-3-1,1,1,11,298775,Manuela Paví,Attacking Midfielder Right,7,0,0,-1,,,,1,349057,4,349057.0,2700.0,45',2025-05-12 04:49:54
12837,716762,19975,away,0,4-2-3-1,1,1,77,330350,Seraina Piubel,Right Midfielder,8,0,0,-1,,,,1,312486,12,312486.0,4080.0,68',2025-05-12 04:49:54
12837,716762,19975,away,0,4-2-3-1,1,1,19,374905,Shekiera Martinez,Forward,9,0,0,-1,,,,0,0,-1,,,,2025-05-12 04:49:54
12837,716762,19975,away,0,4-2-3-1,1,1,9,287317,Riko Ueki,Attacking Midfielder,10,0,0,-1,,,,0,0,-1,,,,2025-05-12 04:49:54
12837,716762,19975,away,0,4-2-3-1,1,1,20,188069,Viviane Asseyi,Attacking Midfielder Left,11,0,0,-1,,,,0,0,-1,,,,2025-05-12 04:49:54
12837,716762,19975,away,0,4-2-3-1,1,0,17,264860,Camila Sáez,Substitute,0,0,0,-1,,,,0,0,-1,,,,2025-05-12 04:49:54
12837,716762,19975,away,0,4-2-3-1,1,0,2,257540,Kirsty Smith,Substitute,0,1,252347,29,252347.0,4740.0,79',0,0,-1,,,,2025-05-12 04:49:54
12837,716762,19975,away,0,4-2-3-1,1,0,35,362493,Princess Ademiluyi,Substitute,0,1,219825,22,219825.0,5400.0,90',0,0,-1,,,,2025-05-12 04:49:54
12837,716762,19975,away,0,4-2-3-1,1,0,7,350638,Marika Bergman-Lundin,Substitute,0,0,0,-1,,,,0,0,-1,,,,2025-05-12 04:49:54
12837,716762,19975,away,0,4-2-3-1,1,0,4,349057,Oona Siren,Substitute,0,1,298775,11,298775.0,2700.0,45',0,0,-1,,,,2025-05-12 04:49:54
12837,716762,19975,away,0,4-2-3-1,1,0,12,312486,Emma Harries,Substitute,0,1,330350,77,330350.0,4080.0,68',0,0,-1,,,,2025-05-12 04:49:54
12837,716762,19975,away,0,4-2-3-1,1,0,25,312461,Megan Walsh,Substitute,0,0,0,-1,,,,0,0,-1,,,,2025-05-12 04:49:54
12837,716762,19975,away,0,4-2-3-1,1,0,5,312251,Amber Tysiak,Substitute,0,1,235712,14,235712.0,2700.0,45',0,0,-1,,,,2025-05-12 04:49:54
12837,716762,19975,away,0,4-2-3-1,1,0,36,373408,Soraya Walsh,Substitute,0,0,0,-1,,,,0,0,-1,,,,2025-05-12 04:49:54
12837,716763,19972,home,0,4-4-1-1,1,1,1,209174,Courtney Brosnan,Goalkeeper,1,0,0,-1,,,,0,0,-1,,,,2025-05-12 04:49:54
12837,716763,19972,home,0,4-4-1-1,1,1,28,285191,Karen Holmgaard,Right Back,2,0,0,-1,,,,1,378053,4,378053.0,3480.0,58',2025-05-12 04:49:54
12837,716763,19972,home,0,4-4-1-1,1,1,6,303336,Honoka Hayashi,Left Back,3,0,0,-1,,,,1,364520,47,364520.0,4620.0,77',2025-05-12 04:49:54
12837,716763,19972,home,0,4-4-1-1,1,1,8,293328,Justine Vanhaevermaet,Center Right Midfielder,4,0,0,-1,,,,0,0,-1,,,,2025-05-12 04:49:54
12837,716763,19972,home,0,4-4-1-1,1,1,5,334991,Martina Fernández,Center Right Defender,5,0,0,-1,,,,0,0,-1,,,,2025-05-12 04:49:54
12837,716763,19972,home,0,4-4-1-1,1,1,27,349927,Elise Stenevik,Center Left Defender,6,0,0,-1,,,,0,0,-1,,,,2025-05-12 04:49:54
12837,716763,19972,home,0,4-4-1-1,1,1,25,270037,Katja Snoeijs,Right Midfielder,7,0,0,-1,,,,1,285178,26,,,,2025-05-12 04:49:54
12837,716763,19972,home,0,4-4-1-1,1,1,7,300568,Clare Wheeler,Center Left Midfielder,8,0,0,-1,,,,1,255465,22,255465.0,5220.0,87',2025-05-12 04:49:54
12837,716763,19972,home,0,4-4-1-1,1,1,9,211151,Toni Payne,Forward,9,0,0,-1,,,,1,361722,18,361722.0,3480.0,58',2025-05-12 04:49:54
12837,716763,19972,home,0,4-4-1-1,1,1,29,392349,Kelly Gago,Rear Center Forward,10,0,0,-1,,,,0,0,-1,,,,2025-05-12 04:49:54
12837,716763,19972,home,0,4-4-1-1,1,1,21,312559,Veatriki Sarri,Left Midfielder,11,0,0,-1,,,,0,0,-1,,,,2025-05-12 04:49:54
12837,716763,19972,home,0,4-4-1-1,1,0,40,384158,Ellie Jones,Substitute,0,0,0,-1,,,,0,0,-1,,,,2025-05-12 04:49:54
12837,716763,19972,home,0,4-4-1-1,1,0,4,378053,Issy Hobson,Substitute,0,1,285191,28,285191.0,3480.0,58',0,0,-1,,,,2025-05-12 04:49:54
12837,716763,19972,home,0,4-4-1-1,1,0,42,211994,Lauren Thomas,Substitute,0,0,0,-1,,,,0,0,-1,,,,2025-05-12 04:49:54
12837,716763,19972,home,0,4-4-1-1,1,0,47,364520,Karoline Olesen,Substitute,0,1,303336,6,303336.0,4620.0,77',0,0,-1,,,,2025-05-12 04:49:54
12837,716763,19972,home,0,4-4-1-1,1,0,24,335000,Kenzie Weir,Substitute,0,0,0,-1,,,,0,0,-1,,,,2025-05-12 04:49:54
12837,716763,19972,home,0,4-4-1-1,1,0,12,294254,Emily Ramsey,Substitute,0,0,0,-1,,,,0,0,-1,,,,2025-05-12 04:49:54
12837,716763,19972,home,0,4-4-1-1,1,0,26,285178,Rikke Madsen,Substitute,0,1,270037,25,270037.0,4620.0,77',0,0,-1,,,,2025-05-12 04:49:54
12837,716763,19972,home,0,4-4-1-1,1,0,22,255465,Aurora Galli,Substitute,0,1,300568,7,300568.0,5220.0,87',0,0,-1,,,,2025-05-12 04:49:54
12837,716763,19972,home,0,4-4-1-1,1,0,18,361722,Emma Watson,Substitute,0,1,211151,9,211151.0,3480.0,58',0,0,-1,,,,2025-05-12 04:49:54
12837,716763,20062,away,0,4-3-3,1,1,1,264730,Lize Kop,Goalkeeper,1,0,0,-1,,,,0,0,-1,,,,2025-05-12 04:49:54
12837,716763,20062,away,0,4-3-3,1,1,3,323599,Ella Morris,Right Back,2,0,0,-1,,,,0,0,-1,,,,2025-05-12 04:49:54
12837,716763,20062,away,0,4-3-3,1,1,6,314494,Amanda Nildén,Left Back,3,0,0,-1,,,,1,294265,29,294265.0,3720.0,62',2025-05-12 04:49:54
12837,716763,20062,away,0,4-3-3,1,1,24,286882,Drew Spence,Center Midfielder,4,0,0,-1,,,,1,267679,20,267679.0,5100.0,85',2025-05-12 04:49:54
12837,716763,20062,away,0,4-3-3,1,1,15,312233,Clare Hunt,Center Right Defender,5,0,0,-1,,,,0,0,-1,,,,2025-05-12 04:49:54
12837,716763,20062,away,0,4-3-3,1,1,5,312487,Molly Bartrip,Center Left Defender,6,0,0,-1,,,,0,0,-1,,,,2025-05-12 04:49:54
12837,716763,20062,away,0,4-3-3,1,1,10,320356,Maite Oroz,Right Midfielder,7,0,0,-1,,,,0,0,-1,,,,2025-05-12 04:49:54
12837,716763,20062,away,0,4-3-3,1,1,25,267666,Eveliina Summanen,Left Midfielder,8,0,0,-1,,,,1,226804,17,226804.0,4260.0,71',2025-05-12 04:49:54
12837,716763,20062,away,0,4-3-3,1,1,9,293410,Bethany England,Forward,9,0,0,-1,,,,0,0,-1,,,,2025-05-12 04:49:54
12837,716763,20062,away,0,4-3-3,1,1,11,314963,Olivia Holdt,Right Forward,10,0,0,-1,,,,1,300442,2,300442.0,3720.0,62',2025-05-12 04:49:54
12837,716763,20062,away,0,4-3-3,1,1,7,294268,Jessica Naz,Left Forward,11,0,0,-1,,,,1,355373,31,355373.0,5040.0,84',2025-05-12 04:49:54
12837,716763,20062,away,0,4-3-3,1,0,27,301685,Eleanor Heeps,Substitute,0,0,0,-1,,,,0,0,-1,,,,2025-05-12 04:49:54
12837,716763,20062,away,0,4-3-3,1,0,23,312494,Rosella Ayane,Substitute,0,0,0,-1,,,,0,0,-1,,,,2025-05-12 04:49:54
12837,716763,20062,away,0,4-3-3,1,0,12,314195,Josefine Rybrink,Substitute,0,0,0,-1,,,,0,0,-1,,,,2025-05-12 04:49:54
12837,716763,20062,away,0,4-3-3,1,0,2,300442,Charlotte Grant,Substitute,0,1,314963,11,314963.0,3720.0,62',0,0,-1,,,,2025-05-12 04:49:54
12837,716763,20062,away,0,4-3-3,1,0,29,294265,Ashleigh Neville,Substitute,0,1,314494,6,314494.0,3720.0,62',0,0,-1,,,,2025-05-12 04:49:54
12837,716763,20062,away,0,4-3-3,1,0,20,267679,Olga Ahtinen,Substitute,0,1,286882,24,286882.0,5100.0,85',0,0,-1,,,,2025-05-12 04:49:54
12837,716763,20062,away,0,4-3-3,1,0,17,226804,Martha Thomas,Substitute,0,1,267666,25,267666.0,4260.0,71',0,0,-1,,,,2025-05-12 04:49:54
12837,716763,20062,away,0,4-3-3,1,0,13,349567,Matilda Vinberg,Substitute,0,0,0,-1,,,,0,0,-1,,,,2025-05-12 04:49:54
12837,716763,20062,away,0,4-3-3,1,0,31,355373,Lenna Gunning-Williams,Substitute,0,1,294268,7,294268.0,5040.0,84',0,0,-1,,,,2025-05-12 04:49:54
